STATIONS_ID; MESS_DATUM; QUALITAETS_NIVEAU; LUFTTEMPERATUR;DAMPFDRUCK;BEDECKUNGSGRAD;LUFTDRUCK_STATIONSHOEHE;REL_FEUCHTE; WINDGESCHWINDIGKEIT; LUFTTEMPERATUR_MAXIMUM;LUFTTEMPERATUR_MINIMUM;LUFTTEMP_AM_ERDB_MINIMUM; WINDSPITZE_MAXIMUM; NIEDERSCHLAGSHOEHE;NIEDERSCHLAGSHOEHE_IND;SONNENSCHEINDAUER; SCHNEEHOEHE;eor
      161;20140809;   3;   20.4;  17.1;   4.7; 1001.73;   73.50;   2.7;   24.7;   16.1;   13.7;  11.6;   4.9;   4;    7.767;   0;eor
      161;20140810;   3;   19.3;  19.6;   6.8;  999.14;   87.21;   2.1;   24.3;   15.2;   13.5;   7.5;  20.1;   4;    1.850;   0;eor
      161;20140811;   3;   17.4;  13.0;   1.8; 1003.86;   67.83;   3.4;   22.6;   11.9;    9.0;  10.9;   0.2;   4;   11.567;   0;eor
      161;20140812;   3;   17.8;  12.7;   5.0; 1003.34;   64.50;   3.7;   22.5;   13.2;   10.8;  11.5;   0.0;   4;    9.650;   0;eor
      161;20140813;   3;   15.7;  15.5;   7.1;  997.97;   86.88;   1.3;   19.8;   11.8;    9.7;   7.2;  16.2;   4;    1.067;   0;eor
      161;20140814;   3;   15.3;  14.6;   5.8; 1002.48;   84.54;   2.2;   20.5;   10.3;    7.6;  11.0;  12.0;   4;    4.883;   0;eor
      161;20140815;   3;   14.3;  14.8;   7.0; 1004.33;   91.04;   1.0;   17.5;   11.6;    9.7;   5.1;  10.4;   4;    0.383;   0;eor
      161;20140816;   3;   16.1;  14.2;   6.4; 1009.78;   78.67;   1.9;   21.4;   12.1;   10.1;   9.9;   2.9;   4;    4.517;   0;eor
      161;20140817;   3;   16.6;  12.5;   5.3; 1004.19;   67.92;   3.7;   19.5;   11.5;    9.3;  13.0;   0.0;   4;    4.050;   0;eor
      161;20140818;   3;   16.8;  11.8;   6.0;  999.85;   63.08;   3.9;   21.3;   11.1;    8.1;  11.9;   0.7;   4;    5.833;   0;eor
      161;20140819;   3;   13.5;  12.1;   5.0; 1003.38;   79.79;   2.3;   20.5;    8.4;    5.2;  15.1;   4.2;   4;    5.400;   0;eor
      161;20140820;   3;   12.8;  10.7;   3.5; 1007.71;   75.00;   1.4;   19.4;    5.6;    2.6;   7.2;   0.0;   0;    6.533;   0;eor
      161;20140821;   3;   13.1;  10.7;   4.9; 1008.13;   74.67;   1.3;   19.9;    5.7;    2.8;   6.7;   0.0;   0;    4.317;   0;eor
      161;20140822;   3;   14.7;  11.4;   6.7; 1005.07;   70.92;   2.5;   20.1;    6.7;    4.2;   9.6;   0.1;   4;    1.217;   0;eor
      161;20140823;   3;   14.1;  12.5;   6.3; 1005.41;   78.79;   1.9;   20.1;    8.2;    5.3;   9.7;   2.2;   4;    3.683;   0;eor
      161;20140824;   3;   12.8;  11.8;   3.9; 1009.91;   81.08;   1.5;   18.6;    6.9;    3.8;   6.6;   0.5;   4;    7.200;   0;eor
      161;20140825;   3;   14.3;  13.8;   7.8; 1005.42;   85.96;   1.9;   20.1;    9.5;    9.2;   8.1;  27.1;   4;    1.817;   0;eor
      161;20140826;   3;   14.7;  16.1;   7.6;  997.00;   95.42;   1.5;   17.9;   12.7;   12.6;   4.6;  31.8;   4;    0.000;   0;eor
      161;20140827;   3;   16.3;  14.2;   3.0; 1006.40;   78.54;   1.3;   21.2;   11.9;    9.6;   6.5;   0.0;   0;    9.633;   0;eor
      161;20140828;   3;   17.5;  15.8;   5.0; 1007.33;   80.13;   1.9;   23.7;   10.7;    8.6;   8.0;   0.0;   4;    6.617;   0;eor
      161;20140829;   3;   18.4;  17.4;   6.2; 1007.39;   83.29;   1.8;   24.4;   13.4;   10.8;  10.4;   3.1;   4;    4.283;   0;eor
      161;20140830;   3;   16.5;  16.1;   7.7; 1008.72;   87.08;   1.8;   20.9;   12.1;   10.6;   9.2;   1.1;   4;    0.533;   0;eor
      161;20140831;   3;   14.9;  14.8;   6.9; 1006.73;   87.71;   1.3;   19.3;   12.8;   10.7;  10.1;  11.9;   4;    2.333;   0;eor
      161;20140901;   3;   15.4;  14.1;   6.8; 1011.55;   81.58;   1.7;   19.4;   11.8;    9.1;   7.6;   0.0;   0;    1.983;   0;eor
      161;20140902;   3;   15.9;  14.4;   5.8; 1013.00;   81.04;   1.8;   21.6;   10.3;    7.9;   7.9;   0.0;   0;    4.867;   0;eor
      161;20140903;   3;   16.2;  14.5;   5.8; 1013.11;   79.08;   2.1;   18.7;   11.5;    8.7;   8.1;   0.0;   0;    4.333;   0;eor
      161;20140904;   3;   17.7;  16.2;   7.8; 1009.29;   80.25;   2.2;   20.2;   14.0;   11.3;   8.3;   0.0;   4;    0.050;   0;eor
      161;20140905;   3;   19.3;  17.8;   3.7; 1005.52;   81.29;   1.0;   25.3;   15.1;   12.6;   3.6;   0.0;   0;    7.417;   0;eor
      161;20140906;   3;   18.4;  17.6;   5.2; 1004.20;   84.92;   1.4;   24.7;   13.1;   10.4;   6.2;   2.0;   4;    3.400;   0;eor
      161;20140907;   3;   18.7;  17.1;   5.6; 1005.95;   79.83;   1.7;   22.5;   16.2;   14.5;   5.9;   0.0;   0;    5.700;   0;eor
      161;20140908;   3;   18.5;  15.8;   3.8; 1008.36;   75.79;   2.2;   23.7;   14.7;   13.1;   6.5;   0.0;   0;    8.250;   0;eor
      161;20140909;   3;   15.7;  13.1;   2.2; 1010.62;   75.17;   2.4;   20.6;   11.2;    9.0;   6.7;   0.0;   0;    9.250;   0;eor
      161;20140910;   3;   15.3;  12.8;   7.8; 1010.12;   74.42;   2.5;   17.7;   13.1;   12.0;   6.5;   0.0;   0;    0.017;   0;eor
      161;20140911;   3;   16.0;  13.2;   6.0; 1008.89;   73.54;   2.7;   20.8;   11.8;    8.4;   9.9;   0.0;   4;    4.183;   0;eor
      161;20140912;   3;   15.3;  13.1;   5.6; 1011.14;   76.46;   3.6;   21.2;    9.9;    9.0;  11.9;   0.0;   4;    3.300;   0;eor
      161;20140913;   3;   16.7;  15.6;   7.8; 1013.41;   81.88;   2.7;   18.3;   15.2;   14.6;   8.2;   0.0;   4;    0.000;   0;eor
      161;20140914;   3;   16.3;  15.5;   5.4; 1010.92;   83.67;   2.1;   21.4;   11.8;    9.8;   7.3;   0.0;   0;    2.833;   0;eor
      161;20140915;   3;   16.0;  15.5;   5.5; 1007.76;   86.29;   1.4;   21.8;   10.3;    8.1;   6.2;   0.0;   0;    1.633;   0;eor
      161;20140916;   3;   17.1;  16.0;   3.5; 1006.24;   84.29;   1.4;   24.3;   12.2;    9.2;   6.4;   0.0;   0;    6.217;   0;eor
      161;20140917;   3;   16.8;  15.6;   2.1; 1003.90;   83.75;   1.5;   25.4;   10.4;    7.5;   6.2;   1.5;   4;    7.700;   0;eor
      161;20140918;   3;   18.1;  18.7;   5.7; 1002.47;   89.88;   1.6;   24.8;   12.7;   10.5;   7.8;   7.4;   4;    3.083;   0;eor
      161;20140919;   3;   19.4;  19.7;   5.6; 1003.31;   88.46;   1.3;   24.4;   16.2;   14.2;   6.0;   0.1;   4;    3.633;   0;eor
      161;20140920;   3;   17.5;  18.8;   6.2; 1005.65;   94.50;   1.0;   22.3;   14.2;   12.1;   4.4;  26.3;   4;    1.733;   0;eor
      161;20140921;   3;   15.7;  16.2;   5.6; 1007.49;   90.38;   1.7;   17.4;   12.1;    9.7;   8.6;   5.8;   4;    0.317;   0;eor
      161;20140922;   3;   12.7;  11.5;   3.9; 1011.13;   78.92;   2.6;   16.4;    7.4;    4.4;  17.6;   1.1;   4;    4.450;   0;eor
      161;20140923;   3;   10.2;  10.1;   4.2; 1012.23;   84.13;   1.1;   16.8;    6.1;    3.1;   4.1;   0.0;   0;    6.300;   0;eor
      161;20140924;   3;   11.6;  11.4;   6.8; 1005.11;   84.33;   1.3;   17.2;    6.7;    4.8;   5.6;   0.3;   4;    2.067;   0;eor
      161;20140925;   3;   14.2;  12.2;   7.0; 1010.57;   76.67;   1.8;   18.0;   10.2;    7.8;   6.7;   0.4;   4;    1.767;   0;eor
      161;20140926;   3;   14.8;  13.9;   7.6; 1015.71;   82.54;   1.2;   19.1;   10.5;    7.9;   5.4;   0.0;   4;    0.183;   0;eor
      161;20140927;   3;   16.3;  14.9;   3.9; 1018.62;   82.25;   1.0;   22.3;   10.2;    7.4;   4.5;   0.0;   0;    7.617;   0;eor
      161;20140928;   3;   14.6;  14.7;   3.0; 1015.47;   89.00;   1.3;   23.4;    8.4;    6.2;   5.8;   0.0;   0;    6.617;   0;eor
      161;20140929;   3;   16.3;  16.3;   6.8; 1014.63;   88.46;   1.3;   23.3;   10.9;    8.1;   5.0;   1.7;   4;    2.700;   0;eor
      161;20140930;   3;   17.0;  17.2;   6.3; 1016.25;   89.04;   0.9;   21.4;   12.5;   10.0;   3.0;   0.0;   0;    1.683;   0;eor
      161;20141001;   3;   15.9;  15.7;   4.3; 1018.07;   88.21;   1.0;   22.5;   11.5;    9.1;   3.3;   0.0;   0;    4.650;   0;eor
      161;20141002;   3;   15.0;  14.8;   4.2; 1019.55;   88.42;   1.0;   22.4;   10.6;    7.7;   2.8;   0.0;   0;    5.717;   0;eor
      161;20141003;   3;   14.2;  14.2;   2.8; 1016.08;   88.67;   1.1;   22.2;    9.3;    6.2;   4.7;   0.0;   4;    5.850;   0;eor
      161;20141004;   3;   13.5;  12.8;   2.7; 1008.76;   84.83;   1.9;   21.1;    8.5;    5.4;   9.2;   0.0;   0;    7.333;   0;eor
      161;20141005;   3;   12.1;  13.6;   6.5; 1007.63;   95.54;   1.6;   14.4;    9.2;    6.9;   7.0;   0.0;   4;    0.050;   0;eor
      161;20141006;   3;   14.6;  14.0;   6.6; 1002.29;   84.42;   2.4;   18.9;   11.9;   10.6;   9.0;   3.6;   4;    1.717;   0;eor
      161;20141007;   3;   13.9;  13.9;   7.0;  996.43;   87.25;   2.7;   17.6;   10.0;    7.4;  10.3;   8.4;   4;    0.733;   0;eor
      161;20141008;   3;   12.9;  14.6;   7.5;  998.47;   97.21;   1.3;   16.1;    9.3;    7.0;   5.5;  17.5;   4;    0.000;   0;eor
      161;20141009;   3;   15.5;  16.4;   6.9;  999.13;   92.33;   1.6;   17.9;   11.6;    8.4;   5.4;   7.7;   4;    0.000;   0;eor
      161;20141010;   3;   14.2;  14.6;   7.1; 1005.99;   90.71;   1.3;   18.2;   10.8;    8.7;   5.1;   0.0;   4;    0.617;   0;eor
      161;20141011;   3;   15.3;  15.1;   5.3; 1005.08;   87.38;   1.4;   20.7;    9.9;    6.5;   6.3;   0.0;   0;    3.483;   0;eor
      161;20141012;   3;   12.3;  13.4;   5.8; 1004.21;   93.29;   1.4;   17.4;    7.7;    5.1;   5.9;   3.4;   4;    1.267;   0;eor
      161;20141013;   3;   14.6;  14.9;   5.0;  998.19;   90.25;   1.7;   19.4;    9.6;    6.8;   8.1;   0.1;   4;    1.800;   0;eor
      161;20141014;   3;   12.5;  12.8;   5.4;  999.94;   89.88;   1.5;   19.6;    8.5;    5.4;   8.2;   0.0;   0;    3.950;   0;eor
      161;20141015;   3;   12.3;  12.4;   5.5;  999.13;   87.42;   1.6;   17.0;    6.8;    3.4;   9.9;   0.9;   4;    5.233;   0;eor
      161;20141016;   3;   14.6;  14.7;   6.4;  998.09;   89.04;   1.8;   18.8;   11.3;    8.8;   9.7;   4.7;   4;    2.067;   0;eor
      161;20141017;   3;   13.9;  14.4;   5.9; 1005.63;   91.13;   1.1;   19.1;    9.1;    6.7;   8.7;   0.1;   4;    0.600;   0;eor
      161;20141018;   3;   13.6;  14.3;   3.4; 1011.73;   92.29;  -999;   21.1;    9.4;    7.9;   6.4;   0.0;   0;    6.617;   0;eor
      161;20141019;   3;   16.3;  16.0;   4.3; 1009.37;   86.63;  -999;   22.5;    9.8;    7.8;  13.0;   0.0;   4;    6.250;   0;eor
      161;20141020;   3;   14.9;  12.4;   4.5; 1008.48;   74.17;   2.0;   18.7;    7.8;    4.3;   8.8;   0.0;   0;    3.717;   0;eor
      161;20141021;   3;   11.1;  10.9;   5.3; 1000.09;   82.25;  -999;   14.3;    7.2;    3.7;  16.4;   7.1;   4;    0.317;   0;eor
      161;20141022;   3;    9.1;   9.2;   7.0; 1008.65;   80.08;  -999;   12.0;    6.6;    4.9;  15.1;   3.0;   4;    0.800;   0;eor
      161;20141023;   3;   10.2;  10.7;   7.3; 1014.89;   85.25;  -999;   13.1;    6.2;    3.6;   8.1;   0.0;   4;    0.000;   0;eor
      161;20141024;   3;   11.3;  10.9;   6.0; 1012.22;   82.21;  -999;   15.2;    7.1;    4.1;   6.6;   2.3;   4;    5.867;   0;eor
      161;20141025;   3;   11.9;  12.8;   8.0; 1011.62;   91.96;  -999;   13.9;    9.9;    9.0;   5.0;   0.8;   4;    0.000;   0;eor
      161;20141026;   3;   11.2;  11.8;   5.5; 1016.88;   89.63;  -999;   15.8;    6.6;    4.3;   4.5;   0.1;   4;    4.067;   0;eor
      161;20141027;   3;    8.9;  10.9;   6.8; 1016.78;   95.00;  -999;   13.2;    6.0;    2.8;   6.5;   0.1;   4;    0.000;   0;eor
      161;20141028;   3;    8.0;   8.8;   8.0; 1011.97;   82.08;  -999;    9.2;    6.1;    4.2;   7.8;   0.0;   0;    0.000;   0;eor
      161;20141029;   3;    9.2;  10.4;   5.0; 1009.51;   88.96;  -999;   13.5;    2.7;   -1.3;   5.6;   3.0;   4;    5.000;   0;eor
      161;20141030;   3;   12.7;  13.7;   7.7; 1014.76;   93.46;  -999;   16.0;   10.5;    8.6;   3.9;   0.0;   0;    0.083;   0;eor
      161;20141031;   3;   12.1;  13.1;   4.5; 1015.53;   93.21;   1.2;   17.5;    7.8;    5.0;   4.8;   0.0;   0;    1.067;   0;eor
      161;20141101;   3;   11.9;  13.1;   5.2; 1012.55;   93.92;   1.4;   18.7;    8.2;    4.6;   4.7;   0.0;   0;    3.833;   0;eor
      161;20141102;   3;   11.2;  12.8;   7.0; 1006.57;   96.04;   1.1;   15.2;    7.9;    5.5;   5.4;   0.3;   4;    0.000;   0;eor
      161;20141103;   3;   14.3;  13.5;   7.5;  994.40;   82.75;   3.3;   16.1;   12.2;   11.4;  11.5;   5.1;   4;    0.183;   0;eor
      161;20141104;   3;   11.5;  12.3;   7.3;  986.97;   90.29;   1.8;   13.3;    9.2;    8.7;   9.1;  12.7;   4;    0.000;   0;eor
      161;20141105;   3;    9.3;  10.7;   6.7;  993.98;   91.29;   1.2;   11.4;    6.2;    3.6;   5.8;   0.0;   0;    0.000;   0;eor
      161;20141106;   3;    5.6;   8.3;   4.0; 1002.89;   91.88;   1.7;    9.4;    0.8;   -2.1;   7.4;   0.0;   4;    1.583;   0;eor
      161;20141107;   3;    5.0;   8.2;   6.5;  999.76;   92.67;   2.1;    9.3;   -0.1;   -3.2;   7.5;   0.1;   4;    1.500;   0;eor
      161;20141108;   3;    9.4;   9.6;   3.9; 1002.69;   81.92;   2.1;   14.0;    3.5;    1.0;   9.7;   0.0;   0;    5.250;   0;eor
      161;20141109;   3;    5.7;   8.9;   6.5; 1000.78;   96.79;   1.0;    9.9;    2.0;   -1.1;   2.9;   1.1;   4;    1.100;   0;eor
      161;20141110;   3;    8.2;  10.4;   5.6; 1002.58;   95.17;   1.1;   12.4;    3.4;    0.4;   4.9;   0.0;   4;    0.500;   0;eor
      161;20141111;   3;    8.5;  10.0;   7.3;  998.93;   90.38;   2.1;   12.6;    4.1;    3.6;   6.9;   0.0;   4;    3.800;   0;eor
      161;20141112;   3;    9.3;  10.9;   7.5;  996.80;   92.96;   1.1;   10.8;    8.0;    6.6;   4.2;   0.8;   4;    0.000;   0;eor
      161;20141113;   3;    9.2;  11.1;   7.4; 1003.90;   94.75;   1.4;   11.5;    6.0;    2.6;   5.6;   0.0;   0;    0.133;   0;eor
      161;20141114;   3;   10.5;  10.5;   6.5;  999.79;   83.08;   2.5;   14.1;    7.4;    4.8;   9.0;   0.5;   4;    2.067;   0;eor
      161;20141115;   3;    9.6;  11.0;   7.8;  994.04;   92.17;   1.6;   11.8;    6.5;    4.4;   6.0;  10.1;   4;    0.000;   0;eor
      161;20141116;   3;    8.5;  10.7;   6.8;  992.60;   95.96;   1.1;    9.7;    5.9;    2.4;   4.3;   4.7;   4;    0.267;   0;eor
      161;20141117;   3;    9.2;  10.6;   7.6;  996.50;   90.96;   1.7;   11.3;    7.6;    4.8;   6.3;   0.2;   4;    1.083;   0;eor
      161;20141118;   3;    8.8;  10.6;   7.7; 1000.26;   93.42;   1.6;   10.1;    7.6;    6.6;   5.2;   1.2;   4;    0.000;   0;eor
      161;20141119;   3;    8.0;   9.7;   6.5; 1011.08;   90.08;   1.5;   10.8;    3.2;    0.4;   4.3;   0.0;   0;    1.000;   0;eor
      161;20141120;   3;    6.4;   8.6;   7.9; 1017.63;   90.58;   1.6;    8.2;    3.8;    3.2;   5.9;   0.0;   0;    0.033;   0;eor
      161;20141121;   3;    6.3;   7.9;   3.3; 1013.62;   83.17;   1.8;   10.0;    1.5;   -1.5;   6.5;   0.0;   0;    5.817;   0;eor
      161;20141122;   3;    5.3;   8.2;   2.8; 1011.48;   91.13;   1.3;   10.9;    1.0;   -1.6;   4.7;   0.0;   0;    3.850;   0;eor
      161;20141123;   3;    5.9;   8.6;   5.2; 1010.83;   92.50;   1.7;   10.5;    1.2;   -0.4;   6.2;   0.2;   4;    3.817;   0;eor
      161;20141124;   3;    6.9;   9.1;   4.8; 1015.03;   90.50;   1.9;   10.5;    0.4;   -2.0;   6.9;   0.7;   4;    1.967;   0;eor
      161;20141125;   3;    3.0;   7.3;   6.4; 1015.61;   95.58;   1.2;    6.4;    1.1;   -1.5;   4.8;   0.0;   0;    2.417;   0;eor
      161;20141126;   3;    5.1;   7.2;   8.0; 1007.85;   82.38;   3.3;    5.8;    4.1;    3.2;   6.8;   0.5;   4;    0.000;   0;eor
      161;20141127;   3;    6.1;   7.9;   8.0; 1001.41;   83.75;   2.6;    7.3;    5.4;    4.9;   6.7;   0.2;   4;    0.000;   0;eor
      161;20141128;   3;    5.6;   7.8;   8.0; 1002.35;   85.63;   3.4;    6.6;    4.7;    4.0;   9.1;   0.0;   0;    0.000;   0;eor
      161;20141129;   3;    4.2;   7.0;   8.0; 1006.40;   85.08;   3.6;    4.8;    3.7;    3.4;   7.7;   0.0;   0;    0.000;   0;eor
      161;20141130;   3;    3.6;   7.0;   8.0; 1004.09;   88.75;   2.7;    4.1;    3.0;    2.7;   6.0;   0.0;   4;    0.000;   0;eor
      161;20141201;   3;    3.3;   6.5;   8.0; 1001.80;   84.33;   3.1;    4.2;    1.1;    1.0;   7.6;   0.1;   4;    0.000;   0;eor
      161;20141202;   3;    1.7;   6.2;   7.9; 1004.43;   89.58;   1.4;    2.6;    1.0;    0.8;   3.9;   0.5;   4;    0.000;   0;eor
      161;20141203;   3;    2.0;   6.2;   7.8; 1009.95;   87.58;   2.2;    2.7;    1.4;    1.0;   6.8;   0.3;   4;    0.000;   0;eor
      161;20141204;   3;    2.3;   6.4;   8.0; 1007.78;   88.08;   1.3;    3.0;    1.4;    1.0;   4.4;   0.0;   4;    0.000;   0;eor
      161;20141205;   3;    4.0;   7.2;   8.0; 1009.84;   88.92;   0.9;    5.2;    2.6;    0.0;   2.9;   0.0;   4;    0.000;   0;eor
      161;20141206;   3;    4.3;   7.7;   7.8; 1014.35;   92.63;   0.9;    5.5;    2.2;   -0.1;   4.0;   0.5;   4;    0.000;   0;eor
      161;20141207;   3;    3.9;   7.0;   6.2; 1012.56;   87.08;   2.1;    6.8;    1.6;   -0.4;   9.8;   1.4;   4;    4.000;   0;eor
      161;20141208;   3;    3.4;   6.6;   4.8; 1010.36;   84.21;   2.3;    5.6;    1.3;   -0.9;   7.5;   1.1;   4;    3.517;   0;eor
      161;20141209;   3;    2.6;   6.8;   7.3; 1017.86;   91.79;   1.1;    4.3;    0.5;   -2.5;   6.0;   0.3;   4;    0.000;   0;eor
      161;20141210;   3;    4.6;   7.0;   6.4; 1010.97;   82.63;   4.4;    6.2;    3.4;    1.9;  12.4;   0.5;   4;    1.450;   0;eor
      161;20141211;   3;    5.6;   7.7;   6.4; 1003.45;   84.38;   3.6;    7.6;    1.9;   -1.8;  14.9;   1.7;   4;    0.000;   0;eor
      161;20141212;   3;    8.6;   9.3;   7.5;  995.33;   83.13;   4.6;   10.7;    6.5;    5.2;  11.7;   8.4;   4;    0.000;   0;eor
      161;20141213;   3;    4.0;   7.7;   7.5; 1002.10;   93.67;   1.4;    7.8;    2.0;    1.7;   4.2;  12.3;   4;    0.000;   0;eor
      161;20141214;   3;    2.2;   6.7;   6.7; 1008.03;   93.08;   1.2;    5.1;   -1.8;   -4.6;   4.9;   0.0;   0;    0.433;   0;eor
      161;20141215;   3;    3.2;   6.6;   6.9; 1006.77;   86.33;   2.2;    5.1;    0.0;   -3.6;   9.0;   0.1;   4;    0.000;   0;eor
      161;20141216;   3;    5.6;   7.9;   7.4; 1004.81;   87.00;   1.5;    7.5;    3.7;    0.1;   6.9;   0.2;   4;    0.717;   0;eor
      161;20141217;   3;    6.0;   8.3;   7.5; 1000.73;   87.67;   2.5;    9.6;    2.5;   -1.2;  10.7;   2.7;   4;    0.000;   0;eor
      161;20141218;   3;   11.9;  11.8;   7.9; 1004.17;   84.83;   2.9;   14.5;    8.3;    7.1;  13.9;   0.0;   4;    0.017;   0;eor
      161;20141219;   3;   10.6;  10.2;   6.2; 1006.61;   79.04;   5.1;   12.8;    5.4;    2.9;  16.1;   3.8;   4;    0.000;   0;eor
      161;20141220;   3;    5.9;   7.0;   4.3; 1014.16;   75.58;   3.7;    8.5;    1.1;   -1.5;  15.1;   4.1;   4;    0.000;   0;eor
      161;20141221;   3;    6.3;   7.9;   6.5; 1020.16;   82.46;   3.5;    7.9;    1.8;   -1.0;  11.1;   0.0;   4;    0.417;   0;eor
      161;20141222;   3;    8.9;   9.1;   6.8; 1013.63;   79.83;   4.5;   11.0;    7.2;    6.7;  12.9;   0.0;   4;    0.000;   0;eor
      161;20141223;   3;   10.9;   9.7;   7.6; 1012.19;   74.04;   3.5;   12.1;    8.6;    7.9;   8.9;   0.0;   4;    0.000;   0;eor
      161;20141224;   3;    8.5;   8.7;   7.6; 1009.68;   78.38;   4.8;   10.5;    6.8;    5.2;  14.6;   3.6;   4;    0.383;   0;eor
      161;20141225;   3;    4.9;   6.8;   6.2; 1015.85;   79.33;   3.0;    8.1;    0.5;   -2.2;  10.9;   3.3;   4;    0.467;   0;eor
      161;20141226;   3;    2.6;   7.0;   7.4; 1018.75;   95.25;   1.1;    4.4;    0.7;   -1.2;   4.4;   2.2;   4;    0.467;   0;eor
      161;20141227;   3;    1.4;   5.9;   7.7;  993.42;   87.00;   4.6;    3.1;   -0.3;   -1.0;  11.5;   2.1;   4;    0.000;   0;eor
      161;20141228;   3;   -2.5;   3.5;   2.0; 1013.68;   69.54;   3.3;   -0.3;   -5.5;   -8.7;   8.9;   2.4;   4;    7.167;   0;eor
      161;20141229;   3;    0.0;   5.2;   7.5; 1024.02;   85.25;   2.1;    3.1;   -4.6;   -7.3;   8.9;   3.6;   4;    0.150;   3;eor
      161;20141230;   3;    1.8;   6.2;   7.9; 1026.57;   89.63;   1.2;    4.4;   -0.8;   -2.8;   8.2;   0.0;   4;    0.000;   2;eor
      161;20141231;   3;    2.2;   6.9;   7.9; 1026.51;   95.67;   0.6;    3.4;    0.9;    0.3;   2.5;   0.1;   4;    0.000;   0;eor
      161;20150101;   3;    1.2;   6.3;   5.7; 1026.82;   94.58;   2.0;    3.0;   -0.1;   -1.1;   7.0;   0.0;   4;    1.233;   0;eor
      161;20150102;   3;    3.7;   6.6;   5.2; 1020.56;   81.79;   4.3;    6.1;    1.0;   -1.8;  10.4;   0.6;   4;    0.050;   0;eor
      161;20150103;   3;    2.1;   6.5;   7.4; 1016.38;   91.33;   1.8;    4.0;    0.3;   -1.3;   7.8;  13.2;   4;    0.000;   0;eor
      161;20150104;   3;    3.8;   6.8;   5.1; 1023.48;   85.33;   2.1;    6.3;    1.0;   -1.7;   7.9;   0.0;   0;    3.517;   0;eor
      161;20150105;   3;   -1.3;   5.4;   4.8; 1024.53;   97.21;   1.0;    1.8;   -3.0;   -6.3;   3.0;   0.0;   4;    0.000;   0;eor
      161;20150106;   3;   -1.5;   5.4;   7.2; 1016.53;   97.79;   1.5;    1.3;   -3.4;   -3.8;   4.4;   1.2;   4;    0.750;   0;eor
      161;20150107;   3;    2.1;   6.4;   5.8; 1019.97;   90.08;   2.2;    5.6;    0.5;   -0.7;   8.0;   4.7;   4;    4.867;   0;eor
      161;20150108;   3;    6.5;   8.5;   7.8; 1015.78;   87.42;   3.4;   10.0;    2.7;    2.2;  14.7;   8.3;   4;    0.000;   0;eor
      161;20150109;   3;    9.4;   9.3;   7.1; 1012.76;   78.54;   4.2;   15.6;    4.2;    1.3;  15.3;   6.9;   4;    0.000;   0;eor
      161;20150110;   3;   13.0;  10.7;   6.8; 1005.33;   69.79;   5.4;   16.1;    5.5;    2.7;  15.8;   1.6;   4;    0.300;   0;eor
      161;20150111;   3;    5.4;   5.8;   5.5; 1011.10;   65.38;   4.3;    7.1;    3.3;    0.2;  15.9;   0.0;   4;    1.867;   0;eor
      161;20150112;   3;    6.9;   7.7;   7.4; 1011.01;   77.92;   5.5;    8.6;    5.1;    3.9;  15.4;   0.0;   4;    0.000;   0;eor
      161;20150113;   3;    9.5;   8.4;   6.0; 1001.95;   70.71;   4.6;   13.3;    6.2;    3.1;  12.5;   1.5;   4;    4.700;   0;eor
      161;20150114;   3;    5.0;   6.9;   4.6; 1003.00;   79.50;   3.5;    8.8;    0.4;   -3.1;  17.3;   0.1;   4;    1.067;   0;eor
      161;20150115;   3;    8.8;   8.2;   7.7;  996.10;   72.75;   4.6;   12.3;    1.9;   -0.1;  15.0;   0.0;   4;    0.667;   0;eor
      161;20150116;   3;    6.4;   8.0;   7.4;  997.97;   82.88;   1.5;    8.9;    3.1;    0.5;   5.8;   0.1;   4;    0.000;   0;eor
      161;20150117;   3;    3.0;   6.4;   4.4; 1005.94;   84.17;   1.4;    6.4;   -2.0;   -5.9;   5.6;   0.0;   0;    3.050;   0;eor
      161;20150118;   3;    1.5;   5.3;   3.9; 1006.55;   78.92;   1.9;    5.5;   -3.2;   -6.9;   7.7;   0.0;   0;    1.633;   0;eor
      161;20150119;   3;   -0.2;   5.3;   7.2; 1003.22;   88.04;   1.1;    2.3;   -3.2;   -6.0;   4.1;   0.1;   4;    0.267;   0;eor
      161;20150120;   3;    0.7;   5.6;   8.0; 1003.55;   87.29;   1.3;    2.2;   -0.8;   -3.9;   5.7;   0.0;   4;    0.150;   0;eor
      161;20150121;   3;    0.2;   5.1;   7.5; 1003.42;   83.08;   1.4;    2.1;   -2.7;   -5.7;   5.0;   0.0;   0;    0.133;   0;eor
      161;20150122;   3;    1.3;   5.1;   8.0; 1007.31;   76.71;   2.6;    1.9;    0.4;   -1.0;   7.4;   0.0;   0;    0.000;   0;eor
      161;20150123;   3;    1.0;   5.5;   5.8; 1015.38;   84.67;   3.0;    2.6;   -2.0;   -5.0;   8.5;   0.0;   0;    1.500;   0;eor
      161;20150124;   3;    0.8;   5.9;   7.1; 1013.39;   91.00;   2.4;    2.4;   -1.3;   -2.6;   6.8;   7.2;   4;    0.000;   0;eor
      161;20150125;   3;    1.6;   6.4;   6.9; 1020.20;   93.42;   1.3;    2.7;    0.2;   -2.1;   6.4;   5.3;   4;    0.000;   6;eor
      161;20150126;   3;    2.4;   6.8;   7.7; 1013.37;   93.58;   1.7;    5.6;    0.8;    0.0;  10.4;   6.8;   4;    0.000;   1;eor
      161;20150127;   3;    4.1;   7.3;   7.5; 1013.42;   89.21;   2.4;    5.9;    2.7;    0.9;   9.1;   7.2;   4;    0.017;   0;eor
      161;20150128;   3;    4.0;   6.9;   7.1; 1001.30;   85.33;   3.6;    6.2;    0.9;   -1.5;  16.0;   2.6;   4;    0.000;   0;eor
      161;20150129;   3;    2.9;   6.2;   5.6;  979.66;   82.29;   3.6;    5.9;    0.3;   -3.2;   9.9;   3.1;   4;    0.000;   0;eor
      161;20150130;   3;    2.5;   5.5;   6.6;  968.61;   76.00;   2.9;    4.7;    1.0;   -1.3;   8.8;   0.0;   4;    0.000;   0;eor
      161;20150131;   3;    2.2;   5.6;   6.0;  974.33;   78.21;   2.7;    5.0;   -1.0;   -3.4;  10.0;   0.0;   0;    0.000;   0;eor
      161;20150201;   3;    0.4;   5.9;   7.0;  982.38;   93.46;   1.2;    2.9;   -2.2;   -5.4;   7.7;   3.7;   4;    0.000;   0;eor
      161;20150202;   3;    2.6;   5.9;   7.4;  991.90;   79.54;   2.2;    4.2;    1.0;   -0.6;   9.0;   0.3;   4;    0.000;   0;eor
      161;20150203;   3;    1.0;   5.6;   6.5;  995.79;   85.42;   1.1;    3.6;   -2.0;   -5.7;   5.8;   0.1;   4;    0.000;   0;eor
      161;20150204;   3;   -0.2;   4.9;   3.8; 1004.89;   82.29;   2.3;    2.8;   -4.7;   -8.4;   6.9;   0.0;   0;    4.317;   0;eor
      161;20150205;   3;   -1.8;   4.0;   5.8; 1012.10;   75.63;   3.0;    1.5;   -5.8;  -10.0;   9.8;   0.0;   4;    1.133;   0;eor
      161;20150206;   3;    0.6;   3.7;   3.4; 1016.46;   58.38;   3.9;    3.8;   -2.8;   -8.0;  13.7;   0.0;   0;    5.333;   0;eor
      161;20150207;   3;   -0.4;   4.4;   2.3; 1020.85;   73.92;   2.5;    4.2;   -6.6;   -9.5;   8.1;   0.9;   4;    8.650;   0;eor
      161;20150208;   3;    3.3;   5.8;   6.0; 1019.91;   74.88;   3.4;    4.8;    0.3;   -3.5;  11.1;   1.2;   4;    1.117;   0;eor
      161;20150209;   3;    4.5;   7.4;   7.7; 1020.67;   88.13;   2.1;    5.8;    1.4;    0.4;  11.4;   1.7;   4;    0.000;   0;eor
      161;20150210;   3;    5.2;   7.7;   8.0; 1021.79;   87.00;   1.9;    6.2;    4.1;    3.0;   5.9;   0.1;   4;    0.000;   0;eor
      161;20150211;   3;    3.6;   6.4;   7.1; 1017.68;   80.92;   2.9;    4.7;    2.0;   -2.4;   7.0;   0.0;   0;    0.683;   0;eor
      161;20150212;   3;    2.3;   6.2;   5.8; 1014.15;   85.25;   2.2;    4.5;   -0.2;   -4.1;   5.6;   0.0;   0;    1.517;   0;eor
      161;20150213;   3;    2.1;   6.0;   4.0; 1008.73;   84.13;   2.6;    6.0;   -1.7;   -4.7;   7.4;   0.0;   0;    5.267;   0;eor
      161;20150214;   3;    3.4;   6.3;   4.6; 1001.53;   81.54;   2.1;    9.7;   -2.2;   -5.8;   8.8;   0.0;   0;    4.833;   0;eor
      161;20150215;   3;    2.2;   5.6;   0.2; 1004.58;   79.17;   1.1;    8.9;   -3.0;   -6.8;   5.1;   0.0;   0;    9.017;   0;eor
      161;20150216;   3;    1.4;   5.7;   7.3; 1011.15;   84.00;   2.3;    3.9;   -2.7;   -6.4;   6.4;   0.0;   0;    0.000;   0;eor
      161;20150217;   3;    3.1;   6.5;   8.0; 1023.37;   84.46;   1.4;    4.9;    1.5;    0.9;   4.8;   0.0;   4;    0.017;   0;eor
      161;20150218;   3;    4.2;   6.9;   7.0; 1030.38;   84.00;   1.2;    6.8;   -1.7;   -5.8;   4.7;   0.0;   0;    0.000;   0;eor
      161;20150219;   3;    0.7;   5.4;   7.6; 1021.54;   84.42;   3.2;    2.2;   -2.2;   -6.0;   9.0;   0.0;   0;    0.000;   0;eor
      161;20150220;   3;    6.7;   6.9;   7.5; 1003.71;   71.17;   3.0;   11.3;    1.1;   -0.6;  14.6;   0.0;   4;    1.650;   0;eor
      161;20150221;   3;    5.0;   6.8;   6.8;  991.23;   78.13;   2.2;    7.7;    0.2;   -2.8;   9.3;   0.4;   4;    0.983;   0;eor
      161;20150222;   3;    3.8;   5.8;   4.5; 1000.09;   73.67;   1.8;    8.6;    0.0;   -4.8;   7.7;   0.2;   4;    6.017;   0;eor
      161;20150223;   3;    3.6;   6.6;   7.5;  990.48;   83.79;   3.1;    6.2;    0.3;   -0.2;  13.7;   5.7;   4;    0.067;   0;eor
      161;20150224;   3;    5.1;   6.7;   5.6;  998.50;   76.71;   3.3;    8.0;    1.9;   -1.6;  14.1;   0.0;   4;    5.317;   0;eor
      161;20150225;   3;    3.8;   6.8;   5.5; 1009.61;   85.58;   2.1;    8.1;   -1.1;   -5.0;   8.3;   6.6;   4;    5.167;   0;eor
      161;20150226;   3;    6.1;   7.9;   7.6; 1008.46;   84.79;   2.0;    9.6;    1.9;   -1.3;   7.2;  10.0;   4;    0.817;   0;eor
      161;20150227;   3;    5.0;   7.5;   6.9; 1005.42;   85.88;   2.8;    6.3;    0.4;   -2.2;  13.2;   2.1;   4;    0.000;   0;eor
      161;20150228;   3;    2.1;   5.5;   2.5; 1010.13;   79.46;   2.0;    8.0;   -2.8;   -6.6;   9.8;   0.4;   4;    6.033;   0;eor
      161;20150301;   3;    7.7;   7.6;   7.5;  996.69;   71.88;   3.3;   13.4;    4.3;    2.6;  13.4;   0.5;   4;    0.883;   0;eor
      161;20150302;   3;    5.9;   6.6;   4.4;  998.46;   71.58;   3.5;   10.7;    1.8;   -1.8;  17.8;   4.3;   4;    0.683;   0;eor
      161;20150303;   3;    5.2;   6.3;   5.1; 1010.03;   72.50;   4.0;   11.1;    0.2;   -3.5;  15.6;   4.5;   4;    3.883;   0;eor
      161;20150304;   3;    4.8;   6.3;   4.1; 1016.87;   74.79;   3.0;    8.5;    0.6;   -2.8;  12.6;   0.2;   4;    5.767;   0;eor
      161;20150305;   3;    5.1;   6.7;   6.2; 1027.66;   76.88;   2.9;    8.1;    0.4;   -2.8;  14.1;   0.0;   4;    3.250;   0;eor
      161;20150306;   3;    3.3;   6.2;   3.3; 1027.62;   82.21;   1.1;    9.9;   -2.4;   -5.6;   4.5;   0.0;   0;    2.267;   0;eor
      161;20150307;   3;    4.3;   6.2;   3.4; 1023.07;   77.33;   1.6;   13.2;   -2.5;   -5.5;   7.7;   0.0;   0;    4.100;   0;eor
      161;20150308;   3;    6.1;   6.8;   1.3; 1016.85;   75.25;   1.2;   16.4;   -1.9;   -5.3;   4.2;   0.0;   0;    8.867;   0;eor
      161;20150309;   3;    7.2;   8.1;   2.9; 1017.31;   80.88;   1.0;   15.2;    0.8;   -2.5;   4.2;   0.0;   0;    5.083;   0;eor
      161;20150310;   3;    4.9;   8.4;   6.0; 1018.79;   96.33;   1.0;   10.0;    0.4;   -2.8;   4.2;   0.9;   4;    0.000;   0;eor
      161;20150311;   3;    4.7;   6.4;   1.5; 1021.63;   77.25;   1.5;   11.2;   -0.8;   -4.6;   5.6;   0.0;   0;    9.367;   0;eor
      161;20150312;   3;    4.0;   5.8;   0.3; 1020.99;   73.71;   1.6;   12.2;   -3.0;   -7.1;   7.6;   0.0;   0;   10.867;   0;eor
      161;20150313;   3;    4.1;   5.4;   4.2; 1015.81;   67.88;   3.1;    7.9;   -2.0;   -6.4;   9.3;   0.0;   0;    3.850;   0;eor
      161;20150314;   3;    4.9;   6.3;   7.8; 1016.89;   73.21;   2.1;    7.8;    1.7;   -2.5;   6.3;   1.4;   4;    0.000;   0;eor
      161;20150315;   3;    4.8;   7.1;   6.8; 1016.31;   82.21;   2.2;    7.5;   -0.1;   -3.3;   7.2;   1.1;   4;    0.000;   0;eor
      161;20150316;   3;    4.3;   6.6;   1.7; 1014.38;   81.00;   1.3;   12.9;   -1.9;   -5.3;   5.3;   0.0;   0;    8.000;   0;eor
      161;20150317;   3;    7.5;   7.3;   2.8; 1015.15;   74.08;   1.3;   17.5;   -0.6;   -3.6;   4.8;   0.0;   0;   10.000;   0;eor
      161;20150318;   3;    9.2;   8.4;   0.3; 1016.24;   74.42;   3.0;   17.1;    0.4;   -2.9;  13.1;   0.0;   4;    9.800;   0;eor
      161;20150319;   3;    7.2;   9.3;   7.6; 1018.13;   91.04;   3.7;    8.1;    6.4;    6.1;  11.5;   0.0;   4;    0.500;   0;eor
      161;20150320;   3;    7.8;   8.2;   4.2; 1015.10;   78.13;   2.3;   13.3;    5.4;    3.2;   9.1;   0.0;   0;    5.000;   0;eor
      161;20150321;   3;    5.7;   7.8;   7.5; 1009.22;   85.50;   2.1;    7.6;    4.4;    4.0;   8.0;   1.4;   4;    0.117;   0;eor
      161;20150322;   3;    5.1;   6.6;   5.2; 1014.06;   74.96;   3.3;    7.9;   -1.3;   -5.2;   9.8;   0.0;   0;    3.433;   0;eor
      161;20150323;   3;    3.6;   6.2;   2.0; 1008.15;   79.04;   1.4;   10.4;   -3.5;   -7.1;   6.4;   0.0;   0;    6.800;   0;eor
      161;20150324;   3;    7.2;   7.3;   6.4;  999.58;   73.96;   1.2;   13.9;    0.6;   -1.4;   6.6;   0.0;   4;    2.100;-999;eor
      161;20150325;   3;    6.7;   8.1;   6.6;  997.07;   82.25;   3.1;   10.5;    3.3;    0.1;  11.1;   0.0;   4;    2.133;-999;eor
      161;20150326;   3;    7.1;   6.9;   7.1;  999.99;   69.50;   3.2;   12.3;    5.4;    4.6;  12.5;   0.3;   4;    3.050;-999;eor
      161;20150327;   3;    7.9;   6.8;   7.0; 1008.81;   64.58;   2.8;   10.9;    3.8;   -0.8;  10.1;   0.0;   4;    0.300;-999;eor
      161;20150328;   3;    8.6;   8.3;   7.4; 1009.72;   73.88;   2.8;   12.5;    3.3;    0.6;  10.8;   2.0;   4;    2.000;   0;eor
      161;20150329;   3;   11.7;  10.4;   7.0;  993.82;   75.63;   5.6;   13.8;    8.5;    7.4;  18.9;   4.3;   4;    0.000;   0;eor
      161;20150330;   3;    7.9;   6.6;   5.2;  996.73;   62.33;   4.2;   10.6;    3.6;   -0.4;  16.4;   0.5;   4;    5.900;   0;eor
      161;20150331;   3;   10.1;   8.2;   5.9;  994.23;   65.83;   6.9;   14.4;    2.9;    2.0;  24.8;   9.8;   4;    4.933;   0;eor
      161;20150401;   3;    6.8;   5.9;   4.4; 1008.45;   60.33;   5.2;    9.6;    3.4;    1.2;  18.6;   0.9;   4;    6.350;   0;eor
      161;20150402;   3;    6.4;   6.3;   5.8; 1007.55;   66.54;   4.7;    9.5;    3.1;   -2.0;  15.6;   1.6;   4;    4.633;   0;eor
      161;20150403;   3;    6.2;   5.9;   4.9; 1011.16;   64.33;   1.7;   11.3;   -0.7;   -3.4;   6.1;   0.3;   4;    7.217;   0;eor
      161;20150404;   3;    6.1;   6.2;   5.0; 1008.10;   66.75;   2.5;    9.9;    2.1;   -2.9;  10.9;   2.4;   4;    3.467;   0;eor
      161;20150405;   3;    5.7;   5.0;   3.9; 1015.27;   57.58;   2.8;   11.4;   -0.2;   -3.2;   8.4;   0.0;   0;    7.000;   0;eor
      161;20150406;   3;    5.1;   6.6;   4.6; 1020.75;   75.25;   2.7;   10.4;   -0.7;   -3.4;   9.2;   0.0;   0;    4.033;   0;eor
      161;20150407;   3;    5.8;   6.0;   1.1; 1026.79;   69.58;   1.5;   13.9;   -2.5;   -6.1;   6.0;   0.0;   0;    9.150;   0;eor
      161;20150408;   3;    8.0;   7.8;   0.1; 1023.86;   74.08;   2.1;   15.7;   -0.1;   -3.2;   7.2;   0.0;   0;   11.200;   0;eor
      161;20150409;   3;   11.0;   8.9;   0.0; 1018.05;   70.71;   1.4;   20.6;    1.7;   -1.8;   6.7;   0.0;   0;    9.850;   0;eor
      161;20150410;   3;   13.1;   8.3;   0.5; 1011.58;   61.83;   1.7;   23.5;    3.3;   -0.7;   7.7;   0.0;   0;   11.283;   0;eor
      161;20150411;   3;   11.6;   9.4;   5.7; 1012.34;   69.04;   3.5;   16.8;    4.7;    1.5;  13.8;   0.1;   4;    2.950;   0;eor
      161;20150412;   3;   11.2;   7.9;   2.4; 1019.52;   63.83;   2.1;   18.6;    3.4;    0.2;  10.5;   0.0;   0;   10.233;   0;eor
      161;20150413;   3;   10.9;   8.0;   3.8; 1020.94;   62.04;   3.2;   14.5;    4.1;    1.0;   9.2;   0.0;   4;    5.883;   0;eor
      161;20150414;   3;   13.2;   8.5;   2.6; 1017.70;   61.29;   1.9;   24.5;    3.1;    0.4;   9.2;   0.0;   4;   11.600;   0;eor
      161;20150415;   3;   15.7;   9.9;   0.5; 1008.85;   61.75;   2.0;   26.2;    4.2;    0.2;  10.3;   0.0;   0;   12.817;   0;eor
      161;20150416;   3;   14.8;  10.3;   2.9; 1004.83;   63.83;   2.6;   21.6;    6.4;    3.0;   8.9;   0.5;   4;    7.650;   0;eor
      161;20150417;   3;   11.1;   7.5;   4.6; 1007.67;   57.75;   3.3;   16.0;    4.2;    0.4;  10.9;   0.1;   4;    8.233;   0;eor
      161;20150418;   3;    8.3;   5.8;   0.8; 1015.67;   57.21;   2.2;   15.2;    0.8;   -2.3;   9.4;   0.0;   0;   12.217;   0;eor
      161;20150419;   3;    8.8;   6.0;   1.5; 1012.85;   58.21;   1.9;   17.6;   -0.5;   -3.9;   7.0;   0.0;   0;   13.333;   0;eor
      161;20150420;   3;   12.3;   6.7;   1.4; 1017.04;   52.29;   2.1;   21.3;    1.5;   -1.4;   8.4;   0.0;   0;   12.967;   0;eor
      161;20150421;   3;   13.8;   7.2;   0.0; 1020.21;   51.54;   2.7;   22.3;    3.6;    0.0;   9.4;   0.0;   0;   13.417;   0;eor
      161;20150422;   3;    9.9;   7.9;   0.8; 1017.60;   66.38;   3.5;   15.2;    3.8;    0.8;  10.9;   0.0;   0;   12.200;   0;eor
      161;20150423;   3;   10.4;   7.5;   0.1; 1009.85;   63.96;   1.4;   19.2;    0.5;   -3.1;   5.6;   0.0;   0;   13.250;   0;eor
      161;20150424;   3;   13.3;   7.8;   0.4; 1004.23;   58.17;   2.2;   23.2;    2.6;   -1.2;   9.4;   0.0;   4;   12.617;   0;eor
      161;20150425;   3;   12.1;  11.7;   6.7; 1000.43;   82.29;   2.0;   18.0;    7.2;    4.4;  10.0;   2.7;   4;    0.583;   0;eor
      161;20150426;   3;   14.8;  13.0;   6.6;  997.55;   78.96;   2.4;   20.7;    9.9;    7.4;   9.8;   9.1;   4;    4.133;   0;eor
      161;20150427;   3;    9.9;  11.2;   7.8;  996.57;   90.67;   3.5;   12.7;    8.0;    7.1;   9.7;   3.9;   4;    0.000;   0;eor
      161;20150428;   3;    8.9;   6.9;   3.5; 1007.16;   63.38;   2.8;   14.2;    1.2;   -2.1;  10.7;   0.2;   4;    8.783;   0;eor
      161;20150429;   3;    8.4;   6.6;   4.6; 1009.51;   64.83;   1.5;   15.7;   -1.3;   -4.5;   8.5;   0.0;   0;    9.933;   0;eor
      161;20150430;   3;    9.4;   9.2;   6.7; 1004.67;   78.54;   2.8;   13.1;    4.9;    1.8;  12.8;   1.6;   4;    1.217;   0;eor
      161;20150501;   3;    7.5;   8.3;   6.5; 1000.01;   82.38;   1.2;   12.9;    2.1;   -0.6;   4.5;   0.0;   0;    0.783;   0;eor
      161;20150502;   3;    9.8;   8.4;   4.6; 1002.18;   71.96;   1.4;   16.6;    0.6;   -1.9;   5.5;   0.0;   4;    6.850;   0;eor
      161;20150503;   3;   14.1;  14.1;   6.8;  996.46;   87.08;   2.3;   17.3;    9.3;    8.0;   8.8;   3.0;   4;    0.000;   0;eor
      161;20150504;   3;   17.1;  13.6;   5.3;  998.54;   72.42;   1.9;   22.4;   10.3;    7.3;  10.3;   0.4;   4;    6.767;   0;eor
      161;20150505;   3;   17.8;  13.8;   5.2;  995.04;   69.58;   3.7;   24.4;    8.6;    4.4;  19.1;   0.0;   4;    5.167;-999;eor
      161;20150506;   3;   12.8;   9.6;   3.6; 1004.79;   66.63;   3.6;   18.4;    6.4;    2.0;  17.8;   1.5;   4;    9.383;-999;eor
      161;20150507;   3;   12.6;   8.4;   4.5; 1009.45;   61.13;   3.0;   18.3;    7.1;    4.3;  10.7;   0.0;   0;    7.283;-999;eor
      161;20150508;   3;   14.3;   9.6;   6.8; 1006.64;   62.33;   1.4;   21.8;    7.2;    5.2;   9.0;   0.0;   4;    5.633;-999;eor
      161;20150509;   3;   15.6;  11.6;   5.8; 1009.47;   67.88;   3.0;   21.4;    9.9;    7.4;  15.0;   0.6;   4;    4.467;-999;eor
      161;20150510;   3;   14.4;  10.7;   2.9; 1016.96;   67.92;   1.5;   20.8;    7.6;    4.1;   5.9;   0.0;   4;    9.450;-999;eor
      161;20150511;   3;   16.6;  12.3;   3.8; 1013.33;   69.04;   1.7;   26.7;    6.9;    4.1;   6.3;   0.0;   0;    9.083;-999;eor
      161;20150512;   3;   18.0;  13.3;   4.8; 1008.65;   65.33;   3.1;   27.7;   11.2;    6.2;  14.8;   1.3;   4;    7.250;-999;eor
      161;20150513;   3;   14.8;   9.0;   3.0; 1008.94;   57.38;   2.1;   22.2;    4.5;    1.0;   8.0;   0.0;   0;   11.017;-999;eor
      161;20150514;   3;   14.2;  10.6;   3.9; 1003.41;   66.63;   2.1;   19.9;    8.9;    6.9;   7.0;   1.8;   4;    9.417;-999;eor
      161;20150515;   3;   14.7;  11.5;   3.7; 1006.35;   70.21;   3.8;   19.9;    8.1;    5.0;  12.2;   0.0;   4;    9.350;-999;eor
      161;20150516;   3;   12.0;  10.7;   6.1; 1014.55;   75.79;   1.8;   16.2;    5.5;    2.6;   7.6;   0.0;   4;    1.433;-999;eor
      161;20150517;   3;   13.9;   9.4;   5.8; 1015.04;   62.54;   1.5;   19.9;    6.7;    2.9;   5.3;   0.0;   4;    5.983;-999;eor
      161;20150518;   3;   15.3;   9.9;   2.9; 1001.98;   60.54;   3.2;   22.5;    5.6;    1.9;  13.1;   0.2;   4;   11.900;-999;eor
      161;20150519;   3;   12.8;   8.1;   6.7;  999.87;   56.25;   3.8;   16.5;    9.2;    6.4;  12.7;   0.0;   4;    5.983;-999;eor
      161;20150520;   3;   11.5;   8.0;   4.8; 1006.09;   60.50;   2.2;   15.7;    5.0;    0.7;  11.4;   0.2;   4;    6.367;-999;eor
      161;20150521;   3;   11.6;   8.0;   3.8; 1015.89;   62.38;   2.2;   18.7;    2.5;   -0.8;   9.9;   0.0;   0;   11.683;-999;eor
      161;20150522;   3;   15.4;   9.0;   5.3; 1015.85;   55.46;   1.4;   22.1;    8.1;    5.0;   9.7;   0.0;   0;   11.183;-999;eor
      161;20150523;   3;   15.9;  11.5;   7.6; 1011.52;   64.63;   2.8;   20.3;   10.8;    9.9;   8.3;   0.0;   4;    0.000;-999;eor
      161;20150524;   3;   16.9;  12.8;   6.9; 1009.48;   67.54;   1.8;   21.8;   11.7;    8.0;   5.5;   0.0;   4;    3.300;-999;eor
      161;20150525;   3;   13.5;  11.7;   6.6; 1006.41;   75.79;   1.7;   17.7;    9.9;    7.6;   8.5;   1.3;   4;    1.483;-999;eor
      161;20150526;   3;   11.9;   8.9;   6.8; 1011.22;   64.63;   2.7;   14.7;    6.8;    2.6;   8.8;   0.0;   4;    0.767;-999;eor
      161;20150527;   3;   11.5;   8.1;   5.6; 1014.54;   62.67;   1.5;   17.9;    5.6;    2.6;   5.0;   0.0;   4;    4.217;-999;eor
      161;20150528;   3;   14.1;   9.9;   7.1; 1006.67;   64.21;   2.6;   21.0;    5.0;    2.1;  12.0;   0.0;   4;    1.583;-999;eor
      161;20150529;   3;   13.0;  10.6;   6.3; 1002.59;   71.54;   2.6;   16.9;    6.3;    1.8;  11.4;   3.3;   4;    3.100;-999;eor
      161;20150530;   3;   12.0;   9.0;   4.3; 1005.73;   66.33;   2.9;   17.8;    5.4;    2.3;  10.0;   0.0;   4;    6.533;-999;eor
      161;20150531;   3;   14.2;  11.3;   5.8; 1005.00;   71.33;   3.3;   21.2;    4.3;    1.2;  13.8;   2.2;   4;    3.067;-999;eor
      161;20150601;   3;   14.3;  11.6;   4.7; 1006.70;   72.21;   2.4;   18.8;    7.8;    4.5;   9.6;   0.4;   4;    4.600;-999;eor
      161;20150602;   3;   16.3;  11.7;   4.3; 1005.74;   67.46;   3.4;   25.6;    6.9;    4.0;  13.7;   0.7;   4;    6.183;-999;eor
      161;20150603;   3;   16.4;  12.0;   5.0; 1012.70;   66.67;   2.5;   23.5;    9.4;    6.1;   9.8;   0.0;   0;    6.667;-999;eor
      161;20150604;   3;   17.9;  11.2;   1.8; 1016.52;   59.63;   1.8;   26.3;    7.9;    5.3;   6.3;   0.0;   0;   13.917;-999;eor
      161;20150605;   3;   23.1;  15.1;   1.4; 1009.83;   57.71;   2.1;   33.6;    9.4;    6.7;  12.2;  19.6;   4;   14.900;-999;eor
      161;20150606;   3;   19.2;  16.8;   3.7; 1013.82;   75.88;   2.9;   22.3;   14.8;   12.6;  13.5;   0.0;   0;    7.650;-999;eor
      161;20150607;   3;   17.7;  10.0;   0.2; 1018.73;   51.54;   3.4;   23.2;   12.1;   10.7;   9.2;   0.0;   0;   13.150;-999;eor
      161;20150608;   3;   15.8;  10.1;   4.0; 1017.58;   57.54;   3.9;   20.9;   10.9;    9.6;  10.6;   0.0;   0;    6.417;-999;eor
      161;20150609;   3;   14.8;   9.2;   5.2; 1017.36;   55.92;   3.5;   20.0;   10.1;    6.4;   9.3;   0.0;   0;    3.100;-999;eor
      161;20150610;   3;   18.2;  11.2;   4.9; 1014.98;   54.58;   3.0;   23.7;   10.0;    9.8;   9.0;   0.0;   0;   10.933;-999;eor
      161;20150611;   3;   19.8;  12.7;   4.0; 1009.54;   56.42;   2.4;   25.5;   12.5;    9.8;   8.8;   0.0;   0;    9.517;-999;eor
      161;20150612;   3;   19.7;  16.7;   2.5; 1002.77;   74.75;   1.8;   30.9;   11.0;    8.9;  11.1;  10.1;   4;   10.433;-999;eor
      161;20150613;   3;   19.4;  16.8;   5.0; 1001.55;   77.33;   1.6;   25.8;   13.8;   11.0;   8.5;   5.2;   4;    5.850;-999;eor
      161;20150614;   3;   19.1;  12.3;   0.6; 1002.13;   59.00;   2.0;   25.3;   10.6;    8.2;   7.8;   0.0;   0;   14.550;-999;eor
      161;20150615;   3;   17.5;  13.6;   5.6; 1008.12;   68.71;   3.3;   21.2;   14.6;   13.1;   9.7;   0.0;   0;    6.050;-999;eor
      161;20150616;   3;   15.0;   9.7;   3.8; 1013.74;   58.17;   3.5;   18.5;   11.2;    8.2;   9.3;   0.0;   0;   10.183;-999;eor
      161;20150617;   3;   16.1;  10.2;   2.5; 1014.06;   58.79;   1.4;   22.8;    6.2;    4.3;   5.8;   7.6;   4;   12.183;-999;eor
      161;20150618;   3;   16.9;  13.5;   6.3; 1007.51;   70.54;   2.9;   20.8;   12.2;   10.7;  11.9;   0.9;   4;    3.500;-999;eor
      161;20150619;   3;   13.0;  11.4;   7.6; 1009.71;   75.67;   2.3;   16.7;   11.2;    9.5;  10.1;   1.4;   4;    1.300;-999;eor
      161;20150620;   3;   12.9;  11.5;   7.7; 1011.30;   77.54;   2.1;   16.4;   10.7;    9.8;   7.5;   0.5;   4;    0.283;-999;eor
      161;20150621;   3;   15.6;  14.0;   6.5; 1007.20;   79.79;   2.1;   21.9;   10.8;    6.8;   8.7;   1.8;   4;    3.267;-999;eor
      161;20150622;   3;   12.7;  12.7;   6.6; 1001.18;   86.38;   2.2;   14.9;    9.4;    6.5;   8.8;  10.8;   4;    0.000;-999;eor
      161;20150623;   3;   12.1;  12.0;   7.0; 1004.73;   84.92;   2.0;   16.4;    7.4;    5.0;   9.5;   3.7;   4;    1.267;-999;eor
      161;20150624;   3;   14.8;  12.1;   5.3; 1013.19;   73.21;   1.5;   19.9;   10.9;    8.5;   5.3;   0.0;   0;    4.333;-999;eor
      161;20150625;   3;   18.2;  13.4;   4.3; 1013.38;   68.04;   1.4;   25.5;    9.7;    8.0;   5.4;   0.0;   0;    9.633;-999;eor
      161;20150626;   3;   20.7;  15.9;   6.2; 1010.63;   68.33;   1.3;   27.4;   12.6;   11.2;   7.6;   3.0;   4;    3.367;-999;eor
      161;20150627;   3;   19.8;  16.2;   4.8; 1008.62;   71.25;   2.7;   24.1;   13.2;    9.6;  11.3;   0.0;   0;    6.683;-999;eor
      161;20150628;   3;   18.4;  12.8;   3.2; 1012.56;   63.63;   1.5;   24.4;    9.2;    7.1;   6.0;   0.0;   0;    9.467;-999;eor
      161;20150629;   3;   21.2;  15.2;   3.5; 1011.70;   63.29;   1.9;   26.7;   14.7;   13.2;   8.3;   0.0;   0;    9.933;-999;eor
      161;20150630;   3;   21.7;  13.2;   0.3; 1011.75;   56.58;   1.5;   30.0;   11.9;    9.7;   6.1;   0.0;   0;   15.367;-999;eor
      161;20150701;   3;   24.9;  15.3;   0.2; 1009.23;   53.38;   2.4;   34.1;   13.6;   11.7;   9.3;   0.0;   0;   15.383;-999;eor
      161;20150702;   3;   28.0;  19.4;   0.9; 1009.58;   55.54;   2.5;   36.6;   17.5;   15.3;  10.3;   0.0;   0;   13.050;-999;eor
      161;20150703;   3;   27.5;  22.2;   0.1; 1013.13;   62.21;   2.2;   34.8;   21.7;   20.8;  10.4;   0.0;   0;   13.650;-999;eor
      161;20150704;   3;   28.8;  21.4;   1.8; 1009.66;   58.92;   1.8;   37.7;   20.0;   18.2;   7.3;   0.0;   4;   11.733;-999;eor
      161;20150705;   3;   26.5;  18.4;   2.8; 1006.88;   56.46;   3.5;   38.0;   17.8;   15.6;  18.9;   1.1;   4;   12.267;-999;eor
      161;20150706;   3;   21.8;  13.2;   0.8; 1011.31;   54.75;   1.9;   28.9;   14.9;   12.2;   7.1;   0.0;   0;   15.417;-999;eor
      161;20150707;   3;   22.6;  15.4;   3.8; 1002.30;   60.00;   2.3;   35.3;   12.5;   10.2;  12.4;   0.2;   4;    8.667;-999;eor
      161;20150708;   3;   17.9;  12.2;   6.1; 1003.54;   59.50;   4.6;   21.4;   14.7;   13.9;  15.0;   0.0;   4;    3.533;-999;eor
      161;20150709;   3;   16.0;  11.3;   3.9; 1011.08;   62.42;   3.5;   19.9;    9.9;    5.2;  11.1;   0.4;   4;    7.400;-999;eor
      161;20150710;   3;   16.3;   8.8;   0.2; 1013.62;   53.04;   1.6;   25.1;    6.1;    2.3;   6.3;   0.0;   0;   14.683;-999;eor
      161;20150711;   3;   21.5;  10.9;   1.9; 1007.10;   47.54;   2.4;   31.1;    9.5;    7.1;  10.0;   0.0;   0;   12.117;-999;eor
      161;20150712;   3;   18.4;  14.4;   4.6; 1009.52;   68.88;   1.9;   24.5;   12.5;   10.1;  10.4;   0.8;   4;    4.917;-999;eor
      161;20150713;   3;   17.9;  17.0;   7.4; 1008.62;   82.42;   2.2;   20.7;   15.1;   12.3;   8.9;   1.1;   4;    0.000;-999;eor
      161;20150714;   3;   21.1;  17.2;   7.8; 1008.14;   68.88;   2.7;   24.8;   18.5;   17.9;   9.2;   0.0;   4;    0.433;-999;eor
      161;20150715;   3;   21.7;  17.9;   6.3; 1010.06;   70.96;   1.8;   28.2;   16.5;   13.6;   7.4;   1.6;   4;    3.217;-999;eor
      161;20150716;   3;   24.2;  19.3;   3.0; 1007.94;   68.54;   1.5;   32.4;   16.6;   14.5;   6.5;   0.2;   4;   11.383;-999;eor
      161;20150717;   3;   28.5;  15.9;   2.7; 1004.15;   47.08;   2.9;   36.7;   19.4;   18.6;  13.1;   0.0;   0;   10.533;-999;eor
      161;20150718;   3;   23.7;  15.6;   4.1; 1006.81;   54.75;   2.2;   29.0;   16.3;   14.3;   9.2;  11.4;   4;    3.383;-999;eor
      161;20150719;   3;   19.6;  18.5;   6.8; 1002.34;   81.17;   2.1;   25.2;   15.6;   13.5;  10.4;   1.5;   4;    1.400;-999;eor
      161;20150720;   3;   20.9;  21.1;   7.4; 1004.83;   85.54;   1.7;   26.1;   15.9;   14.0;   8.3;   1.6;   4;    0.067;-999;eor
      161;20150721;   3;   24.6;  21.4;   4.9; 1005.21;   71.42;   2.3;   31.8;   18.2;   16.0;   9.4;   0.0;   0;    8.450;-999;eor
      161;20150722;   3;   23.0;  18.3;   5.8; 1005.38;   67.08;   2.5;   28.6;   17.5;   15.2;   9.0;   0.0;   4;    5.583;-999;eor
      161;20150723;   3;   20.4;  13.5;   5.0; 1007.51;   57.08;   2.2;   25.2;   14.2;   11.4;  10.1;   0.0;   0;    5.417;-999;eor
      161;20150724;   3;   21.5;  15.4;   5.6; 1000.98;   63.33;   1.7;   29.1;   12.8;   11.2;  12.7;   0.7;   4;    6.417;-999;eor
      161;20150725;   3;   17.4;  14.8;   5.3;  999.61;   73.58;   4.6;   21.8;   12.2;   11.0;  17.0;   0.9;   4;    4.667;-999;eor
      161;20150726;   3;   15.9;  11.4;   4.0; 1003.63;   67.17;   2.2;   23.7;    7.4;    4.3;  13.9;   2.4;   4;    7.917;-999;eor
      161;20150727;   3;   17.8;  15.1;   7.0;  995.15;   74.88;   3.8;   22.3;   14.4;   13.9;  14.7;   6.6;   4;    2.450;-999;eor
      161;20150728;   3;   17.0;  10.8;   5.2;  999.19;   56.75;   4.1;   21.1;   11.0;    6.9;  15.1;   0.0;   0;    4.283;-999;eor
      161;20150729;   3;   16.0;  10.1;   3.5; 1001.40;   57.79;   3.2;   22.2;    9.5;    5.8;  14.3;   0.0;   4;    9.267;-999;eor
      161;20150730;   3;   13.9;  11.5;   5.4; 1007.27;   73.17;   1.9;   20.0;    7.5;    4.3;  10.1;   0.9;   4;    4.700;-999;eor
      161;20150731;   3;   15.6;  10.5;   3.0; 1009.71;   63.29;   1.7;   21.8;    9.3;    6.9;   6.8;   0.0;   0;   11.283;-999;eor
      161;20150801;   3;   19.6;  11.2;   2.8; 1006.09;   51.88;   2.1;   27.6;   11.8;   10.4;   7.5;   0.0;   0;   10.733;-999;eor
      161;20150802;   3;   21.4;  12.8;   0.6; 1009.52;   53.46;   2.0;   29.8;   12.0;    9.6;   7.2;   0.0;   0;   13.717;-999;eor
      161;20150803;   3;   24.0;  13.1;   0.2; 1006.18;   50.71;   1.7;   34.6;   12.4;   10.1;   7.7;   0.0;   0;   13.717;-999;eor
      161;20150804;   3;   18.3;  17.2;   3.9; 1005.75;   82.17;   1.6;   25.2;   12.1;    9.8;  11.1;   9.2;   4;    2.150;-999;eor
      161;20150805;   3;   19.8;  15.7;   3.3; 1008.47;   72.54;   2.0;   28.0;   11.9;   10.1;   8.7;   0.0;   0;    8.467;-999;eor
      161;20150806;   3;   24.7;  16.5;   1.0; 1005.57;   59.46;   1.8;   36.0;   13.4;   11.3;  11.2;   0.0;   0;   11.233;-999;eor
      161;20150807;   3;   26.7;  19.6;   2.6; 1005.75;   57.71;   3.4;   34.5;   20.2;   18.8;  13.0;   0.5;   4;   11.433;-999;eor
      161;20150808;   3;   22.2;  21.3;   6.2; 1011.20;   80.00;   3.2;   24.7;   19.8;   18.9;  10.7;   0.0;   0;    2.233;-999;eor
      161;20150809;   3;   21.6;  19.3;   4.1; 1009.97;   75.21;   3.3;   26.3;   17.8;   16.8;   9.6;   1.1;   4;    5.117;-999;eor
      161;20150810;   3;   18.9;  17.9;   6.6; 1007.94;   82.25;   3.5;   21.9;   15.9;   15.7;  12.2;   2.9;   4;    1.767;-999;eor
      161;20150811;   3;   21.6;  18.6;   6.5; 1008.98;   73.42;   2.8;   27.4;   16.4;   15.9;   9.0;   0.0;   0;    6.167;-999;eor
      161;20150812;   3;   23.4;  21.2;   2.9; 1010.65;   74.46;   2.4;   29.3;   17.3;   16.5;   7.2;   0.0;   0;    6.417;-999;eor
      161;20150813;   3;   26.4;  20.2;   1.0; 1004.72;   62.96;   2.2;   34.5;   17.3;   15.3;  11.8;   0.0;   4;   11.933;-999;eor
      161;20150814;   3;   24.3;  18.8;   6.3; 1000.01;   63.21;   2.9;   29.2;   20.4;   19.2;   8.9;   0.0;   4;    6.467;-999;eor
      161;20150815;   3;   20.5;  16.7;   6.0; 1000.30;   70.33;   3.1;   24.4;   16.4;   14.4;  10.2;   0.4;   4;    3.167;-999;eor
      161;20150816;   3;   15.4;  16.1;   8.0; 1004.26;   92.25;   3.1;   16.4;   14.0;   13.6;  11.1;   3.8;   4;    0.000;-999;eor
      161;20150817;   3;   14.5;  15.1;   7.8; 1004.49;   91.17;   2.0;   15.7;   13.4;   13.0;   8.1;   2.3;   4;    0.000;-999;eor
      161;20150818;   3;   16.2;  14.1;   7.4; 1006.43;   77.25;   1.4;   19.4;   11.4;    9.2;   5.9;   0.0;   4;    0.950;-999;eor
      161;20150819;   3;   16.0;  12.2;   3.9; 1011.79;   70.33;   1.3;   22.2;    8.6;    6.2;   5.6;   0.0;   0;    8.617;-999;eor
      161;20150820;   3;   16.0;  -999;  -999;    -999;    -999;  -999;   25.4;   11.5;   10.0;  -999;   0.0;   0;    7.500;-999;eor
      161;20150821;   3;   19.0;  -999;  -999;    -999;    -999;  -999;   27.2;   10.5;    8.5;  -999;   0.0;   0;   12.000;-999;eor
      161;20150822;   3;   19.6;  11.7;   2.6; 1009.58;   56.50;   2.1;   28.8;    9.7;    7.1;   8.6;   0.0;   0;   12.417;-999;eor
      161;20150823;   3;   20.4;  13.1;   3.0;  999.28;   59.50;   3.4;   28.5;   11.2;    7.7;  13.1;   6.7;   4;    8.450;-999;eor
      161;20150824;   3;   19.4;  17.4;   5.9;  995.65;   78.04;   3.6;   23.9;   15.0;   12.6;  14.6;   4.1;   4;    3.917;-999;eor
      161;20150825;   3;   17.6;  12.2;   6.8; 1005.35;   61.88;   4.3;   21.5;   13.9;   10.8;  13.9;   0.0;   4;    3.733;-999;eor
      161;20150826;   3;   21.1;  14.1;   3.6; 1005.17;   59.42;   2.6;   28.9;   12.6;   10.3;  11.5;   0.0;   4;   11.383;-999;eor
      161;20150827;   3;   17.5;  17.1;   7.5; 1002.53;   85.54;   2.1;   22.2;   13.9;   13.6;   9.4;  21.4;   4;    0.000;-999;eor
      161;20150828;   3;   16.6;  15.7;   6.3; 1009.29;   83.92;   0.9;   21.1;   12.3;    9.4;   4.2;   0.0;   4;    1.233;-999;eor
      161;20150829;   3;   20.0;  18.6;   3.8; 1012.15;   81.13;   1.2;   29.2;   11.3;    8.8;   5.6;   0.0;   0;    8.600;-999;eor
      161;20150830;   3;   24.8;  21.0;   0.6; 1007.64;   72.67;   1.8;   35.1;   16.3;   14.4;   7.8;   0.0;   0;   11.183;-999;eor
      161;20150831;   3;   25.7;  17.7;   1.8; 1002.52;   60.67;   2.9;   34.2;   17.0;   14.2;  11.4;   2.5;   4;   11.883;-999;eor
      161;20150901;   3;   17.3;  17.3;   6.2; 1003.79;   87.50;   2.4;   20.6;   14.7;   13.1;   8.7;  17.2;   4;    0.983;-999;eor
      161;20150902;   3;   15.9;  13.5;   4.0; 1007.93;   76.04;   1.8;   21.4;   10.5;    8.1;   7.9;   0.0;   0;    8.117;-999;eor
      161;20150903;   3;   14.7;  12.1;   5.2; 1005.76;   75.17;   1.9;   21.2;   10.0;    7.6;  11.6;   0.3;   4;    6.083;-999;eor
      161;20150904;   3;   13.6;  11.2;   6.4; 1006.62;   73.92;   2.1;   18.0;    9.3;    6.4;   8.2;   0.0;   4;    1.583;-999;eor
      161;20150905;   3;   13.5;  12.0;   7.1; 1007.82;   78.63;   2.4;   19.5;    9.8;    6.8;  10.2;   0.9;   4;    2.200;-999;eor
      161;20150906;   3;   13.2;  10.4;   6.2; 1014.31;   69.00;   2.9;   17.0;    9.8;    6.3;  10.5;   0.0;   4;    4.483;-999;eor
      161;20150907;   3;   13.7;  13.6;   7.7; 1016.79;   86.42;   1.8;   15.9;   11.7;   11.0;   7.2;   1.0;   4;    0.000;-999;eor
      161;20150908;   3;   15.0;  13.9;   7.8; 1016.13;   82.17;   2.3;   17.7;   13.2;   12.0;   7.5;   0.0;   0;    1.250;-999;eor
      161;20150909;   3;   16.3;  11.8;   3.2; 1013.51;   65.33;   2.8;   21.1;    9.6;    5.1;   9.2;   0.0;   0;   10.033;-999;eor
      161;20150910;   3;   13.9;  10.2;   1.0; 1012.41;   66.96;   2.3;   20.7;    6.5;    3.0;   8.7;   0.0;   0;   10.417;-999;eor
      161;20150911;   3;   13.2;  10.4;   1.0; 1008.46;   71.71;   1.7;   21.7;    6.0;    3.3;   6.2;   0.0;   0;    9.917;-999;eor
      161;20150912;   3;   16.2;  14.3;   6.9; 1004.90;   78.13;   1.9;   24.3;    8.5;    6.6;   9.5;   0.4;   4;    3.733;-999;eor
      161;20150913;   3;   16.8;  17.7;   6.5; 1000.04;   92.92;   1.6;   19.2;   14.2;   11.5;   5.9;   1.9;   4;    0.933;-999;eor
      161;20150914;   3;   16.3;  15.0;   5.0;  994.93;   80.83;   2.8;   21.1;    9.1;    5.8;  12.7;   0.5;   4;    4.183;-999;eor
      161;20150915;   3;   13.1;  11.8;   5.8;  997.14;   78.83;   2.9;   18.2;    9.0;    5.0;  12.2;   7.0;   4;    3.483;-999;eor
      161;20150916;   3;   15.2;  15.8;   7.6;  989.19;   91.17;   2.6;   19.8;   11.0;   10.7;  10.1;  10.0;   4;    0.067;-999;eor
      161;20150917;   3;   15.3;  14.2;   6.1;  994.22;   81.83;   2.8;   17.6;   10.5;    7.0;  14.2;   0.0;   4;    0.000;-999;eor
      161;20150918;   3;   14.7;  13.3;   6.4; 1006.95;   81.13;   2.0;   19.5;   11.0;    8.7;   9.3;   0.2;   4;    4.400;-999;eor
      161;20150919;   3;   14.6;  13.8;   7.0; 1012.42;   83.42;   1.7;   19.0;   11.5;    9.0;   7.6;   0.3;   4;    1.633;-999;eor
      161;20150920;   3;   13.8;  12.3;   5.3; 1015.35;   79.46;   1.7;   18.2;    9.7;    7.3;   7.3;   0.0;   0;    5.017;-999;eor
      161;20150921;   3;   13.1;  11.7;   6.0; 1007.24;   80.08;   1.4;   20.1;    7.2;    4.2;   7.0;   0.0;   4;    4.250;-999;eor
      161;20150922;   3;   13.4;  13.0;   6.5;  994.94;   84.92;   2.2;   17.4;    9.6;    6.6;   9.7;   3.4;   4;    1.450;-999;eor
      161;20150923;   3;   12.5;  12.8;   7.6; 1001.08;   88.58;   1.8;   15.5;   10.3;    9.4;   8.3;   6.2;   4;    0.600;-999;eor
      161;20150924;   3;   13.7;  12.7;   6.3; 1009.92;   81.63;   2.1;   18.8;    8.8;    6.9;   8.3;   0.0;   0;    4.717;-999;eor
      161;20150925;   3;   14.6;  12.2;   5.5; 1013.15;   75.00;   1.4;   18.9;    9.8;    6.1;   5.4;   0.0;   0;    6.067;-999;eor
      161;20150926;   3;   12.8;  12.1;   7.5; 1017.30;   82.04;   2.6;   15.3;   10.3;    8.6;   6.7;   0.0;   0;    0.033;-999;eor
      161;20150927;   3;   11.6;  10.4;   1.2; 1022.61;   77.75;   2.6;   18.5;    6.2;    3.3;   9.0;   0.0;   0;    8.483;-999;eor
      161;20150928;   3;   10.8;   9.1;   0.3; 1026.33;   74.08;   2.3;   18.6;    3.9;    2.0;   9.8;   0.0;   0;   11.117;-999;eor
      161;20150929;   3;   11.5;   9.1;   0.7; 1024.82;   69.88;   3.2;   18.3;    3.9;    1.4;  12.6;   0.0;   0;    9.383;-999;eor
      161;20150930;   3;   11.4;   8.7;   0.0; 1023.38;   67.42;   2.6;   17.5;    4.5;   -0.2;  10.7;   0.0;   0;   11.000;-999;eor
      161;20151001;   3;    9.8;   7.9;   0.2; 1020.39;   68.50;   2.5;   16.8;    2.9;   -0.6;   9.0;   0.0;   0;   10.983;   0;eor
      161;20151002;   3;   10.3;   8.8;   0.7; 1014.28;   73.33;   1.6;   20.1;    1.4;   -2.2;   6.0;   0.0;   0;   10.983;   0;eor
      161;20151003;   3;   12.0;  10.5;   3.1; 1006.65;   77.00;   1.6;   22.3;    4.1;    1.4;   9.9;   0.7;   4;    9.033;   0;eor
      161;20151004;   3;   11.9;  12.2;   5.3; 1007.80;   87.63;   1.4;   18.8;    6.9;    3.8;   6.9;   0.5;   4;    2.217;   0;eor
      161;20151005;   3;   12.5;  12.8;   7.6; 1003.85;   88.42;   2.0;   16.1;    6.8;    4.2;   7.9;   5.7;   4;    0.183;   0;eor
      161;20151006;   3;   16.8;  17.1;   7.4;  995.74;   89.42;   1.8;   20.1;   12.8;   10.0;   7.5;   0.5;   4;    0.067;   0;eor
      161;20151007;   3;   14.8;  14.6;   6.9; 1003.03;   86.92;   2.5;   17.9;   12.2;    9.3;   9.4;   0.1;   4;    0.900;   0;eor
      161;20151008;   3;   13.5;  13.0;   7.7; 1011.02;   84.00;   1.8;   16.8;   11.8;   10.6;   6.9;   0.0;   4;    0.417;   0;eor
      161;20151009;   3;   12.6;  13.0;   7.8; 1012.39;   89.46;   1.9;   13.2;   11.7;   11.4;   5.9;   0.8;   4;    0.000;   0;eor
      161;20151010;   3;   12.4;  11.7;   6.5; 1009.59;   81.00;   2.0;   15.7;    8.0;    3.9;   6.8;   0.0;   0;    1.117;   0;eor
      161;20151011;   3;    8.8;   7.4;   2.5; 1007.88;   66.25;   2.1;   14.2;    2.8;   -1.5;   8.3;   0.0;   0;    9.767;   0;eor
      161;20151012;   3;    5.1;   6.5;   2.6; 1008.76;   75.96;   1.4;   12.2;   -0.4;   -3.5;   4.9;   0.0;   0;    8.033;   0;eor
      161;20151013;   3;    3.6;   6.9;   6.0; 1007.61;   87.25;   2.3;    9.0;   -1.9;   -5.4;   9.6;   4.8;   4;    0.850;   0;eor
      161;20151014;   3;    3.9;   7.3;   7.7; 1009.02;   90.42;   1.7;    5.1;    2.3;    2.1;   5.6;   3.1;   4;    0.000;   0;eor
      161;20151015;   3;    4.3;   7.6;   7.8; 1008.05;   91.33;   2.1;    5.5;    3.4;    3.1;   8.0;   8.0;   4;    0.000;   0;eor
      161;20151016;   3;    6.8;   8.6;   8.0; 1009.23;   86.71;   1.1;    9.1;    5.0;    4.5;   3.5;   0.0;   4;    0.000;   0;eor
      161;20151017;   3;    7.2;   8.4;   8.0; 1009.35;   82.50;   1.5;    8.9;    5.5;    4.9;   4.7;   0.0;   0;    0.183;   0;eor
      161;20151018;   3;    7.4;   8.9;   6.9; 1010.37;   87.04;   0.8;   11.4;    5.6;    4.7;   3.7;   0.0;   4;    2.250;   0;eor
      161;20151019;   3;    8.7;   9.9;   7.8; 1012.52;   87.88;   1.1;   11.6;    6.2;    5.6;   4.9;   0.0;   0;    0.133;   0;eor
      161;20151020;   3;    9.8;  10.5;   7.8; 1013.83;   87.00;   1.5;   11.5;    8.2;    5.7;   5.0;   0.7;   4;    0.000;   0;eor
      161;20151021;   3;   10.2;  10.6;   7.8; 1011.59;   85.54;   1.3;   13.5;    8.2;    5.9;   5.3;   0.0;   4;    0.400;   0;eor
      161;20151022;   3;   11.6;  11.7;   7.8; 1008.10;   85.79;   2.5;   13.7;    9.8;    8.9;   8.3;   0.3;   4;    0.000;   0;eor
      161;20151023;   3;   10.8;  11.3;   6.8; 1014.67;   87.54;   1.2;   14.8;    7.0;    3.2;   4.1;   0.0;   0;    2.567;   0;eor
      161;20151024;   3;   10.8;  11.0;   7.7; 1009.52;   85.54;   1.3;   15.0;    8.0;    6.0;   5.6;   0.1;   4;    0.300;   0;eor
      161;20151025;   3;   11.3;  12.2;   7.3; 1014.65;   91.25;   1.0;   15.1;    7.6;    4.0;   4.1;   0.0;   0;    0.283;   0;eor
      161;20151026;   3;    9.5;  10.5;   2.4; 1011.53;   89.00;   1.8;   17.5;    4.6;    0.8;   7.2;   0.0;   0;    7.333;   0;eor
      161;20151027;   3;    7.6;  10.0;   6.4; 1008.24;   95.08;   1.7;   12.1;    3.8;    0.4;   5.7;   0.0;   0;    0.050;   0;eor
      161;20151028;   3;    9.3;  10.4;   7.1; 1003.97;   89.00;   2.3;   11.7;    7.8;    4.3;   5.5;   0.3;   4;    0.617;   0;eor
      161;20151029;   3;   10.4;  11.1;   4.3; 1010.03;   88.29;   1.4;   16.3;    4.4;    0.7;   6.2;   0.0;   4;    4.233;   0;eor
      161;20151030;   3;    7.4;   9.9;   5.7; 1017.36;   95.58;   1.1;   12.6;    3.8;    0.7;   2.6;   0.0;   0;    0.000;   0;eor
      161;20151031;   3;    6.9;   9.1;   4.9; 1019.06;   91.33;   2.0;   10.5;    2.0;   -1.1;   6.1;   0.0;   0;    0.000;   0;eor
      161;20151101;   3;    6.2;   9.4;   6.5; 1021.90;   98.58;   1.4;   10.6;    3.2;    0.0;   4.2;   0.0;   0;    1.600;   0;eor
      161;20151102;   3;    4.5;   8.2;   5.7; 1018.89;   96.71;   1.3;   11.5;    1.4;   -1.4;   4.9;   0.0;   0;    3.050;   0;eor
      161;20151103;   3;    4.0;   7.4;   6.6; 1013.71;   91.38;   1.7;    7.6;    2.1;   -0.2;   5.0;   0.0;   0;    1.483;   0;eor
      161;20151104;   3;    7.6;   9.4;   6.5; 1011.63;   88.63;   1.2;   14.7;    0.9;   -1.6;   4.5;   0.1;   4;    2.600;   0;eor
      161;20151105;   3;   11.1;  11.9;   6.7; 1012.10;   89.46;   1.0;   17.7;    5.6;    3.0;   3.0;   0.3;   4;    5.200;   0;eor
      161;20151106;   3;   13.6;  14.1;   7.7; 1012.66;   90.58;   1.4;   17.1;   10.0;    7.7;   6.6;   3.5;   4;    0.250;   0;eor
      161;20151107;   3;   16.2;  17.1;   7.2; 1015.03;   92.79;   1.4;   18.7;   12.5;    8.7;   7.0;   0.0;   4;    0.000;   0;eor
      161;20151108;   3;   13.1;  13.6;   3.5; 1017.26;   90.17;   1.2;   18.6;    8.8;    6.1;   4.8;   0.5;   4;    5.000;   0;eor
      161;20151109;   3;   15.3;  12.6;   6.4; 1014.72;   73.29;   3.2;   18.7;    9.1;    7.9;  11.4;   0.2;   4;    2.767;   0;eor
      161;20151110;   3;   13.4;  12.1;   7.9; 1016.29;   79.00;   4.2;   14.4;   12.2;   11.3;  11.8;   0.0;   0;    0.017;   0;eor
      161;20151111;   3;   12.1;  10.9;   5.8; 1016.55;   77.33;   2.7;   13.9;   10.1;    6.1;   8.3;   0.1;   4;    5.033;   0;eor
      161;20151112;   3;   11.6;  11.5;   5.5; 1016.75;   84.83;   1.4;   16.0;    6.8;    3.1;   6.9;   0.0;   0;    5.733;   0;eor
      161;20151113;   3;   10.6;  10.7;   5.7; 1014.62;   83.25;   2.5;   13.4;    6.6;    4.8;  11.4;   0.5;   4;    0.033;   0;eor
      161;20151114;   3;    9.1;   8.9;   6.0; 1016.80;   76.92;   3.6;   11.3;    6.4;    3.5;  10.3;   0.3;   4;    0.933;   0;eor
      161;20151115;   3;   13.6;  11.6;   6.4; 1006.22;   74.54;   4.6;   17.1;    9.9;    6.8;  13.7;   0.0;   0;    4.100;   0;eor
      161;20151116;   3;   11.3;  11.0;   7.4; 1006.85;   82.29;   3.0;   12.5;    8.0;    3.8;  14.0;   1.2;   4;    0.017;   0;eor
      161;20151117;   3;   14.2;  14.0;   7.7; 1001.40;   86.50;   3.2;   17.3;   11.9;   11.1;  15.4;   1.6;   4;    0.017;   0;eor
      161;20151118;   3;   14.2;  10.4;   6.5; 1006.28;   64.13;   5.3;   16.9;   12.5;   10.4;  17.8;   0.0;   4;    0.867;   0;eor
      161;20151119;   3;   12.6;  11.4;   7.6; 1004.85;   79.08;   3.7;   15.7;    8.8;    8.3;  12.1;   9.1;   4;    0.000;   0;eor
      161;20151120;   3;    7.7;   9.4;   7.3;  997.58;   88.67;   1.8;   10.2;    3.1;   -0.4;   8.6;   3.5;   4;    0.000;   0;eor
      161;20151121;   3;    3.5;   6.9;   6.8;  989.37;   88.54;   1.8;    7.5;   -0.4;   -3.0;   7.4;   2.6;   4;    1.200;   0;eor
      161;20151122;   3;    3.4;   6.4;   6.7;  999.02;   82.88;   3.2;    6.4;    1.5;   -0.8;  12.1;   1.7;   4;    3.217;   0;eor
      161;20151123;   3;    2.6;   6.3;   7.0; 1013.19;   85.25;   2.5;    5.8;   -0.4;   -2.3;   9.8;   0.0;   0;    2.050;   0;eor
      161;20151124;   3;    1.6;   5.9;   7.1; 1010.10;   86.00;   2.9;    3.5;   -1.6;   -5.3;   9.1;   2.0;   4;    0.000;   0;eor
      161;20151125;   3;    4.9;   7.4;   7.6;  998.49;   85.63;   1.9;    7.6;    2.6;    1.8;   6.6;   1.4;   4;    2.017;   0;eor
      161;20151126;   3;    4.6;   7.6;   6.6; 1008.04;   89.25;   2.0;    6.6;   -0.3;   -3.1;   7.6;   0.1;   4;    0.250;   0;eor
      161;20151127;   3;    1.6;   6.4;   7.1; 1009.66;   93.42;   2.2;    4.2;   -1.0;   -1.9;   7.9;   0.9;   4;    1.883;   0;eor
      161;20151128;   3;    4.9;   6.6;   6.5; 1004.76;   76.79;   3.3;    7.8;    1.8;    0.4;  12.8;   1.5;   4;    3.983;   0;eor
      161;20151129;   3;    9.4;   9.4;   7.5; 1003.83;   79.00;   5.7;   12.1;    5.9;    4.7;  15.4;   4.4;   4;    0.000;   0;eor
      161;20151130;   3;   10.6;  10.2;   7.6; 1008.38;   80.21;   4.7;   12.7;    8.3;    6.7;  17.4;   2.7;   4;    0.000;   0;eor
      161;20151201;   3;   11.0;  11.9;   7.5; 1014.33;   90.58;   2.6;   13.8;    9.3;    9.0;  12.8;   1.8;   4;    0.000;   0;eor
      161;20151202;   3;   10.4;   9.2;   8.0; 1019.82;   72.63;   1.9;   12.1;    8.2;    6.6;   5.7;   0.0;   0;    0.000;   0;eor
      161;20151203;   3;    7.8;   8.1;   6.2; 1019.51;   76.67;   1.8;   10.5;    3.3;    0.3;   4.9;   0.0;   0;    1.267;   0;eor
      161;20151204;   3;    7.1;   8.4;   4.7; 1019.78;   83.54;   2.5;   11.4;    1.6;   -2.2;  13.6;   0.5;   4;    1.700;   0;eor
      161;20151205;   3;    5.4;   7.6;   3.3; 1020.87;   85.04;   2.5;    8.6;   -0.1;   -3.7;   9.6;   0.0;   0;    1.350;   0;eor
      161;20151206;   3;    8.7;   9.0;   4.9; 1017.11;   79.92;   3.2;   11.6;    3.3;   -1.8;  12.3;   0.0;   0;    1.917;   0;eor
      161;20151207;   3;    8.8;   9.7;   5.3; 1022.42;   86.33;   1.2;   14.5;    3.1;   -0.4;   4.8;   0.0;   4;    5.650;   0;eor
      161;20151208;   3;    3.9;   8.0;   5.4; 1021.49;   99.58;   1.1;    6.5;    1.4;   -1.4;   4.3;   4.2;   4;    0.317;   0;eor
      161;20151209;   3;    5.9;   8.3;   4.4; 1026.77;   89.92;   1.3;   10.3;   -0.1;   -3.7;   7.3;   0.0;   4;    3.117;   0;eor
      161;20151210;   3;    4.1;   7.0;   4.6; 1025.06;   86.21;   2.4;    6.3;    1.1;   -3.1;   6.4;   0.0;   0;    4.283;   0;eor
      161;20151211;   3;    5.2;   7.6;   7.4; 1016.78;   85.58;   2.8;    9.2;    1.5;   -0.8;   8.2;   3.5;   4;    0.000;   0;eor
      161;20151212;   3;    7.9;   9.9;   7.7; 1013.54;   92.50;   1.7;   10.9;    5.8;    5.2;  10.4;   0.5;   4;    0.000;   0;eor
      161;20151213;   3;    8.4;   9.7;   7.4; 1011.23;   88.29;   1.9;   10.4;    7.1;    2.9;   8.6;   1.1;   4;    0.000;   0;eor
      161;20151214;   3;    6.4;   8.9;   6.3; 1012.52;   92.42;   1.2;    9.5;    1.2;   -1.5;   5.4;   0.0;   0;    0.550;   0;eor
      161;20151215;   3;    5.5;   8.5;   6.5; 1014.82;   93.83;   0.7;    9.5;    1.1;   -0.8;   3.0;   6.0;   4;    1.517;   0;eor
      161;20151216;   3;    8.9;  11.2;   7.7; 1015.60;   97.58;   0.8;   11.5;    5.9;    4.9;   3.2;   2.4;   4;    0.000;   0;eor
      161;20151217;   3;   11.8;  13.1;   7.3; 1015.18;   94.38;   1.4;   15.0;    9.8;    6.0;   5.4;   3.0;   4;    0.033;   0;eor
      161;20151218;   3;   11.7;  12.2;   7.7; 1014.04;   88.25;   1.9;   13.7;   10.0;    7.5;   6.4;   0.0;   0;    0.750;   0;eor
      161;20151219;   3;   10.7;  11.7;   5.7; 1013.47;   90.58;   1.5;   14.3;    5.1;    2.2;   6.2;   0.0;   0;    0.700;   0;eor
      161;20151220;   3;    8.0;   9.8;   6.0; 1010.82;   91.46;   1.6;   11.6;    3.7;    1.1;   5.9;   1.0;   4;    0.000;   0;eor
      161;20151221;   3;   10.4;  10.2;   6.1; 1013.60;   81.25;   3.4;   11.9;    8.7;    6.0;  12.0;   0.4;   4;    3.200;   0;eor
      161;20151222;   3;   11.9;  10.5;   7.8; 1015.38;   75.71;   4.2;   13.1;   10.4;    8.5;  14.0;   0.1;   4;    0.067;   0;eor
      161;20151223;   3;   10.0;   9.6;   3.3; 1016.62;   78.46;   3.6;   14.1;    4.2;    0.1;  12.5;   0.0;   4;    4.550;   0;eor
      161;20151224;   3;    9.7;  10.1;   7.3; 1014.44;   83.83;   2.1;   14.1;    4.2;    0.8;   9.8;   0.5;   4;    1.583;   0;eor
      161;20151225;   3;   11.0;  10.9;   7.7; 1018.43;   82.42;   3.0;   13.6;    8.1;    7.3;  10.7;   0.1;   4;    0.450;   0;eor
      161;20151226;   3;   11.2;  10.5;   2.3; 1018.70;   78.88;   2.9;   13.9;    8.6;    5.3;   8.8;   0.0;   0;    6.167;   0;eor
      161;20151227;   3;    8.0;   9.4;   1.9; 1019.69;   87.54;   2.0;   11.7;    2.0;   -1.1;   6.2;   0.0;   0;    1.667;   0;eor
      161;20151228;   3;    2.5;   7.3;   6.5; 1019.39;   99.75;   1.1;    4.4;   -0.6;   -2.1;   3.3;   0.0;   0;    0.000;   0;eor
      161;20151229;   3;    3.0;   7.4;   2.6; 1018.12;   95.50;   1.1;    8.3;   -2.1;   -4.5;   2.8;   0.0;   0;    5.433;   0;eor
      161;20151230;   3;    4.5;   7.6;   6.5; 1017.62;   89.92;   2.8;    8.7;   -0.2;   -2.4;   9.2;   0.0;   0;    1.017;   0;eor
      161;20151231;   3;    4.9;   7.6;   4.0; 1012.88;   87.46;   1.9;   11.0;   -1.2;   -3.9;   6.0;   0.8;   4;    2.633;   0;eor
      161;20160101;   3;    4.1;   7.7;   8.0; 1015.40;   93.83;   1.8;    7.0;    0.3;    0.0;   7.9;   0.0;   4;    0.000;   0;eor
      161;20160102;   3;    4.4;   7.3;   7.9; 1004.36;   87.92;   3.3;    6.3;    3.7;    3.3;   8.7;   2.3;   4;    0.000;   0;eor
      161;20160103;   3;    5.8;   7.9;   7.6;  995.79;   85.83;   3.0;    7.9;    4.0;    3.7;  10.6;   4.9;   4;    0.067;   0;eor
      161;20160104;   3;    5.5;   8.0;   7.7;  982.50;   88.67;   2.2;    8.2;    2.7;    2.3;   9.3;   0.3;   4;    0.183;   0;eor
      161;20160105;   3;    6.5;   8.2;   7.8;  985.38;   84.88;   1.9;    8.5;    5.0;    1.4;   6.1;   0.2;   4;    0.283;   0;eor
      161;20160106;   3;    5.9;   8.6;   7.8;  990.25;   92.50;   1.1;    7.4;    2.9;   -0.8;   4.2;   0.7;   4;    0.000;   0;eor
      161;20160107;   3;    5.3;   7.8;   6.6;  987.65;   87.88;   3.0;    7.8;    2.7;   -0.3;  11.7;   3.5;   4;    0.000;   0;eor
      161;20160108;   3;    3.1;   6.4;   0.5;  995.73;   83.96;   2.3;    7.0;   -2.6;   -5.5;   8.6;   0.0;   0;    6.483;   0;eor
      161;20160109;   3;    1.0;   6.5;   7.8;  994.08;   97.46;   1.4;    5.0;   -2.5;   -4.1;   4.6;   0.6;   4;    0.000;   0;eor
      161;20160110;   3;    6.5;   8.1;   6.8;  986.05;   84.33;   2.5;    9.8;    1.4;   -0.1;  12.2;   1.2;   4;    3.500;   0;eor
      161;20160111;   1;    4.8;   7.8;   6.5;  981.13;   90.46;   2.0;    7.2;    0.8;   -2.2;   8.6;   2.2;   4;    0.000;   0;eor
      161;20160112;   1;    5.9;   7.4;   6.6;  987.99;   79.54;   3.3;    9.1;    3.0;    0.0;  11.6;   1.4;   4;    1.333;   0;eor
      161;20160113;   1;    5.0;   7.1;   6.3; 1002.24;   81.54;   3.4;    7.0;    0.6;   -2.2;  12.3;   3.8;   4;    0.167;   0;eor
      161;20160114;   1;    3.2;   6.4;   7.3;  999.75;   83.46;   3.1;    5.6;    1.2;   -1.1;   9.9;   1.1;   4;    0.000;   0;eor
      161;20160115;   1;    3.0;   6.4;   7.5;  999.82;   84.08;   4.0;    4.2;    2.1;   -0.5;  12.1;   0.9;   4;    0.000;   0;eor
      161;20160116;   1;    2.1;   6.0;   6.4; 1011.89;   84.38;   3.0;    5.4;    0.5;   -1.7;  14.9;   2.7;   4;    1.500;   0;eor
      161;20160117;   1;    0.2;   4.8;   7.1; 1015.53;   77.33;   3.0;    2.1;   -4.6;   -7.7;  11.9;   0.1;   4;    1.233;   1;eor
      161;20160118;   1;   -4.4;   3.7;   0.8; 1012.07;   84.42;   1.5;   -0.6;   -7.7;  -10.7;   4.9;   0.0;   0;    7.050;   1;eor
      161;20160119;   1;   -6.1;   3.4;   4.7; 1008.35;   87.17;   1.6;   -2.9;   -9.2;  -11.5;   4.6;   0.0;   0;    1.167;   1;eor
      161;20160120;   1;   -2.6;   4.5;   7.8; 1010.80;   88.63;   0.6;   -0.1;   -7.4;   -7.3;   2.3;   1.6;   4;    0.000;   1;eor
      161;20160121;   1;    0.1;   5.7;   6.6; 1017.50;   92.50;   1.0;    2.5;   -4.7;   -8.9;   4.0;   0.0;   0;    0.000;   2;eor
      161;20160122;   1;   -2.6;   4.4;   3.6; 1018.87;   87.71;   2.7;    0.6;   -6.9;  -10.5;   7.9;   3.9;   4;    4.967;   0;eor
      161;20160123;   1;    2.6;   7.1;   8.0; 1022.93;   95.63;   1.0;    6.2;    0.2;    0.0;   4.8;   0.0;   4;    0.000;   1;eor
      161;20160124;   1;    5.0;   7.9;   7.8; 1023.20;   90.29;   1.4;    7.3;    1.7;   -0.3;   5.1;   1.2;   4;    0.000;   0;eor
      161;20160125;   1;    7.1;   9.1;   4.8; 1018.93;   90.04;   1.0;   14.7;    3.0;   -0.9;   5.7;   0.0;   0;    4.450;   0;eor
      161;20160126;   1;    8.7;   9.2;   7.0; 1015.57;   81.46;   2.5;   11.3;    4.5;    1.2;  11.0;   0.0;   0;    0.017;   0;eor
      161;20160127;   1;   11.4;   8.8;   7.8; 1009.37;   65.71;   5.1;   13.1;    9.4;    7.6;  14.3;   2.2;   4;    0.150;   0;eor
      161;20160128;   1;    7.2;   8.1;   5.0; 1014.71;   79.67;   2.4;   12.4;   -1.3;   -4.3;  11.1;   0.0;   4;    3.117;   0;eor
      161;20160129;   1;    4.8;   7.2;   5.3; 1017.78;   83.63;   2.8;    9.5;   -2.2;   -5.6;  10.2;   0.0;   4;    0.900;   0;eor
      161;20160130;   1;    7.3;   8.4;   6.8; 1005.31;   82.04;   4.8;    9.4;    2.8;   -2.0;  13.0;   2.6;   4;    0.000;   0;eor
      161;20160131;   1;    6.2;   8.0;   7.3; 1002.75;   83.08;   2.8;   11.7;    1.0;   -1.6;   8.3;   1.4;   4;    0.000;   0;eor
      161;20160201;   1;   12.5;  10.9;   7.8; 1009.41;   75.21;   4.2;   14.0;    8.8;    8.2;  13.9;   0.0;   4;    0.000;   0;eor
      161;20160202;   1;   10.4;  10.2;   7.7; 1007.78;   80.67;   4.1;   13.2;    5.6;    3.5;  13.2;   3.9;   4;    0.083;   0;eor
      161;20160203;   1;    5.2;   6.6;   5.5; 1010.27;   74.75;   2.9;    7.3;    2.6;    1.0;  10.9;   1.5;   4;    2.967;   0;eor
      161;20160204;   1;    5.1;   7.3;   7.0; 1014.28;   83.04;   3.3;    8.3;    3.1;    1.2;  10.8;   4.6;   4;    0.000;   0;eor
      161;20160205;   1;    7.5;   9.0;   7.9; 1015.75;   86.50;   1.7;   11.0;    3.7;    3.0;   7.0;   0.3;   4;    0.000;   0;eor
      161;20160206;   1;    9.5;   8.8;   3.6; 1003.57;   75.04;   3.2;   13.2;    4.8;    1.0;  11.1;   0.0;   0;    5.450;   0;eor
      161;20160207;   1;    8.0;   8.0;   5.4;  994.29;   73.79;   2.9;   11.1;    4.5;    0.5;  15.8;   0.1;   4;    0.633;   0;eor
      161;20160208;   1;    8.5;   8.0;   6.2;  989.32;   71.96;   6.1;   10.2;    6.8;    5.7;  16.4;   6.1;   4;    0.983;   0;eor
      161;20160209;   1;    7.3;   7.9;   6.3;  983.10;   76.29;   4.6;   12.0;    4.1;    2.4;  20.7;   4.3;   4;    0.000;   0;eor
