STATIONS_ID; MESS_DATUM; QUALITAETS_NIVEAU; LUFTTEMPERATUR;DAMPFDRUCK;BEDECKUNGSGRAD;LUFTDRUCK_STATIONSHOEHE;REL_FEUCHTE; WINDGESCHWINDIGKEIT; LUFTTEMPERATUR_MAXIMUM;LUFTTEMPERATUR_MINIMUM;LUFTTEMP_AM_ERDB_MINIMUM; WINDSPITZE_MAXIMUM; NIEDERSCHLAGSHOEHE;NIEDERSCHLAGSHOEHE_IND;SONNENSCHEINDAUER; SCHNEEHOEHE;eor
      151;20140808;   3;   19.8;  14.2;  -999;    -999;   65.79;-999;   27.6;   11.1;    9.2;-999;   0.0;   0;     -999;   0;eor
      151;20140809;   3;   19.8;  15.4;  -999;    -999;   68.50;-999;   25.9;   13.5;   11.2;-999;   0.0;   4;     -999;   0;eor
      151;20140810;   3;   21.8;  16.0;  -999;    -999;   65.83;-999;   30.4;   12.4;   10.4;-999;   8.0;   4;     -999;   0;eor
      151;20140811;   3;   18.7;  15.2;  -999;    -999;   71.33;-999;   22.1;   15.3;   13.8;-999;   0.0;   4;     -999;   0;eor
      151;20140812;   3;   17.5;  13.0;  -999;    -999;   66.54;-999;   22.1;   14.4;   12.6;-999;   0.0;   0;     -999;   0;eor
      151;20140813;   3;   15.0;  14.0;  -999;    -999;   81.79;-999;   16.7;   12.7;   10.2;-999;   3.5;   4;     -999;   0;eor
      151;20140814;   3;   15.2;  12.8;  -999;    -999;   74.75;-999;   20.2;    9.8;    7.8;-999;   0.0;   0;     -999;   0;eor
      151;20140815;   3;   13.5;  13.0;  -999;    -999;   83.96;-999;   18.2;    9.5;    7.6;-999;  12.1;   4;     -999;   0;eor
      151;20140816;   3;   13.7;  12.7;  -999;    -999;   81.67;-999;   17.9;   10.8;    9.1;-999;   2.9;   4;     -999;   0;eor
      151;20140817;   3;   16.0;  12.2;  -999;    -999;   69.63;-999;   21.3;   11.5;    9.1;-999;   0.0;   0;     -999;   0;eor
      151;20140818;   3;   15.1;  11.5;  -999;    -999;   68.42;-999;   19.9;    8.9;    6.5;-999;   0.0;   0;     -999;   0;eor
      151;20140819;   3;   14.6;  11.1;  -999;    -999;   69.58;-999;   21.4;    9.5;    7.1;-999;   0.0;   0;     -999;   0;eor
      151;20140820;   3;   13.7;   9.8;  -999;    -999;   65.71;-999;   18.9;    7.1;    5.2;-999;   0.2;   4;     -999;   0;eor
      151;20140821;   3;   14.1;  10.1;  -999;    -999;   65.71;-999;   20.1;    8.4;    6.4;-999;   0.0;   0;     -999;   0;eor
      151;20140822;   3;   12.9;   9.7;  -999;    -999;   69.21;-999;   20.4;    5.8;    4.2;-999;   0.0;   0;     -999;   0;eor
      151;20140823;   3;   13.2;  10.6;  -999;    -999;   71.79;-999;   19.9;    5.6;    3.9;-999;   0.1;   4;     -999;   0;eor
      151;20140824;   3;   12.3;  10.3;  -999;    -999;   72.29;-999;   16.3;    6.1;    3.8;-999;   0.7;   4;     -999;   0;eor
      151;20140825;   3;   12.5;   9.4;  -999;    -999;   68.08;-999;   19.1;    3.6;    2.2;-999;   7.0;   4;     -999;   0;eor
      151;20140826;   3;   14.3;  14.9;  -999;    -999;   90.92;-999;   18.9;   11.4;   11.1;-999;  18.0;   4;     -999;   0;eor
      151;20140827;   3;   14.3;  12.5;  -999;    -999;   78.75;-999;   20.4;    7.5;    6.0;-999;   0.0;   4;     -999;   0;eor
      151;20140828;   3;   13.7;  11.6;  -999;    -999;   77.29;-999;   22.8;    6.3;    5.2;-999;   0.0;   0;     -999;   0;eor
      151;20140829;   3;   16.7;  14.5;  -999;    -999;   76.46;-999;   22.3;   12.3;   10.7;-999;   0.2;   4;     -999;   0;eor
      151;20140830;   3;   16.5;  13.7;  -999;    -999;   75.58;-999;   22.8;   11.3;    9.9;-999;   7.5;   4;     -999;   0;eor
      151;20140831;   3;   13.4;  14.2;  -999;    -999;   91.75;-999;   15.9;   10.8;    9.8;-999;  13.4;   4;     -999;   0;eor
      151;20140901;   3;   12.7;  12.7;  -999;    -999;   87.00;-999;   15.3;    9.5;    7.9;-999;   0.1;   4;     -999;   0;eor
      151;20140902;   3;   14.0;  13.7;  -999;    -999;   86.50;-999;   18.4;   10.0;    8.7;-999;   0.2;   4;     -999;   0;eor
      151;20140903;   3;   15.4;  14.2;  -999;    -999;   81.33;-999;   18.7;   12.7;   12.1;-999;   0.0;   0;     -999;   0;eor
      151;20140904;   3;   17.7;  16.0;  -999;    -999;   80.04;-999;   23.6;   12.0;   10.5;-999;   0.0;   0;     -999;   0;eor
      151;20140905;   3;   17.9;  16.2;  -999;    -999;   80.54;-999;   26.2;   11.2;    9.9;-999;   0.0;   0;     -999;   0;eor
      151;20140906;   3;   18.9;  17.0;  -999;    -999;   79.83;-999;   25.8;   13.2;   11.7;-999;   1.3;   4;     -999;   0;eor
      151;20140907;   3;   18.5;  17.6;  -999;    -999;   84.04;-999;   26.2;   13.7;   12.6;-999;   1.1;   4;     -999;   0;eor
      151;20140908;   3;   18.3;  17.5;  -999;    -999;   84.75;-999;   24.9;   13.6;   12.1;-999;   0.0;   0;     -999;   0;eor
      151;20140909;   3;   16.2;  14.2;  -999;    -999;   79.50;-999;   22.4;   10.9;    9.1;-999;   0.0;   0;     -999;   0;eor
      151;20140910;   3;   14.6;  12.1;  -999;    -999;   74.67;-999;   21.0;    9.6;    8.2;-999;   0.0;   0;     -999;   0;eor
      151;20140911;   3;   12.1;  12.0;  -999;    -999;   85.46;-999;   17.2;    7.7;    5.9;-999;  14.5;   4;     -999;   0;eor
      151;20140912;   3;   12.9;  14.3;  -999;    -999;   95.96;-999;   14.7;   11.4;   11.2;-999;   8.0;   4;     -999;   0;eor
      151;20140913;   3;   14.7;  15.8;  -999;    -999;   93.71;-999;   18.6;   12.0;   11.7;-999;   9.2;   4;     -999;   0;eor
      151;20140914;   3;   15.1;  15.7;  -999;    -999;   91.67;-999;   17.6;   12.2;   10.6;-999;   0.5;   4;     -999;   0;eor
      151;20140915;   3;   16.4;  15.6;  -999;    -999;   84.63;-999;   22.6;   11.3;    9.7;-999;   0.0;   0;     -999;   0;eor
      151;20140916;   3;   15.5;  14.1;  -999;    -999;   82.33;-999;   22.8;   10.1;    9.1;-999;   0.0;   0;     -999;   0;eor
      151;20140917;   3;   15.6;  14.0;  -999;    -999;   80.96;-999;   23.3;    9.2;    8.6;-999;   0.0;   0;     -999;   0;eor
      151;20140918;   3;   15.5;  14.0;  -999;    -999;   81.42;-999;   23.6;    8.6;    7.8;-999;   0.0;   0;     -999;   0;eor
      151;20140919;   3;   18.1;  15.9;  -999;    -999;   78.38;-999;   24.9;   11.8;   10.0;-999;   0.0;   0;     -999;   0;eor
      151;20140920;   3;   16.5;  17.0;  -999;    -999;   91.00;-999;   21.4;   12.4;   11.0;-999;   3.2;   4;     -999;   0;eor
      151;20140921;   3;   14.1;  15.4;  -999;    -999;   95.33;-999;   16.8;   11.2;   10.0;-999;  15.5;   4;     -999;   0;eor
      151;20140922;   3;    9.6;  10.7;  -999;    -999;   89.13;-999;   12.2;    7.5;    6.3;-999;   5.0;   4;     -999;   0;eor
      151;20140923;   3;    9.1;   9.0;  -999;    -999;   79.63;-999;   14.6;    2.6;    1.4;-999;   0.0;   0;     -999;   0;eor
      151;20140924;   3;    9.3;   9.2;  -999;    -999;   79.71;-999;   16.7;    2.0;    2.1;-999;   0.0;   0;     -999;   0;eor
      151;20140925;   3;   11.1;  11.0;  -999;    -999;   83.42;-999;   14.2;    7.4;    5.3;-999;   0.0;   0;     -999;   0;eor
      151;20140926;   3;   13.1;  12.1;  -999;    -999;   80.88;-999;   16.0;   10.0;    9.4;-999;   0.2;   4;     -999;   0;eor
      151;20140927;   3;   14.4;  12.8;  -999;    -999;   80.21;-999;   20.9;    6.9;    5.0;-999;   0.0;   0;     -999;   0;eor
      151;20140928;   3;   12.0;  11.7;  -999;    -999;   84.83;-999;   21.2;    6.0;    4.9;-999;   0.0;   0;     -999;   0;eor
      151;20140929;   3;   13.1;  13.0;  -999;    -999;   87.25;-999;   22.4;    6.7;    5.2;-999;   0.0;   0;     -999;   0;eor
      151;20140930;   3;   15.5;  15.2;  -999;    -999;   86.79;-999;   20.6;   10.5;    9.0;-999;   0.0;   0;     -999;   0;eor
      151;20141001;   3;   15.6;  15.6;  -999;    -999;   88.54;-999;   21.2;   13.0;   10.9;-999;   0.0;   0;     -999;   0;eor
      151;20141002;   3;   13.7;  13.6;  -999;    -999;   87.88;-999;   20.8;    8.8;    6.8;-999;   0.0;   0;     -999;   0;eor
      151;20141003;   3;   11.4;  11.6;  -999;    -999;   87.04;-999;   20.3;    6.6;    4.7;-999;   0.0;   0;     -999;   0;eor
      151;20141004;   3;   10.3;  10.6;  -999;    -999;   85.58;-999;   17.8;    6.1;    3.9;-999;   0.0;   0;     -999;   0;eor
      151;20141005;   3;   10.9;  10.3;  -999;    -999;   79.88;-999;   15.7;    6.6;    4.7;-999;   0.0;   0;     -999;   0;eor
      151;20141006;   3;    9.1;  10.2;  -999;    -999;   88.50;-999;   17.3;    4.6;    2.9;-999;   0.0;   0;     -999;   0;eor
      151;20141007;   3;   10.8;  12.2;  -999;    -999;   92.54;-999;   15.3;    4.2;    2.8;-999;   3.5;   4;     -999;   0;eor
      151;20141008;   3;   15.2;  14.1;  -999;    -999;   82.42;-999;   19.3;   12.5;   11.6;-999;   0.0;   0;     -999;   0;eor
      151;20141009;   3;   16.6;  14.0;  -999;    -999;   76.25;-999;   23.8;   11.1;    8.4;-999;   0.0;   0;     -999;   0;eor
      151;20141010;   3;   14.2;  14.7;  -999;    -999;   91.13;-999;   17.9;   10.3;    8.2;-999;   0.0;   0;     -999;   0;eor
      151;20141011;   3;   14.3;  15.0;  -999;    -999;   92.29;-999;   17.4;    9.9;    8.1;-999;   0.0;   0;     -999;   0;eor
      151;20141012;   3;   14.4;  14.3;  -999;    -999;   87.96;-999;   20.6;    9.8;    8.8;-999;   0.0;   0;     -999;   0;eor
      151;20141013;   3;   13.3;  14.3;  -999;    -999;   92.92;-999;   17.5;    8.6;    6.5;-999;   5.3;   4;     -999;   0;eor
      151;20141014;   3;   14.5;  14.2;  -999;    -999;   86.75;-999;   19.5;    9.1;    7.1;-999;   0.1;   4;     -999;   0;eor
      151;20141015;   3;   11.9;  12.8;  -999;    -999;   92.42;-999;   18.5;    8.4;    6.8;-999;   9.4;   4;     -999;   0;eor
      151;20141016;   3;   14.0;  14.1;  -999;    -999;   89.13;-999;   19.1;   10.9;   10.8;-999;   6.8;   4;     -999;   0;eor
      151;20141017;   3;   12.7;  13.5;  -999;    -999;   91.83;-999;   15.3;    8.8;    7.1;-999;   3.8;   4;     -999;   0;eor
      151;20141018;   3;   10.7;  12.3;  -999;    -999;   95.79;-999;   14.9;    7.5;    5.6;-999;   0.0;   0;     -999;   0;eor
      151;20141019;   3;   11.1;  12.9;  -999;    -999;   97.33;-999;   14.4;    9.1;    7.5;-999;   0.0;   0;     -999;   0;eor
      151;20141020;   3;   14.4;  14.8;  -999;    -999;   90.29;-999;   16.1;    9.8;    8.2;-999;   0.6;   4;     -999;   0;eor
      151;20141021;   3;   11.2;  11.2;  -999;    -999;   84.83;-999;   15.6;    6.7;    4.0;-999;   6.5;   4;     -999;   0;eor
      151;20141022;   3;    6.2;   8.2;  -999;    -999;   87.00;-999;    7.7;    4.5;    4.1;-999;  10.3;   4;     -999;   0;eor
      151;20141023;   3;    8.2;   9.6;  -999;    -999;   88.29;-999;    9.4;    7.1;    5.2;-999;   0.0;   4;     -999;   0;eor
      151;20141024;   3;    7.1;   8.7;  -999;    -999;   87.38;-999;   13.6;    2.4;    0.7;-999;   0.0;   0;     -999;   0;eor
      151;20141025;   3;    6.2;   8.9;  -999;    -999;   93.21;-999;    7.5;    3.3;    2.3;-999;   0.6;   4;     -999;   0;eor
      151;20141026;   3;    7.5;   9.5;  -999;    -999;   91.54;-999;   11.2;    5.6;    3.4;-999;   0.0;   0;     -999;   0;eor
      151;20141027;   3;    6.7;   8.7;  -999;    -999;   88.75;-999;    7.7;    4.8;    5.0;-999;   0.0;   0;     -999;   0;eor
      151;20141028;   3;    4.9;   7.3;  -999;    -999;   84.71;-999;    9.7;   -0.5;   -2.1;-999;   0.0;   0;     -999;   0;eor
      151;20141029;   3;    6.4;   8.7;  -999;    -999;   89.88;-999;   10.6;    1.0;    1.2;-999;   0.0;   0;     -999;   0;eor
      151;20141030;   3;    8.5;   9.2;  -999;    -999;   82.75;-999;   11.2;    4.7;    3.2;-999;   0.0;   0;     -999;   0;eor
      151;20141031;   3;    9.8;  10.9;  -999;    -999;   90.04;-999;   13.3;    6.8;    5.1;-999;   0.0;   0;     -999;   0;eor
      151;20141101;   3;    8.9;  10.3;  -999;    -999;   90.63;-999;   15.6;    4.8;    3.0;-999;   0.0;   0;     -999;   0;eor
      151;20141102;   3;    6.7;   9.6;  -999;    -999;   96.92;-999;   11.1;    3.5;    2.3;-999;   0.0;   0;     -999;   0;eor
      151;20141103;   3;    6.2;   9.2;  -999;    -999;   96.67;-999;    9.1;    4.3;    2.9;-999;   0.0;   0;     -999;   0;eor
      151;20141104;   3;    8.2;   9.3;  -999;    -999;   86.58;-999;   15.1;    3.6;    2.1;-999;   0.0;   0;     -999;   0;eor
      151;20141105;   3;    7.5;   9.7;  -999;    -999;   93.29;-999;   10.2;    3.4;    1.4;-999;   4.6;   4;     -999;   0;eor
      151;20141106;   3;    6.9;   9.3;  -999;    -999;   93.33;-999;    7.7;    5.4;    4.0;-999;   0.7;   4;     -999;   0;eor
      151;20141107;   3;    6.1;   8.6;  -999;    -999;   91.88;-999;    7.9;    3.6;    1.4;-999;   0.0;   0;     -999;   0;eor
      151;20141108;   3;    5.7;   8.3;  -999;    -999;   90.83;-999;   12.2;    0.9;   -0.3;-999;   0.0;   0;     -999;   0;eor
      151;20141109;   3;    4.3;   8.1;  -999;    -999;   96.54;-999;    6.9;   -0.3;   -1.2;-999;   0.1;   4;     -999;   0;eor
      151;20141110;   3;    6.9;   9.3;  -999;    -999;   93.63;-999;    7.5;    6.0;    4.8;-999;   0.2;   4;     -999;   0;eor
      151;20141111;   3;    7.7;   9.7;  -999;    -999;   91.71;-999;   14.1;    4.3;    2.6;-999;   0.0;   0;     -999;   0;eor
      151;20141112;   3;    6.8;   9.7;  -999;    -999;   97.63;-999;   12.6;    3.7;    3.7;-999;   0.4;   4;     -999;   0;eor
      151;20141113;   3;    8.7;  10.9;  -999;    -999;   97.21;-999;    9.7;    7.6;    7.6;-999;   0.0;   0;     -999;   0;eor
      151;20141114;   3;    8.7;  10.0;  -999;    -999;   88.79;-999;   13.3;    3.0;    1.1;-999;   0.0;   0;     -999;   0;eor
      151;20141115;   3;    6.1;   8.9;  -999;    -999;   94.67;-999;   12.4;    3.3;    1.7;-999;   0.0;   4;     -999;   0;eor
      151;20141116;   3;    7.3;   9.0;  -999;    -999;   88.08;-999;    9.8;    1.8;   -0.6;-999;   0.0;   0;     -999;   0;eor
      151;20141117;   3;    3.1;   7.2;  -999;    -999;   94.17;-999;    9.6;    0.1;   -1.3;-999;   0.0;   4;     -999;   0;eor
      151;20141118;   3;    5.3;   8.7;  -999;    -999;   96.96;-999;    7.4;    0.8;    0.0;-999;  13.7;   4;     -999;   0;eor
      151;20141119;   3;    5.3;   8.4;  -999;    -999;   93.79;-999;    6.1;    3.0;    0.5;-999;   0.3;   4;     -999;   0;eor
      151;20141120;   3;    5.5;   8.3;  -999;    -999;   92.58;-999;    7.0;    4.3;    4.3;-999;   1.2;   4;     -999;   0;eor
      151;20141121;   3;    3.5;   6.8;  -999;    -999;   85.75;-999;    6.1;   -1.8;   -3.2;-999;   0.0;   0;     -999;   0;eor
      151;20141122;   3;    0.6;   6.2;  -999;    -999;   96.33;-999;    4.4;   -1.9;   -2.8;-999;   0.0;   0;     -999;   0;eor
      151;20141123;   3;    1.4;   6.6;  -999;    -999;   97.46;-999;    3.5;   -0.7;   -0.4;-999;   0.1;   4;     -999;   0;eor
      151;20141124;   3;    4.4;   8.1;  -999;    -999;   96.92;-999;    5.5;    2.9;    3.0;-999;   0.0;   0;     -999;   0;eor
      151;20141125;   3;    2.3;   6.7;  -999;    -999;   92.25;-999;    8.2;   -3.1;   -5.3;-999;   0.0;   0;     -999;   0;eor
      151;20141126;   3;   -0.1;   5.2;  -999;    -999;   86.00;-999;    5.5;   -4.8;   -6.6;-999;   0.0;   0;     -999;   0;eor
      151;20141127;   3;    2.4;   6.2;  -999;    -999;   85.21;-999;    4.0;    1.2;    0.7;-999;   0.0;   0;     -999;   0;eor
      151;20141128;   3;    1.5;   6.0;  -999;    -999;   88.75;-999;    2.2;    1.0;    1.2;-999;   0.0;   0;     -999;   0;eor
      151;20141129;   3;    1.7;   6.0;  -999;    -999;   87.29;-999;    2.8;    1.1;    1.2;-999;   0.0;   0;     -999;   0;eor
      151;20141130;   3;    1.8;   6.1;  -999;    -999;   87.83;-999;    2.5;    1.4;    1.5;-999;   0.0;   0;     -999;   0;eor
      151;20141201;   3;    1.8;   6.0;  -999;    -999;   86.08;-999;    2.4;    0.9;    0.7;-999;   0.2;   4;     -999;   0;eor
      151;20141202;   3;    1.2;   6.2;  -999;    -999;   92.46;-999;    2.7;    0.1;    0.0;-999;   2.0;   4;     -999;   0;eor
      151;20141203;   3;    1.4;   6.3;  -999;    -999;   93.25;-999;    2.3;    0.3;    0.0;-999;   0.0;   0;     -999;   0;eor
      151;20141204;   3;    4.0;   7.4;  -999;    -999;   90.42;-999;    5.4;    2.2;    2.1;-999;   0.0;   0;     -999;   0;eor
      151;20141205;   3;    3.1;   7.0;  -999;    -999;   91.50;-999;    4.5;    2.2;    2.2;-999;   0.0;   0;     -999;   0;eor
      151;20141206;   3;    3.1;   7.1;  -999;    -999;   93.38;-999;    4.0;    2.3;    2.3;-999;   0.0;   0;     -999;   0;eor
      151;20141207;   3;    2.9;   6.6;  -999;    -999;   87.58;-999;    3.9;    1.7;    0.3;-999;   0.1;   4;     -999;   0;eor
      151;20141208;   3;    1.2;   5.9;  -999;    -999;   87.63;-999;    4.2;   -4.1;   -6.2;-999;   0.0;   4;     -999;   0;eor
      151;20141209;   3;   -1.0;   5.3;  -999;    -999;   93.33;-999;   -0.2;   -3.1;   -2.7;-999;   0.0;   0;     -999;   0;eor
      151;20141210;   3;    0.0;   5.5;  -999;    -999;   89.50;-999;    2.9;   -1.8;   -1.6;-999;   0.4;   4;     -999;   0;eor
      151;20141211;   3;    4.2;   7.1;  -999;    -999;   87.00;-999;    5.7;    2.7;    2.4;-999;   5.9;   4;     -999;   0;eor
      151;20141212;   3;    6.2;   7.1;  -999;    -999;   75.17;-999;    8.8;    3.9;    2.2;-999;   0.1;   4;     -999;   0;eor
      151;20141213;   3;    8.3;   7.2;  -999;    -999;   65.75;-999;   12.7;    4.6;    4.0;-999;   2.9;   4;     -999;   0;eor
      151;20141214;   3;    6.3;   9.0;  -999;    -999;   94.17;-999;    7.7;    4.2;    4.0;-999;   1.6;   4;     -999;   0;eor
      151;20141215;   3;    5.7;   8.5;  -999;    -999;   92.29;-999;    9.4;    1.0;   -1.6;-999;   0.1;   4;     -999;   0;eor
      151;20141216;   3;    3.3;   7.3;  -999;    -999;   93.63;-999;    5.5;    0.7;   -0.4;-999;   0.1;   4;     -999;   0;eor
      151;20141217;   3;    2.9;   6.8;  -999;    -999;   89.33;-999;    4.9;    1.3;   -1.7;-999;   3.5;   4;     -999;   0;eor
      151;20141218;   3;    8.1;  10.2;  -999;    -999;   93.75;-999;   11.5;    4.9;    4.6;-999;   1.4;   4;     -999;   0;eor
      151;20141219;   3;    9.7;   9.7;  -999;    -999;   80.21;-999;   11.3;    4.6;    2.6;-999;   5.9;   4;     -999;   0;eor
      151;20141220;   3;    3.6;   6.5;  -999;    -999;   82.75;-999;    5.1;    1.9;   -1.1;-999;   4.0;   4;     -999;   0;eor
      151;20141221;   3;    4.0;   6.6;  -999;    -999;   81.67;-999;    4.9;    2.7;    1.6;-999;   0.1;   4;     -999;   0;eor
      151;20141222;   3;    6.1;   7.3;  -999;    -999;   77.42;-999;    7.6;    4.7;    4.0;-999;   0.0;   0;     -999;   0;eor
      151;20141223;   3;    7.2;   8.1;  -999;    -999;   79.63;-999;    8.3;    0.9;   -2.7;-999;   0.0;   0;     -999;   0;eor
      151;20141224;   3;    4.4;   6.8;  -999;    -999;   80.67;-999;    8.2;   -1.4;   -4.0;-999;   3.2;   4;     -999;   0;eor
      151;20141225;   3;    3.9;   6.6;  -999;    -999;   80.92;-999;    7.1;    0.9;   -0.6;-999;   0.4;   4;     -999;   0;eor
      151;20141226;   3;   -0.8;   5.2;  -999;    -999;   89.04;-999;    2.7;   -7.1;  -12.1;-999;   2.5;   4;     -999;   0;eor
      151;20141227;   3;   -3.7;   4.1;  -999;    -999;   88.42;-999;   -2.2;   -6.6;  -10.0;-999;   3.3;   4;     -999;   2;eor
      151;20141228;   3;   -6.2;   3.0;  -999;    -999;   77.29;-999;   -3.0;  -12.6;  -14.1;-999;   0.3;   4;     -999;   4;eor
      151;20141229;   3;   -7.1;   3.3;  -999;    -999;   89.92;-999;   -3.6;  -12.3;  -18.3;-999;   2.3;   4;     -999;   4;eor
      151;20141230;   3;   -4.6;   4.0;  -999;    -999;   92.42;-999;   -1.5;  -10.2;  -10.4;-999;   4.0;   4;     -999;   6;eor
      151;20141231;   3;    0.0;   5.7;  -999;    -999;   93.29;-999;    1.5;   -1.6;   -2.5;-999;   0.6;   4;     -999;  10;eor
      151;20150101;   3;    0.7;   6.2;  -999;    -999;   95.79;-999;    2.0;    0.1;   -0.2;-999;   0.0;   4;     -999;   7;eor
      151;20150102;   3;    0.7;   5.9;  -999;    -999;   90.92;-999;    2.9;   -1.8;   -2.8;-999;   2.3;   4;     -999;   4;eor
      151;20150103;   3;    1.3;   6.0;  -999;    -999;   89.21;-999;    2.5;    0.1;    0.0;-999;   8.2;   4;     -999;   0;eor
      151;20150104;   3;    1.0;   5.9;  -999;    -999;   89.83;-999;    1.7;    0.2;   -0.3;-999;   0.7;   4;     -999;   4;eor
      151;20150105;   3;    0.4;   5.4;  -999;    -999;   86.00;-999;    2.7;   -2.4;   -5.1;-999;   0.0;   0;     -999;   4;eor
      151;20150106;   3;   -0.9;   5.0;  -999;    -999;   88.13;-999;    2.5;   -3.5;   -5.9;-999;   0.0;   0;     -999;   3;eor
      151;20150107;   3;    0.3;   5.8;  -999;    -999;   91.88;-999;    1.6;   -1.6;   -3.1;-999;   0.6;   4;     -999;   3;eor
      151;20150108;   3;    2.9;   6.8;  -999;    -999;   90.08;-999;    7.1;   -0.6;   -1.7;-999;   4.7;   4;     -999;   0;eor
      151;20150109;   3;    6.3;   7.9;  -999;    -999;   82.38;-999;    8.8;    3.9;    2.7;-999;  11.5;   4;     -999;   0;eor
      151;20150110;   3;   11.2;  11.0;  -999;    -999;   82.63;-999;   13.5;    5.8;    4.8;-999;   4.0;   4;     -999;   0;eor
      151;20150111;   3;    3.0;   5.4;  -999;    -999;   71.67;-999;    5.8;   -0.1;   -0.1;-999;   1.0;   4;     -999;   0;eor
      151;20150112;   3;    4.4;   6.1;  -999;    -999;   73.00;-999;    7.0;    2.7;    2.0;-999;   0.4;   4;     -999;   0;eor
      151;20150113;   3;    6.0;   4.6;  -999;    -999;   49.33;-999;   10.6;    0.3;   -2.1;-999;   0.5;   4;     -999;   0;eor
      151;20150114;   3;    5.0;   6.8;  -999;    -999;   77.58;-999;    8.7;    0.4;   -1.6;-999;   2.3;   4;     -999;   0;eor
      151;20150115;   3;    1.9;   5.9;  -999;    -999;   85.00;-999;    4.5;   -1.4;   -4.0;-999;   0.2;   4;     -999;   0;eor
      151;20150116;   3;    2.6;   6.0;  -999;    -999;   82.17;-999;    6.0;    0.2;   -2.4;-999;   1.5;   4;     -999;   0;eor
      151;20150117;   3;    2.5;   6.8;  -999;    -999;   92.63;-999;    4.0;    1.0;    0.5;-999;   2.0;   4;     -999;   0;eor
      151;20150118;   3;    1.6;   6.3;  -999;    -999;   91.71;-999;    3.2;   -0.5;   -1.7;-999;   0.0;   0;     -999;   0;eor
      151;20150119;   3;    1.1;   5.6;  -999;    -999;   85.13;-999;    2.6;   -1.2;   -3.3;-999;   0.0;   4;     -999;   0;eor
      151;20150120;   3;    0.0;   5.5;  -999;    -999;   90.38;-999;    0.7;   -0.7;   -0.9;-999;   1.8;   4;     -999;   0;eor
      151;20150121;   3;   -0.7;   5.1;  -999;    -999;   87.29;-999;    1.8;   -4.4;   -6.7;-999;   0.0;   0;     -999;   0;eor
      151;20150122;   3;    0.9;   5.9;  -999;    -999;   90.00;-999;    3.6;   -4.6;   -6.7;-999;   0.0;   0;     -999;   0;eor
      151;20150123;   3;    0.3;   5.4;  -999;    -999;   86.21;-999;    1.1;   -0.4;   -0.5;-999;   0.0;   0;     -999;   0;eor
      151;20150124;   3;   -0.4;   4.9;  -999;    -999;   83.50;-999;    0.3;   -1.0;   -0.7;-999;   0.4;   4;     -999;   0;eor
      151;20150125;   3;    0.6;   5.5;  -999;    -999;   86.96;-999;    2.2;   -0.8;   -2.6;-999;   2.4;   4;     -999;   0;eor
      151;20150126;   3;    0.6;   5.8;  -999;    -999;   91.00;-999;    2.2;   -0.4;   -0.5;-999;   3.7;   4;     -999;   2;eor
      151;20150127;   3;    0.9;   5.9;  -999;    -999;   89.83;-999;    2.1;   -0.1;   -1.4;-999;   0.4;   4;     -999;   2;eor
      151;20150128;   3;    1.4;   5.8;  -999;    -999;   86.17;-999;    2.7;    0.3;   -0.7;-999;   1.9;   4;     -999;   0;eor
      151;20150129;   3;    1.2;   5.5;  -999;    -999;   82.75;-999;    3.6;   -0.7;   -2.1;-999;  11.7;   4;     -999;   0;eor
      151;20150130;   3;   -0.5;   5.3;  -999;    -999;   90.46;-999;    1.4;   -4.1;   -8.2;-999;   1.6;   4;     -999;   4;eor
      151;20150131;   3;   -1.8;   4.8;  -999;    -999;   89.58;-999;    0.8;   -5.6;   -8.8;-999;   0.2;   4;     -999;   4;eor
      151;20150201;   3;   -2.0;   4.8;  -999;    -999;   89.71;-999;    1.3;   -7.4;  -10.4;-999;   2.8;   4;     -999;   4;eor
      151;20150202;   3;   -0.5;   5.2;  -999;    -999;   88.50;-999;    1.3;   -1.9;   -8.0;-999;   1.8;   4;     -999;   7;eor
      151;20150203;   3;   -2.3;   4.4;  -999;    -999;   85.13;-999;    1.3;   -9.3;   -9.8;-999;   0.0;   0;     -999;   8;eor
      151;20150204;   3;   -4.8;   3.8;  -999;    -999;   88.21;-999;   -0.1;   -9.2;   -8.3;-999;   0.0;   0;     -999;   6;eor
      151;20150205;   3;   -2.8;   3.7;  -999;    -999;   74.67;-999;   -1.3;   -5.3;   -7.3;-999;   0.0;   0;     -999;   5;eor
      151;20150206;   3;   -2.8;   3.5;  -999;    -999;   70.17;-999;    0.4;   -5.6;   -7.2;-999;   0.0;   0;     -999;   5;eor
      151;20150207;   3;   -4.5;   3.2;  -999;    -999;   73.75;-999;   -0.2;   -9.8;  -11.0;-999;   0.6;   4;     -999;   4;eor
      151;20150208;   3;   -1.0;   3.9;  -999;    -999;   68.50;-999;    0.8;   -4.1;   -8.3;-999;   0.6;   4;     -999;   4;eor
      151;20150209;   3;    0.0;   5.2;  -999;    -999;   83.63;-999;    1.8;   -3.0;   -3.5;-999;   0.3;   4;     -999;   4;eor
      151;20150210;   3;    1.8;   6.2;  -999;    -999;   89.96;-999;    2.9;    1.1;    0.5;-999;   0.0;   0;     -999;   3;eor
      151;20150211;   3;    0.3;   5.5;  -999;    -999;   88.54;-999;    1.3;   -1.2;   -0.9;-999;   0.0;   0;     -999;   0;eor
      151;20150212;   3;   -1.3;   5.4;  -999;    -999;   96.83;-999;   -0.5;   -2.1;   -1.8;-999;   0.0;   0;     -999;   0;eor
      151;20150213;   3;   -1.6;   5.1;  -999;    -999;   93.50;-999;   -0.5;   -2.4;   -1.9;-999;   0.0;   0;     -999;   0;eor
      151;20150214;   3;   -2.4;   4.7;  -999;    -999;   92.50;-999;   -0.5;   -6.2;   -7.9;-999;   0.0;   0;     -999;   0;eor
      151;20150215;   3;   -2.9;   4.5;  -999;    -999;   89.33;-999;    2.4;   -7.7;   -9.1;-999;   0.0;   0;     -999;   0;eor
      151;20150216;   3;   -1.5;   4.8;  -999;    -999;   88.04;-999;    7.0;   -6.5;   -8.1;-999;   0.0;   0;     -999;   0;eor
      151;20150217;   3;   -1.2;   4.9;  -999;    -999;   87.92;-999;    6.4;   -6.0;   -7.5;-999;   0.0;   0;     -999;   0;eor
      151;20150218;   3;   -0.4;   5.3;  -999;    -999;   89.29;-999;    0.4;   -1.6;   -1.4;-999;   0.0;   0;     -999;   0;eor
      151;20150219;   3;   -2.1;   4.7;  -999;    -999;   89.96;-999;   -1.5;   -3.4;   -2.9;-999;   0.0;   0;     -999;   0;eor
      151;20150220;   3;    0.5;   5.1;  -999;    -999;   81.54;-999;    6.6;   -3.3;   -6.2;-999;   0.0;   0;     -999;   0;eor
      151;20150221;   3;    1.4;   5.3;  -999;    -999;   79.38;-999;    8.6;   -4.8;   -7.0;-999;   0.0;   0;     -999;   0;eor
      151;20150222;   3;    1.7;   5.6;  -999;    -999;   81.63;-999;    6.8;   -3.8;   -6.5;-999;   0.0;   0;     -999;   0;eor
      151;20150223;   3;   -0.4;   5.5;  -999;    -999;   92.13;-999;    2.7;   -5.3;   -7.4;-999;   1.7;   4;     -999;   0;eor
      151;20150224;   3;    2.7;   6.0;  -999;    -999;   81.38;-999;    5.7;   -2.3;   -4.7;-999;   0.0;   0;     -999;   0;eor
      151;20150225;   3;    0.6;   5.4;  -999;    -999;   85.58;-999;    5.5;   -4.0;   -6.6;-999;   0.0;   0;     -999;   0;eor
      151;20150226;   3;   -0.5;   4.6;  -999;    -999;   80.71;-999;    7.6;   -4.9;   -7.4;-999;   0.0;   0;     -999;   0;eor
      151;20150227;   3;    0.1;   4.5;  -999;    -999;   75.58;-999;    9.0;   -7.1;   -9.1;-999;   0.5;   4;     -999;   0;eor
      151;20150228;   3;    1.5;   5.7;  -999;    -999;   84.42;-999;    5.3;   -2.4;   -5.3;-999;   0.5;   4;     -999;   0;eor
      151;20150301;   3;    2.5;   6.9;  -999;    -999;   92.46;-999;    6.2;   -3.0;   -5.7;-999;   7.2;   4;     -999;   0;eor
      151;20150302;   3;    5.0;   7.0;  -999;    -999;   80.00;-999;    7.7;    1.4;    0.4;-999;   4.2;   4;     -999;   0;eor
      151;20150303;   3;    3.9;   5.0;  -999;    -999;   63.75;-999;    8.4;    0.4;   -1.1;-999;   0.1;   4;     -999;   0;eor
      151;20150304;   3;    3.2;   5.3;  -999;    -999;   70.08;-999;    6.0;    0.7;   -2.7;-999;   0.6;   4;     -999;   0;eor
      151;20150305;   3;    2.8;   5.2;  -999;    -999;   71.00;-999;    7.0;    0.6;   -0.9;-999;   0.0;   0;     -999;   0;eor
      151;20150306;   3;    1.8;   5.5;  -999;    -999;   78.88;-999;    6.1;   -3.7;   -5.7;-999;   0.0;   0;     -999;   0;eor
      151;20150307;   3;    2.8;   5.2;  -999;    -999;   73.21;-999;   10.9;   -4.1;   -6.1;-999;   0.0;   0;     -999;   0;eor
      151;20150308;   3;    3.7;   5.3;  -999;    -999;   70.88;-999;   14.4;   -4.1;   -6.2;-999;   0.0;   0;     -999;   0;eor
      151;20150309;   3;    5.1;   5.4;  -999;    -999;   68.17;-999;   16.1;   -2.0;   -4.6;-999;   0.0;   0;     -999;   0;eor
      151;20150310;   3;    5.8;   5.9;  -999;    -999;   67.33;-999;   15.4;   -4.2;   -6.8;-999;   2.2;   4;     -999;   0;eor
      151;20150311;   3;    4.7;   5.7;  -999;    -999;   66.96;-999;    7.8;    1.6;   -0.9;-999;   0.0;   0;     -999;   0;eor
      151;20150312;   3;    3.3;   5.6;  -999;    -999;   74.46;-999;    8.6;   -2.8;   -5.3;-999;   0.0;   0;     -999;   0;eor
      151;20150313;   3;    1.2;   5.3;  -999;    -999;   79.29;-999;    4.1;   -4.2;   -6.4;-999;   0.0;   0;     -999;   0;eor
      151;20150314;   3;    2.7;   6.0;  -999;    -999;   80.96;-999;    4.5;    1.6;    1.0;-999;   0.9;   4;     -999;   0;eor
      151;20150315;   3;    3.2;   6.4;  -999;    -999;   83.33;-999;    7.0;   -1.4;   -4.3;-999;   0.0;   4;     -999;   0;eor
      151;20150316;   3;    5.2;   6.0;  -999;    -999;   71.29;-999;   14.2;   -3.5;   -5.8;-999;   0.0;   0;     -999;   0;eor
      151;20150317;   3;    6.9;   6.8;  -999;    -999;   71.67;-999;   15.1;   -0.9;   -3.4;-999;   0.0;   0;     -999;   0;eor
      151;20150318;   3;    6.3;   5.7;  -999;    -999;   64.92;-999;   16.5;   -1.6;   -4.3;-999;   0.0;   0;     -999;   0;eor
      151;20150319;   3;    5.2;   5.4;  -999;    -999;   66.29;-999;   14.9;   -2.9;   -5.6;-999;   0.0;   0;     -999;   0;eor
      151;20150320;   3;    4.6;   5.3;  -999;    -999;   67.04;-999;   14.3;   -2.9;   -5.6;-999;   0.0;   0;     -999;   0;eor
      151;20150321;   3;    4.9;   5.5;  -999;    -999;   66.54;-999;   13.4;   -3.9;   -6.3;-999;   0.0;   0;     -999;   0;eor
      151;20150322;   3;    4.7;   6.0;  -999;    -999;   70.75;-999;    8.8;    1.5;   -1.5;-999;   0.0;   0;     -999;   0;eor
      151;20150323;   3;    4.7;   6.1;  -999;    -999;   72.83;-999;   10.4;    1.0;   -1.2;-999;   0.0;   0;     -999;   0;eor
      151;20150324;   3;    5.5;   6.8;  -999;    -999;   76.88;-999;   14.2;   -0.3;   -2.7;-999;   0.0;   0;     -999;   0;eor
      151;20150325;   3;    8.2;   6.9;  -999;    -999;   67.33;-999;   17.9;   -1.7;   -3.9;-999;   0.0;   0;     -999;   0;eor
      151;20150326;   3;    6.5;   8.1;  -999;    -999;   83.88;-999;    7.8;    4.5;    4.0;-999;   1.7;   4;     -999;   0;eor
      151;20150327;   3;    5.4;   7.1;  -999;    -999;   79.13;-999;    9.3;    3.8;    3.3;-999;   0.5;   4;     -999;   0;eor
      151;20150328;   3;    7.5;   5.7;  -999;    -999;   56.75;-999;   11.8;    3.3;    1.1;-999;   0.7;   4;     -999;   0;eor
      151;20150329;   3;    8.9;   9.8;  -999;    -999;   85.79;-999;   11.1;    6.3;    6.0;-999;  12.2;   4;     -999;   0;eor
      151;20150330;   3;    5.8;   6.8;  -999;    -999;   73.67;-999;   10.0;    1.0;   -2.1;-999;   6.4;   4;     -999;   0;eor
      151;20150331;   3;    6.7;   8.1;  -999;    -999;   81.13;-999;   11.5;    1.3;    0.4;-999;  15.9;   4;     -999;   0;eor
      151;20150401;   3;    2.5;   5.9;  -999;    -999;   81.25;-999;    5.5;    0.5;   -0.3;-999;   6.0;   4;     -999;   0;eor
      151;20150402;   3;    2.1;   6.1;  -999;    -999;   85.42;-999;    5.8;   -1.2;   -3.6;-999;   8.2;   4;     -999;   0;eor
      151;20150403;   3;    2.8;   5.2;  -999;    -999;   73.50;-999;    9.5;   -2.7;   -5.1;-999;   0.0;   0;     -999;   0;eor
      151;20150404;   3;    3.2;   4.8;  -999;    -999;   64.79;-999;    9.5;   -1.0;   -3.8;-999;   0.0;   0;     -999;   0;eor
      151;20150405;   3;    2.3;   4.2;  -999;    -999;   62.04;-999;    8.0;   -3.7;   -5.8;-999;   0.0;   0;     -999;   0;eor
      151;20150406;   3;    2.2;   5.0;  -999;    -999;   71.29;-999;    8.0;   -1.9;   -4.1;-999;   0.1;   4;     -999;   0;eor
      151;20150407;   3;    4.1;   4.7;  -999;    -999;   62.42;-999;   11.4;   -4.4;   -6.4;-999;   0.0;   0;     -999;   0;eor
      151;20150408;   3;    6.3;   6.7;  -999;    -999;   70.42;-999;   13.5;   -1.9;   -3.8;-999;   0.0;   0;     -999;   0;eor
      151;20150409;   3;    8.4;   7.9;  -999;    -999;   74.13;-999;   16.7;    0.6;   -1.8;-999;   0.0;   0;     -999;   0;eor
      151;20150410;   3;   10.2;   8.1;  -999;    -999;   69.38;-999;   20.6;    0.8;   -1.0;-999;   0.0;   0;     -999;   0;eor
      151;20150411;   3;   11.2;   8.3;  -999;    -999;   66.08;-999;   18.1;    3.3;    1.3;-999;   0.2;   4;     -999;   0;eor
      151;20150412;   3;   12.0;   9.4;  -999;    -999;   68.63;-999;   17.5;    5.1;    2.0;-999;   0.0;   0;     -999;   0;eor
      151;20150413;   3;    9.0;   7.4;  -999;    -999;   67.38;-999;   15.0;    1.5;   -1.3;-999;   0.0;   0;     -999;   0;eor
      151;20150414;   3;    9.0;   6.6;  -999;    -999;   61.17;-999;   17.7;   -0.9;   -2.8;-999;   0.0;   0;     -999;   0;eor
      151;20150415;   3;   14.2;   7.7;  -999;    -999;   54.54;-999;   23.8;    3.6;    0.8;-999;   0.0;   0;     -999;   0;eor
      151;20150416;   3;   14.5;   8.3;  -999;    -999;   54.79;-999;   22.4;    4.0;    1.1;-999;   0.2;   4;     -999;   0;eor
      151;20150417;   3;    9.9;   8.6;  -999;    -999;   69.75;-999;   13.9;    2.1;   -0.8;-999;   1.5;   4;     -999;   0;eor
      151;20150418;   3;    4.9;   5.1;  -999;    -999;   62.42;-999;   11.5;   -1.2;   -3.5;-999;   0.0;   0;     -999;   0;eor
      151;20150419;   3;    6.5;   5.2;  -999;    -999;   58.79;-999;   16.0;   -3.1;   -5.4;-999;   0.0;   0;     -999;   0;eor
      151;20150420;   3;    9.5;   6.2;  -999;    -999;   56.79;-999;   17.9;   -0.1;   -2.5;-999;   0.0;   0;     -999;   0;eor
      151;20150421;   3;   11.7;   6.1;  -999;    -999;   50.92;-999;   21.6;    0.8;   -1.7;-999;   0.0;   0;     -999;   0;eor
      151;20150422;   3;    8.2;   6.5;  -999;    -999;   62.38;-999;   16.5;    0.8;   -2.0;-999;   2.4;   4;     -999;   0;eor
      151;20150423;   3;    8.4;   7.4;  -999;    -999;   69.71;-999;   14.3;    3.6;    3.5;-999;   0.0;   0;     -999;   0;eor
      151;20150424;   3;   11.0;   7.3;  -999;    -999;   60.71;-999;   19.2;    4.1;    0.9;-999;   0.0;   0;     -999;   0;eor
      151;20150425;   3;   11.7;   9.4;  -999;    -999;   69.58;-999;   20.3;    1.9;   -0.2;-999;   1.3;   4;     -999;   0;eor
      151;20150426;   3;   14.3;  12.0;  -999;    -999;   75.42;-999;   20.4;    8.1;    5.2;-999;   0.1;   4;     -999;   0;eor
      151;20150427;   3;   14.3;  11.2;  -999;    -999;   71.96;-999;   23.3;    6.6;    3.7;-999;  12.4;   4;     -999;   0;eor
      151;20150428;   3;    6.7;   8.2;  -999;    -999;   83.42;-999;   10.4;    1.4;   -0.3;-999;   2.6;   4;     -999;   0;eor
      151;20150429;   3;    8.2;   6.7;  -999;    -999;   65.63;-999;   14.9;    2.1;    0.3;-999;   0.0;   0;     -999;   0;eor
      151;20150430;   3;    9.2;   8.0;  -999;    -999;   71.13;-999;   15.6;    2.7;    1.2;-999;   3.5;   4;     -999;   0;eor
      151;20150501;   3;    8.5;   9.7;  -999;    -999;   87.54;-999;   10.9;    7.2;    7.0;-999;   3.3;   4;     -999;-999;eor
      151;20150502;   3;    9.6;   9.1;  -999;    -999;   77.71;-999;   14.5;    5.7;    3.9;-999;   1.5;   4;     -999;-999;eor
      151;20150503;   3;   11.7;  13.1;  -999;    -999;   93.42;-999;   15.2;    6.0;    5.8;-999;   4.4;   4;     -999;-999;eor
      151;20150504;   3;   17.3;  14.4;  -999;    -999;   74.96;-999;   23.3;   13.0;   10.2;-999;   0.0;   0;     -999;-999;eor
      151;20150505;   3;   18.6;  14.8;  -999;    -999;   70.63;-999;   24.3;   14.0;   12.6;-999;  10.8;   4;     -999;-999;eor
      151;20150506;   3;   14.0;  12.4;  -999;    -999;   78.88;-999;   18.4;    7.8;    5.3;-999;   2.3;   4;     -999;-999;eor
      151;20150507;   3;   11.2;   8.4;  -999;    -999;   67.67;-999;   17.4;    5.1;    3.2;-999;   0.0;   0;     -999;-999;eor
      151;20150508;   3;   13.3;   9.4;  -999;    -999;   65.46;-999;   22.8;    4.4;    3.0;-999;   0.9;   4;     -999;-999;eor
      151;20150509;   3;   14.8;  11.8;  -999;    -999;   71.29;-999;   18.6;   10.3;    7.6;-999;   0.0;   4;     -999;-999;eor
      151;20150510;   3;   13.5;   9.2;  -999;    -999;   61.42;-999;   19.3;    6.5;    4.7;-999;   0.0;   0;     -999;-999;eor
      151;20150511;   3;   13.8;   9.4;  -999;    -999;   63.79;-999;   22.4;    3.8;    2.3;-999;   0.0;   0;     -999;-999;eor
      151;20150512;   3;   18.7;  11.8;  -999;    -999;   58.92;-999;   27.1;    7.9;    5.7;-999;   0.6;   4;     -999;-999;eor
      151;20150513;   3;   15.7;  10.1;  -999;    -999;   59.04;-999;   21.9;    9.1;    7.2;-999;   0.1;   4;     -999;-999;eor
      151;20150514;   3;   14.9;   9.0;  -999;    -999;   56.25;-999;   20.0;    9.9;    8.0;-999;   0.2;   4;     -999;-999;eor
      151;20150515;   3;   14.4;   8.4;  -999;    -999;   53.00;-999;   21.0;    6.8;    4.1;-999;   0.0;   0;     -999;-999;eor
      151;20150516;   3;   14.1;   8.3;  -999;    -999;   55.75;-999;   21.6;    4.3;    2.4;-999;   0.0;   0;     -999;-999;eor
      151;20150517;   3;   13.0;   9.2;  -999;    -999;   63.63;-999;   17.4;    5.9;    3.6;-999;   0.0;   0;     -999;-999;eor
      151;20150518;   3;   14.5;   9.1;  -999;    -999;   60.00;-999;   23.9;    3.7;    1.9;-999;   0.0;   0;     -999;-999;eor
      151;20150519;   3;   13.4;  10.4;  -999;    -999;   68.04;-999;   17.8;    7.1;    4.9;-999;   0.1;   4;     -999;-999;eor
      151;20150520;   3;    9.7;   9.8;  -999;    -999;   81.67;-999;   12.1;    6.8;    5.5;-999;   1.6;   4;     -999;-999;eor
      151;20150521;   3;   10.2;   9.3;  -999;    -999;   76.58;-999;   15.8;    5.8;    3.1;-999;   0.0;   0;     -999;-999;eor
      151;20150522;   3;   11.7;   7.6;  -999;    -999;   60.54;-999;   19.4;    2.7;    0.4;-999;   0.0;   0;     -999;-999;eor
      151;20150523;   3;   13.5;   8.6;  -999;    -999;   58.96;-999;   20.4;    4.3;    2.2;-999;   0.0;   0;     -999;-999;eor
      151;20150524;   3;   14.2;  11.9;  -999;    -999;   73.46;-999;   17.3;   11.5;   10.7;-999;   0.2;   4;     -999;-999;eor
      151;20150525;   3;   14.1;  11.9;  -999;    -999;   76.54;-999;   21.5;   10.8;   10.0;-999;   2.8;   4;     -999;-999;eor
      151;20150526;   3;   11.6;   9.4;  -999;    -999;   70.04;-999;   15.3;    8.8;    7.9;-999;   0.0;   0;     -999;-999;eor
      151;20150527;   3;    9.7;   7.7;  -999;    -999;   65.13;-999;   12.2;    3.3;    0.5;-999;   0.0;   0;     -999;-999;eor
      151;20150528;   3;   12.2;   8.0;  -999;    -999;   60.88;-999;   20.3;    2.9;    0.4;-999;   0.0;   0;     -999;-999;eor
      151;20150529;   3;   13.7;  12.2;  -999;    -999;   77.92;-999;   19.7;    7.4;    4.8;-999;  11.0;   4;     -999;-999;eor
      151;20150530;   3;   11.9;  11.1;  -999;    -999;   80.25;-999;   15.1;    6.7;    5.0;-999;   2.0;   4;     -999;-999;eor
      151;20150531;   3;   13.9;  10.2;  -999;    -999;   67.54;-999;   21.4;    3.9;    2.6;-999;   0.0;   0;     -999;-999;eor
      151;20150601;   3;   15.9;  13.1;  -999;    -999;   74.63;-999;   23.6;   10.0;    8.2;-999;   0.8;   4;     -999;-999;eor
      151;20150602;   3;   18.3;  12.5;  -999;    -999;   63.54;-999;   25.8;    9.8;    8.3;-999;   0.0;   0;     -999;-999;eor
      151;20150603;   3;   20.0;  12.1;  -999;    -999;   56.00;-999;   27.2;    9.9;    8.4;-999;   0.0;   0;     -999;-999;eor
      151;20150604;   3;   19.5;  11.5;  -999;    -999;   54.00;-999;   27.6;   11.7;    9.1;-999;   0.0;   0;     -999;-999;eor
      151;20150605;   3;   21.4;  12.7;  -999;    -999;   54.38;-999;   31.2;   10.0;    8.2;-999;   0.0;   0;     -999;-999;eor
      151;20150606;   3;   24.0;  15.1;  -999;    -999;   55.17;-999;   32.9;   12.5;   11.0;-999;   7.5;   4;     -999;-999;eor
      151;20150607;   3;   21.3;  18.5;  -999;    -999;   74.13;-999;   27.7;   16.7;   15.4;-999;   0.0;   0;     -999;-999;eor
      151;20150608;   3;   14.6;  14.3;  -999;    -999;   85.88;-999;   17.0;   11.5;   11.4;-999;  14.9;   4;     -999;-999;eor
      151;20150609;   3;   12.1;  11.9;  -999;    -999;   84.71;-999;   13.8;   10.9;   10.9;-999;   0.0;   0;     -999;-999;eor
      151;20150610;   3;   15.1;  12.7;  -999;    -999;   74.33;-999;   20.3;   10.9;   10.6;-999;   0.0;   0;     -999;-999;eor
      151;20150611;   3;   18.0;  14.5;  -999;    -999;   70.92;-999;   23.2;   13.9;   12.4;-999;   0.0;   0;     -999;-999;eor
      151;20150612;   3;   21.3;  15.5;  -999;    -999;   65.42;-999;   29.9;   12.0;   10.7;-999;   0.0;   0;     -999;-999;eor
      151;20150613;   3;   21.5;  16.1;  -999;    -999;   65.08;-999;   28.6;   14.2;   12.4;-999;   0.0;   0;     -999;-999;eor
      151;20150614;   3;   20.8;  14.4;  -999;    -999;   61.96;-999;   28.2;   13.0;   11.6;-999;   0.0;   0;     -999;-999;eor
      151;20150615;   3;   16.3;  13.4;  -999;    -999;   72.79;-999;   19.9;    9.5;    7.7;-999;   0.0;   0;     -999;-999;eor
      151;20150616;   3;   15.0;   9.8;  -999;    -999;   60.58;-999;   21.8;    8.0;    6.3;-999;   0.0;   0;     -999;-999;eor
      151;20150617;   3;   15.7;   8.4;  -999;    -999;   50.04;-999;   22.3;    9.0;    7.3;-999;   0.0;   0;     -999;-999;eor
      151;20150618;   3;   14.7;  13.4;  -999;    -999;   79.83;-999;   16.7;   12.4;   11.2;-999;   1.5;   4;     -999;-999;eor
      151;20150619;   3;   12.8;  10.8;  -999;    -999;   72.88;-999;   14.8;   10.2;    9.8;-999;   2.3;   4;     -999;-999;eor
      151;20150620;   3;   11.5;  10.7;  -999;    -999;   79.63;-999;   15.9;    9.5;    8.4;-999;   2.0;   4;     -999;-999;eor
      151;20150621;   3;   13.0;  11.2;  -999;    -999;   74.63;-999;   16.9;    9.2;    8.0;-999;   0.5;   4;     -999;-999;eor
      151;20150622;   3;   13.7;  13.0;  -999;    -999;   83.79;-999;   18.9;   10.9;    9.9;-999;  14.8;   4;     -999;-999;eor
      151;20150623;   3;   11.3;  10.5;  -999;    -999;   79.04;-999;   16.2;    8.6;    7.1;-999;   2.6;   4;     -999;-999;eor
      151;20150624;   3;   13.3;  11.0;  -999;    -999;   73.83;-999;   19.1;    7.2;    5.8;-999;   0.0;   0;     -999;-999;eor
      151;20150625;   3;   15.3;  10.5;  -999;    -999;   64.29;-999;   23.1;    5.4;    4.3;-999;   0.0;   0;     -999;-999;eor
      151;20150626;   3;   18.3;  12.0;  -999;    -999;   60.79;-999;   26.0;    8.5;    7.1;-999;   0.0;   4;     -999;-999;eor
      151;20150627;   3;   17.1;  16.1;  -999;    -999;   82.88;-999;   22.8;   13.5;   12.2;-999;   8.9;   4;     -999;-999;eor
      151;20150628;   3;   17.6;  12.5;  -999;    -999;   65.50;-999;   23.6;   12.2;   10.7;-999;   0.0;   0;     -999;-999;eor
      151;20150629;   3;   19.8;  12.9;  -999;    -999;   60.08;-999;   27.7;   13.1;   11.6;-999;   0.0;   0;     -999;-999;eor
      151;20150630;   3;   21.6;  13.5;  -999;    -999;   57.00;-999;   29.8;   12.5;   11.2;-999;   0.0;   0;     -999;-999;eor
      151;20150701;   3;   23.1;  14.9;  -999;    -999;   56.46;-999;   31.1;   13.4;   11.5;-999;   0.0;   0;     -999;-999;eor
      151;20150702;   3;   24.4;  14.9;  -999;    -999;   54.00;-999;   33.1;   14.7;   12.8;-999;   0.0;   0;     -999;-999;eor
      151;20150703;   3;   25.6;  16.2;  -999;    -999;   53.96;-999;   33.8;   15.2;   13.8;-999;   0.0;   0;     -999;-999;eor
      151;20150704;   3;   27.1;  16.9;  -999;    -999;   52.46;-999;   35.5;   16.5;   14.6;-999;   0.0;   0;     -999;-999;eor
      151;20150705;   3;   28.8;  16.6;  -999;    -999;   46.63;-999;   37.0;   19.0;   17.2;-999;   0.0;   0;     -999;-999;eor
      151;20150706;   3;   23.8;  15.8;  -999;    -999;   56.08;-999;   29.7;   15.7;   13.6;-999;   0.0;   0;     -999;-999;eor
      151;20150707;   3;   25.9;  16.5;  -999;    -999;   53.25;-999;   35.5;   14.0;   13.1;-999;   2.7;   4;     -999;-999;eor
      151;20150708;   3;   19.6;  13.4;  -999;    -999;   59.67;-999;   22.8;   15.6;   14.0;-999;   1.6;   4;     -999;-999;eor
      151;20150709;   3;   16.0;  10.5;  -999;    -999;   58.63;-999;   20.0;    9.4;    6.6;-999;   0.3;   4;     -999;-999;eor
      151;20150710;   3;   15.2;   8.1;  -999;    -999;   52.21;-999;   23.3;    6.1;    4.5;-999;   0.0;   0;     -999;-999;eor
      151;20150711;   3;   19.5;   9.9;  -999;    -999;   49.08;-999;   30.2;    7.3;    5.7;-999;   0.0;   0;     -999;-999;eor
      151;20150712;   3;   21.4;  11.5;  -999;    -999;   49.33;-999;   28.7;   11.5;    9.6;-999;   0.0;   0;     -999;-999;eor
      151;20150713;   3;   17.7;  14.0;  -999;    -999;   69.67;-999;   21.8;   15.7;   15.0;-999;   0.6;   4;     -999;-999;eor
      151;20150714;   3;   19.4;  17.2;  -999;    -999;   77.00;-999;   23.6;   16.4;   15.9;-999;   0.6;   4;     -999;-999;eor
      151;20150715;   3;   20.9;  15.0;  -999;    -999;   62.96;-999;   27.4;   14.8;   12.8;-999;   0.0;   0;     -999;-999;eor
      151;20150716;   3;   23.6;  14.8;  -999;    -999;   55.79;-999;   32.4;   13.4;   11.6;-999;   0.0;   0;     -999;-999;eor
      151;20150717;   3;   26.8;  14.3;  -999;    -999;   46.58;-999;   36.6;   15.1;   13.3;-999;   0.1;   4;     -999;-999;eor
      151;20150718;   3;   24.0;  15.2;  -999;    -999;   52.71;-999;   30.7;   16.7;   14.3;-999;   0.4;   4;     -999;-999;eor
      151;20150719;   3;   21.9;  17.6;  -999;    -999;   68.00;-999;   28.4;   14.8;   13.5;-999;   4.7;   4;     -999;-999;eor
      151;20150720;   3;   22.6;  16.7;  -999;    -999;   62.50;-999;   28.0;   18.2;   15.7;-999;   0.0;   0;     -999;-999;eor
      151;20150721;   3;   24.7;  17.1;  -999;    -999;   58.38;-999;   31.4;   17.6;   15.4;-999;   0.0;   0;     -999;-999;eor
      151;20150722;   3;   25.5;  16.9;  -999;    -999;   59.17;-999;   36.9;   15.4;   13.3;-999;   5.3;   4;     -999;-999;eor
      151;20150723;   3;   20.5;  19.2;  -999;    -999;   80.50;-999;   24.6;   16.4;   14.6;-999;   1.2;   4;     -999;-999;eor
      151;20150724;   3;   22.8;  17.2;  -999;    -999;   65.21;-999;   30.6;   14.2;   13.2;-999;  18.1;   4;     -999;-999;eor
      151;20150725;   3;   20.3;  13.9;  -999;    -999;   59.92;-999;   25.7;   14.3;   13.3;-999;   0.0;   0;     -999;-999;eor
      151;20150726;   3;   17.2;   8.5;  -999;    -999;   45.83;-999;   23.4;   10.8;    8.4;-999;   0.1;   4;     -999;-999;eor
      151;20150727;   3;   18.0;  12.8;  -999;    -999;   63.29;-999;   22.7;   13.6;   12.7;-999;   2.4;   4;     -999;-999;eor
      151;20150728;   3;   18.3;  10.5;  -999;    -999;   50.38;-999;   22.0;   13.5;   11.8;-999;   0.3;   4;     -999;-999;eor
      151;20150729;   3;   14.4;  12.3;  -999;    -999;   75.58;-999;   18.4;    9.8;    7.5;-999;   0.7;   4;     -999;-999;eor
      151;20150730;   3;   14.3;   9.1;  -999;    -999;   59.75;-999;   20.6;    7.2;    5.5;-999;   0.0;   0;     -999;-999;eor
      151;20150731;   3;   16.1;   8.7;  -999;    -999;   53.04;-999;   24.8;    6.0;    4.0;-999;   0.0;   0;     -999;-999;eor
      151;20150801;   3;   17.1;  12.0;  -999;    -999;   62.25;-999;   22.3;   10.9;    8.9;-999;   0.0;   0;     -999;-999;eor
      151;20150802;   3;   20.2;  13.3;  -999;    -999;   61.29;-999;   29.9;   11.6;   10.5;-999;   0.0;   0;     -999;-999;eor
      151;20150803;   3;   21.8;  14.9;  -999;    -999;   60.92;-999;   29.9;   12.6;   11.0;-999;   0.0;   0;     -999;-999;eor
      151;20150804;   3;   22.5;  14.8;  -999;    -999;   59.38;-999;   33.1;   13.1;   12.0;-999;   0.0;   0;     -999;-999;eor
      151;20150805;   3;   22.4;  14.2;  -999;    -999;   56.83;-999;   31.0;   13.7;   12.3;-999;   0.0;   0;     -999;-999;eor
      151;20150806;   3;   25.4;  14.4;  -999;    -999;   50.29;-999;   36.1;   13.8;   12.6;-999;   0.0;   0;     -999;-999;eor
      151;20150807;   3;   27.3;  13.2;  -999;    -999;   43.42;-999;   38.5;   16.3;   15.0;-999;   0.0;   0;     -999;-999;eor
      151;20150808;   3;   26.9;  15.0;  -999;    -999;   46.25;-999;   36.5;   16.8;   15.6;-999;   0.0;   0;     -999;-999;eor
      151;20150809;   3;   26.7;  17.4;  -999;    -999;   53.38;-999;   34.8;   18.6;   17.2;-999;   0.0;   0;     -999;-999;eor
      151;20150810;   3;   26.2;  16.5;  -999;    -999;   52.08;-999;   34.4;   18.4;   17.0;-999;   0.0;   0;     -999;-999;eor
      151;20150811;   3;   25.2;  16.2;  -999;    -999;   55.04;-999;   33.8;   17.0;   15.9;-999;   0.0;   0;     -999;-999;eor
      151;20150812;   3;   25.9;  16.6;  -999;    -999;   54.21;-999;   34.1;   17.3;   15.4;-999;   0.0;   0;     -999;-999;eor
      151;20150813;   3;   26.5;  16.0;  -999;    -999;   50.54;-999;   35.4;   17.7;   16.1;-999;   0.0;   0;     -999;-999;eor
      151;20150814;   3;   24.4;  16.3;  -999;    -999;   57.08;-999;   33.1;   16.9;   15.5;-999;   4.3;   4;     -999;-999;eor
      151;20150815;   3;   21.4;  17.7;  -999;    -999;   72.25;-999;   27.9;   16.4;   16.3;-999;  11.1;   4;     -999;-999;eor
      151;20150816;   3;   16.9;  17.4;  -999;    -999;   90.00;-999;   18.4;   15.8;   15.8;-999;   0.2;   4;     -999;-999;eor
      151;20150817;   3;   15.1;  15.3;  -999;    -999;   88.50;-999;   16.6;   14.0;   13.4;-999;   2.9;   4;     -999;-999;eor
      151;20150818;   3;   15.5;  13.5;  -999;    -999;   77.79;-999;   20.4;   10.3;    9.2;-999;   0.0;   0;     -999;-999;eor
      151;20150819;   3;   15.1;  13.1;  -999;    -999;   78.00;-999;   21.5;    9.7;    8.5;-999;   0.0;   0;     -999;-999;eor
      151;20150820;   3;   15.8;  13.8;  -999;    -999;   77.21;-999;   20.3;   12.7;   11.9;-999;   0.0;   0;     -999;-999;eor
      151;20150821;   3;   17.8;  11.8;  -999;    -999;   62.00;-999;   25.7;   10.0;    8.2;-999;   0.0;   0;     -999;-999;eor
      151;20150822;   3;   17.0;   9.8;  -999;    -999;   56.13;-999;   26.3;    7.5;    6.0;-999;   0.0;   0;     -999;-999;eor
      151;20150823;   3;   18.4;  11.3;  -999;    -999;   57.21;-999;   27.1;    8.0;    6.2;-999;   1.5;   4;     -999;-999;eor
      151;20150824;   3;   20.8;  15.5;  -999;    -999;   67.75;-999;   28.8;   14.8;   14.6;-999;  12.2;   4;     -999;-999;eor
      151;20150825;   3;   16.0;  12.5;  -999;    -999;   70.96;-999;   20.6;    9.5;    8.0;-999;   0.0;   0;     -999;-999;eor
      151;20150826;   3;   16.7;  10.5;  -999;    -999;   61.88;-999;   26.4;    8.0;    6.7;-999;   0.0;   0;     -999;-999;eor
      151;20150827;   3;   20.7;  12.2;  -999;    -999;   54.54;-999;   30.4;    8.8;    7.4;-999;   0.0;   0;     -999;-999;eor
      151;20150828;   3;   22.3;  17.3;  -999;    -999;   64.92;-999;   27.4;   18.4;   16.5;-999;   0.0;   0;     -999;-999;eor
      151;20150829;   3;   23.1;  17.4;  -999;    -999;   66.25;-999;   32.7;   15.3;   13.7;-999;   0.0;   0;     -999;-999;eor
      151;20150830;   3;   24.6;  16.8;  -999;    -999;   60.71;-999;   35.5;   15.3;   13.4;-999;   0.0;   0;     -999;-999;eor
      151;20150831;   3;   24.9;  16.5;  -999;    -999;   57.38;-999;   34.6;   15.6;   14.2;-999;   0.0;   0;     -999;-999;eor
      151;20150901;   3;   21.1;  15.8;  -999;    -999;   67.71;-999;   32.5;   14.0;   13.1;-999;   6.9;   4;     -999;-999;eor
      151;20150902;   3;   16.2;  13.0;  -999;    -999;   72.75;-999;   21.0;   11.6;   10.3;-999;   0.0;   0;     -999;-999;eor
      151;20150903;   3;   13.9;  13.9;  -999;    -999;   87.29;-999;   18.0;   10.7;    9.4;-999;   2.4;   4;     -999;-999;eor
      151;20150904;   3;   13.3;  10.5;  -999;    -999;   71.58;-999;   19.9;    7.2;    6.1;-999;   0.0;   0;     -999;-999;eor
      151;20150905;   3;   12.0;   9.9;  -999;    -999;   71.67;-999;   17.9;    5.6;    4.0;-999;   2.3;   4;     -999;-999;eor
      151;20150906;   3;   11.3;   9.3;  -999;    -999;   70.58;-999;   14.8;    8.6;    7.4;-999;   0.2;   4;     -999;-999;eor
      151;20150907;   3;   11.1;  11.4;  -999;    -999;   86.00;-999;   14.6;    9.1;    7.1;-999;   5.2;   4;     -999;-999;eor
      151;20150908;   3;   12.7;  10.8;  -999;    -999;   75.92;-999;   18.3;    9.0;    7.3;-999;   0.0;   0;     -999;-999;eor
      151;20150909;   3;   12.1;  10.0;  -999;    -999;   72.04;-999;   18.8;    5.1;    3.4;-999;   0.1;   4;     -999;-999;eor
      151;20150910;   3;   10.6;   8.9;  -999;    -999;   72.46;-999;   18.3;    3.4;    1.9;-999;   0.0;   0;     -999;-999;eor
      151;20150911;   3;   12.1;   9.6;  -999;    -999;   71.46;-999;   21.3;    3.8;    2.0;-999;   0.0;   0;     -999;-999;eor
      151;20150912;   3;   15.5;  11.7;  -999;    -999;   69.33;-999;   24.8;    7.2;    5.4;-999;   0.0;   0;     -999;-999;eor
      151;20150913;   3;   18.4;  12.2;  -999;    -999;   61.54;-999;   26.9;    9.2;    7.5;-999;   0.0;   0;     -999;-999;eor
      151;20150914;   3;   15.0;  13.7;  -999;    -999;   80.33;-999;   19.0;   11.4;    9.6;-999;   2.8;   4;     -999;-999;eor
      151;20150915;   3;   14.6;  12.9;  -999;    -999;   78.71;-999;   19.4;   11.8;    9.5;-999;   0.0;   4;     -999;-999;eor
      151;20150916;   3;   17.8;  13.7;  -999;    -999;   68.71;-999;   23.6;   11.3;    9.3;-999;   0.0;   4;     -999;-999;eor
      151;20150917;   3;   16.6;  13.5;  -999;    -999;   74.21;-999;   27.2;   10.5;    8.9;-999;   2.9;   4;     -999;-999;eor
      151;20150918;   3;   13.0;  12.5;  -999;    -999;   84.21;-999;   19.1;    9.1;    7.6;-999;   5.9;   4;     -999;-999;eor
      151;20150919;   3;   11.3;  12.2;  -999;    -999;   91.08;-999;   19.7;    7.4;    7.5;-999;   3.8;   4;     -999;-999;eor
      151;20150920;   3;   11.1;  10.7;  -999;    -999;   81.96;-999;   15.8;    6.0;    4.4;-999;   0.0;   0;     -999;-999;eor
      151;20150921;   3;   11.2;   9.9;  -999;    -999;   76.96;-999;   19.4;    5.3;    3.9;-999;   0.0;   0;     -999;-999;eor
      151;20150922;   3;   12.0;  10.9;  -999;    -999;   78.58;-999;   17.9;    5.6;    4.6;-999;   3.6;   4;     -999;-999;eor
      151;20150923;   3;   11.0;  11.3;  -999;    -999;   86.63;-999;   13.4;    7.8;    6.3;-999;   2.6;   4;     -999;-999;eor
      151;20150924;   3;   11.2;  10.8;  -999;    -999;   82.54;-999;   16.7;    6.2;    4.6;-999;   0.0;   4;     -999;-999;eor
      151;20150925;   3;   12.0;  10.7;  -999;    -999;   77.63;-999;   18.6;    5.2;    3.8;-999;   0.0;   0;     -999;-999;eor
      151;20150926;   3;   12.8;  11.1;  -999;    -999;   76.00;-999;   16.4;   10.6;   10.0;-999;   0.0;   0;     -999;-999;eor
      151;20150927;   3;   11.9;   8.9;  -999;    -999;   65.08;-999;   17.5;    7.3;    4.2;-999;   0.0;   0;     -999;-999;eor
      151;20150928;   3;   10.5;   8.3;  -999;    -999;   67.08;-999;   17.4;    3.7;    1.5;-999;   0.0;   0;     -999;-999;eor
      151;20150929;   3;    9.3;   7.6;  -999;    -999;   68.00;-999;   16.8;    1.9;    0.1;-999;   0.0;   0;     -999;-999;eor
      151;20150930;   3;    8.8;   6.7;  -999;    -999;   61.21;-999;   15.1;    1.6;   -1.1;-999;   0.0;   0;     -999;-999;eor
      151;20151001;   3;    8.3;   6.7;  -999;    -999;   65.13;-999;   17.2;    0.6;   -2.1;-999;   0.0;   0;     -999;   0;eor
      151;20151002;   3;   10.0;   7.9;  -999;    -999;   68.13;-999;   20.8;    0.3;   -1.7;-999;   0.0;   0;     -999;   0;eor
      151;20151003;   3;   11.8;  10.3;  -999;    -999;   76.13;-999;   22.4;    3.8;    1.7;-999;   0.0;   0;     -999;   0;eor
      151;20151004;   3;    9.6;  11.7;  -999;    -999;   96.83;-999;   13.6;    4.7;    2.9;-999;   5.8;   4;     -999;   0;eor
      151;20151005;   3;   11.3;  12.3;  -999;    -999;   92.50;-999;   16.1;    8.2;    7.0;-999;   2.9;   4;     -999;   0;eor
      151;20151006;   3;   13.7;  14.4;  -999;    -999;   91.75;-999;   19.7;    9.0;    9.1;-999;   8.5;   4;     -999;   0;eor
      151;20151007;   3;   14.0;  15.3;  -999;    -999;   95.42;-999;   17.2;   12.5;   11.8;-999;   4.8;   4;     -999;   0;eor
      151;20151008;   3;   11.9;  12.5;  -999;    -999;   89.71;-999;   16.7;    7.4;    5.7;-999;   0.0;   0;     -999;   0;eor
      151;20151009;   3;   11.0;  12.0;  -999;    -999;   92.13;-999;   16.2;    6.9;    6.1;-999;   0.0;   0;     -999;   0;eor
      151;20151010;   3;   10.3;  10.7;  -999;    -999;   84.58;-999;   12.6;    7.5;    6.2;-999;   0.0;   0;     -999;   0;eor
      151;20151011;   3;    7.6;   6.1;  -999;    -999;   59.96;-999;   13.5;   -0.3;   -2.6;-999;   0.0;   0;     -999;   0;eor
      151;20151012;   3;    4.3;   6.0;  -999;    -999;   74.71;-999;   12.7;   -2.9;   -4.6;-999;   0.0;   0;     -999;   0;eor
      151;20151013;   3;    3.6;   6.7;  -999;    -999;   85.79;-999;    9.7;   -0.8;   -2.6;-999;  13.7;   4;     -999;   0;eor
      151;20151014;   3;    3.9;   7.9;  -999;    -999;   98.13;-999;    5.1;    2.3;    2.6;-999;   6.1;   4;     -999;   0;eor
      151;20151015;   3;    4.2;   8.1;  -999;    -999;   97.79;-999;    5.3;    3.0;    3.3;-999;   2.7;   4;     -999;   0;eor
      151;20151016;   3;    4.9;   8.4;  -999;    -999;   96.29;-999;    6.0;    3.9;    3.9;-999;   1.5;   4;     -999;   0;eor
      151;20151017;   3;    5.1;   8.2;  -999;    -999;   93.50;-999;    7.0;    2.5;    0.9;-999;   0.0;   0;     -999;   0;eor
      151;20151018;   3;    5.3;   8.5;  -999;    -999;   95.88;-999;    7.7;    2.7;    3.1;-999;   0.3;   4;     -999;   0;eor
      151;20151019;   3;    6.3;   8.8;  -999;    -999;   92.08;-999;    9.8;    2.1;   -0.4;-999;   0.2;   4;     -999;   0;eor
      151;20151020;   3;    5.2;   8.7;  -999;    -999;   97.25;-999;    7.9;    0.8;    1.4;-999;   0.4;   4;     -999;   0;eor
      151;20151021;   3;    7.6;   9.6;  -999;    -999;   92.08;-999;    9.7;    6.3;    5.4;-999;   0.0;   0;     -999;   0;eor
      151;20151022;   3;    8.3;   9.4;  -999;    -999;   86.75;-999;   11.9;    4.2;    1.5;-999;   0.1;   4;     -999;   0;eor
      151;20151023;   3;    8.6;   9.8;  -999;    -999;   87.83;-999;   13.4;    1.6;   -0.5;-999;   0.0;   0;     -999;   0;eor
      151;20151024;   3;    4.7;   8.4;  -999;    -999;   97.21;-999;    9.0;    1.1;    1.0;-999;   0.0;   0;     -999;   0;eor
      151;20151025;   3;    7.8;  10.2;  -999;    -999;   94.88;-999;   13.5;    2.7;    1.4;-999;   0.0;   0;     -999;   0;eor
      151;20151026;   3;    8.9;   9.9;  -999;    -999;   87.92;-999;   15.6;    2.2;    0.1;-999;   0.0;   0;     -999;   0;eor
      151;20151027;   3;    5.8;   8.5;  -999;    -999;   92.13;-999;   14.6;    1.4;   -0.1;-999;   0.0;   0;     -999;   0;eor
      151;20151028;   3;    6.2;   8.9;  -999;    -999;   93.42;-999;   11.7;    1.6;   -0.4;-999;   0.0;   0;     -999;   0;eor
      151;20151029;   3;    6.2;   9.1;  -999;    -999;   95.67;-999;    8.3;    2.3;    0.2;-999;   0.0;   0;     -999;   0;eor
      151;20151030;   3;    6.7;   8.8;  -999;    -999;   89.96;-999;   10.8;    0.4;   -1.7;-999;   0.0;   0;     -999;   0;eor
      151;20151031;   3;    5.4;   7.6;  -999;    -999;   86.54;-999;   15.8;   -1.0;   -2.6;-999;   0.0;   0;     -999;   0;eor
      151;20151101;   3;    4.0;   7.0;  -999;    -999;   87.00;-999;   15.1;   -2.1;   -5.0;-999;   0.0;   0;     -999;   0;eor
      151;20151102;   3;    1.9;   6.1;  -999;    -999;   88.29;-999;   13.2;   -3.3;   -6.2;-999;   0.0;   0;     -999;   0;eor
      151;20151103;   3;    0.9;   5.8;  -999;    -999;   89.46;-999;   10.8;   -5.1;   -7.6;-999;   0.0;   0;     -999;   0;eor
      151;20151104;   3;    4.1;   7.5;  -999;    -999;   90.58;-999;   10.4;   -2.7;   -4.5;-999;   0.0;   0;     -999;   0;eor
      151;20151105;   3;    8.0;   9.2;  -999;    -999;   87.67;-999;   17.9;    2.5;    0.1;-999;   0.0;   0;     -999;   0;eor
      151;20151106;   3;    8.5;  10.2;  -999;    -999;   91.00;-999;   14.6;    2.1;    0.1;-999;   2.9;   4;     -999;   0;eor
      151;20151107;   3;   13.4;  15.1;  -999;    -999;   97.71;-999;   16.0;   10.4;    9.4;-999;   0.0;   0;     -999;   0;eor
      151;20151108;   3;   12.7;  13.8;  -999;    -999;   94.50;-999;   18.2;    7.3;    4.5;-999;   0.0;   0;     -999;   0;eor
      151;20151109;   3;   14.0;  13.2;  -999;    -999;   83.00;-999;   16.7;   10.3;    7.0;-999;   2.9;   4;     -999;   0;eor
      151;20151110;   3;   13.5;  10.8;  -999;    -999;   69.75;-999;   14.7;   12.3;   10.1;-999;   0.0;   0;     -999;   0;eor
      151;20151111;   3;   11.1;  10.8;  -999;    -999;   81.88;-999;   16.2;    3.3;    0.6;-999;   0.0;   0;     -999;   0;eor
      151;20151112;   3;    9.0;   9.8;  -999;    -999;   85.38;-999;   12.9;    2.8;    0.2;-999;   0.0;   0;     -999;   0;eor
      151;20151113;   3;    8.0;   9.4;  -999;    -999;   87.63;-999;   12.6;    2.9;    0.1;-999;   3.0;   4;     -999;   0;eor
      151;20151114;   3;    7.2;   7.6;  -999;    -999;   75.17;-999;    9.3;    5.4;    2.8;-999;   3.7;   4;     -999;   0;eor
      151;20151115;   3;    9.5;   9.6;  -999;    -999;   80.63;-999;   12.3;    5.8;    4.8;-999;   1.9;   4;     -999;   0;eor
      151;20151116;   3;   10.3;   7.7;  -999;    -999;   63.83;-999;   16.2;    3.8;    0.6;-999;   0.2;   4;     -999;   0;eor
      151;20151117;   3;   10.5;  11.1;  -999;    -999;   86.88;-999;   13.2;    8.2;    7.4;-999;   5.3;   4;     -999;   0;eor
      151;20151118;   3;   12.2;   9.6;  -999;    -999;   67.67;-999;   15.2;    7.9;    2.7;-999;   0.0;   0;     -999;   0;eor
      151;20151119;   3;   11.7;  10.1;  -999;    -999;   73.21;-999;   13.6;    9.6;    7.3;-999;  28.7;   4;     -999;   0;eor
      151;20151120;   3;    6.1;   8.8;  -999;    -999;   92.58;-999;   13.1;    1.3;    1.1;-999;  21.9;   4;     -999;   0;eor
      151;20151121;   3;    2.7;   6.5;  -999;    -999;   87.83;-999;    4.4;    0.2;   -0.3;-999;   3.4;   4;     -999;   0;eor
      151;20151122;   3;    0.7;   5.7;  -999;    -999;   88.25;-999;    1.9;   -1.0;   -2.3;-999;   1.8;   4;     -999;   0;eor
      151;20151123;   3;    0.6;   5.5;  -999;    -999;   86.50;-999;    1.7;   -1.0;   -2.1;-999;   0.0;   4;     -999;   2;eor
      151;20151124;   3;    0.8;   5.4;  -999;    -999;   84.29;-999;    3.6;   -0.9;   -2.5;-999;   0.1;   4;     -999;   0;eor
      151;20151125;   3;    1.1;   6.1;  -999;    -999;   91.21;-999;    2.6;   -0.5;   -1.2;-999;   0.3;   4;     -999;   0;eor
      151;20151126;   3;    2.1;   6.6;  -999;    -999;   93.17;-999;    3.9;   -1.0;   -3.5;-999;   0.0;   0;     -999;   0;eor
      151;20151127;   3;   -0.6;   5.6;  -999;    -999;   95.63;-999;    2.9;   -2.4;   -4.9;-999;   0.0;   0;     -999;   0;eor
      151;20151128;   3;    0.9;   5.8;  -999;    -999;   88.33;-999;    2.4;   -1.1;   -2.2;-999;   1.7;   4;     -999;   0;eor
      151;20151129;   3;    3.9;   7.1;  -999;    -999;   87.04;-999;    8.4;    1.1;   -1.0;-999;   6.3;   4;     -999;   0;eor
      151;20151130;   3;    8.0;   9.2;  -999;    -999;   85.79;-999;    9.1;    6.5;    5.8;-999;  26.3;   4;     -999;   0;eor
      151;20151201;   3;    8.9;  10.6;  -999;    -999;   92.67;-999;    9.6;    8.2;    7.3;-999;   2.7;   4;     -999;   0;eor
      151;20151202;   3;    8.5;  10.1;  -999;    -999;   91.13;-999;    9.3;    6.4;    5.8;-999;   0.0;   4;     -999;   0;eor
      151;20151203;   3;    5.4;   7.8;  -999;    -999;   87.29;-999;    7.5;    0.7;   -1.7;-999;   0.0;   0;     -999;   0;eor
      151;20151204;   3;    3.3;   7.3;  -999;    -999;   94.46;-999;    5.3;    1.5;   -0.4;-999;   0.9;   4;     -999;   0;eor
      151;20151205;   3;    5.9;   8.8;  -999;    -999;   94.63;-999;    8.7;    1.9;   -0.8;-999;   0.0;   0;     -999;   0;eor
      151;20151206;   3;    4.0;   7.7;  -999;    -999;   94.58;-999;    6.7;    1.1;   -1.1;-999;   0.0;   0;     -999;   0;eor
      151;20151207;   3;    3.9;   7.7;  -999;    -999;   95.42;-999;    8.1;    0.1;    0.4;-999;   0.0;   0;     -999;   0;eor
      151;20151208;   3;    0.6;   6.4;  -999;    -999;   99.79;-999;    2.4;   -1.5;   -0.9;-999;   0.0;   0;     -999;   0;eor
      151;20151209;   3;    2.7;   7.3;  -999;    -999;   97.83;-999;    5.2;   -1.1;   -2.7;-999;   4.0;   4;     -999;   0;eor
      151;20151210;   3;    1.4;   6.5;  -999;    -999;   96.54;-999;    2.2;   -1.3;   -2.7;-999;   0.0;   0;     -999;   0;eor
      151;20151211;   3;    3.0;   6.3;  -999;    -999;   83.54;-999;    6.4;   -0.2;   -0.9;-999;   0.1;   4;     -999;   0;eor
      151;20151212;   3;    5.8;   8.3;  -999;    -999;   89.92;-999;    6.8;    4.5;    4.8;-999;   2.2;   4;     -999;   0;eor
      151;20151213;   3;    6.5;   8.4;  -999;    -999;   87.21;-999;    8.4;    4.2;    4.1;-999;   0.3;   4;     -999;   0;eor
      151;20151214;   3;    5.2;   8.5;  -999;    -999;   95.83;-999;    6.2;    4.0;    0.5;-999;   0.0;   4;     -999;   0;eor
      151;20151215;   3;    4.3;   7.4;  -999;    -999;   89.08;-999;    6.6;    2.8;    0.7;-999;   0.0;   0;     -999;   0;eor
      151;20151216;   3;    4.9;   8.0;  -999;    -999;   91.54;-999;    7.0;    2.6;    0.0;-999;   2.1;   4;     -999;   0;eor
      151;20151217;   3;    9.7;  11.5;  -999;    -999;   95.54;-999;   11.2;    6.7;    4.2;-999;   0.2;   4;     -999;   0;eor
      151;20151218;   3;    8.2;  10.6;  -999;    -999;   97.04;-999;    9.7;    6.9;    4.2;-999;   0.9;   4;     -999;   0;eor
      151;20151219;   3;    6.9;   9.6;  -999;    -999;   95.92;-999;    8.8;    5.0;    2.5;-999;   0.0;   0;     -999;   0;eor
      151;20151220;   3;    4.5;   8.3;  -999;    -999;   98.54;-999;    5.5;    2.7;    3.1;-999;   0.0;   0;     -999;   0;eor
      151;20151221;   3;    5.0;   8.2;  -999;    -999;   93.08;-999;    8.0;    2.4;    2.8;-999;   1.9;   4;     -999;   0;eor
      151;20151222;   3;    8.7;   8.6;  -999;    -999;   76.92;-999;   12.5;    2.8;   -0.3;-999;   0.1;   4;     -999;   0;eor
      151;20151223;   3;    6.3;   8.5;  -999;    -999;   88.67;-999;   10.2;    1.1;   -1.4;-999;   0.2;   4;     -999;   0;eor
      151;20151224;   3;    7.2;   9.2;  -999;    -999;   90.38;-999;   11.2;    3.5;    0.2;-999;   0.0;   0;     -999;   0;eor
      151;20151225;   3;    8.3;   9.0;  -999;    -999;   82.42;-999;   13.1;    3.9;    0.8;-999;   0.0;   0;     -999;   0;eor
      151;20151226;   3;    5.8;   8.0;  -999;    -999;   87.08;-999;   11.6;    0.7;   -2.0;-999;   0.0;   0;     -999;   0;eor
      151;20151227;   3;    3.0;   7.1;  -999;    -999;   92.92;-999;    7.9;   -0.9;   -3.3;-999;   0.0;   0;     -999;   0;eor
      151;20151228;   3;   -0.3;   5.8;  -999;    -999;   95.42;-999;    5.6;   -3.5;   -5.1;-999;   0.0;   0;     -999;   0;eor
      151;20151229;   3;    1.2;   6.7;  -999;    -999;   98.54;-999;    4.2;   -3.3;   -4.2;-999;   0.2;   4;     -999;   0;eor
      151;20151230;   3;    1.4;   5.9;  -999;    -999;   86.08;-999;    3.6;   -4.9;   -7.0;-999;   0.0;   0;     -999;   0;eor
      151;20151231;   3;   -2.7;   4.5;  -999;    -999;   89.42;-999;   -0.4;   -6.7;   -8.2;-999;   2.3;   4;     -999;   0;eor
      151;20160101;   3;   -0.4;   5.8;  -999;    -999;   97.38;-999;    0.9;   -1.6;   -1.2;-999;   0.0;   0;     -999;   0;eor
      151;20160102;   3;   -0.7;   5.3;  -999;    -999;   91.92;-999;    0.5;   -2.7;   -4.4;-999;   3.7;   4;     -999;   0;eor
      151;20160103;   3;   -2.5;   4.5;  -999;    -999;   89.46;-999;   -1.0;   -4.7;   -4.8;-999;   1.1;   4;     -999;   3;eor
      151;20160104;   3;   -3.2;   4.5;  -999;    -999;   91.75;-999;    0.3;   -5.5;   -6.1;-999;   6.5;   4;     -999;   4;eor
      151;20160105;   3;    0.7;   6.3;  -999;    -999;   97.38;-999;    2.7;   -0.5;   -0.6;-999;   7.1;   4;     -999;   7;eor
      151;20160106;   3;    1.0;   6.3;  -999;    -999;   96.79;-999;    1.8;    0.2;   -0.4;-999;   1.3;   4;     -999;   4;eor
      151;20160107;   3;    1.4;   6.5;  -999;    -999;   96.50;-999;    4.9;    0.2;    0.0;-999;   2.3;   4;     -999;   2;eor
      151;20160108;   3;    2.5;   6.2;  -999;    -999;   84.88;-999;    5.8;   -1.7;   -3.1;-999;   0.0;   0;     -999;   0;eor
      151;20160109;   3;    1.5;   6.7;  -999;    -999;   97.83;-999;    3.3;   -1.5;   -2.8;-999;   0.1;   4;     -999;   0;eor
      151;20160110;   1;    3.4;   7.5;  -999;    -999;   96.58;-999;    4.4;    2.5;    2.6;-999;   4.7;   4;     -999;   0;eor
      151;20160111;   1;    4.2;   7.7;  -999;    -999;   93.08;-999;    5.2;    2.7;    2.5;-999;   9.4;   4;     -999;   0;eor
      151;20160112;   1;    3.8;   7.1;  -999;    -999;   88.50;-999;    5.2;    1.8;    1.2;-999;   8.5;   4;     -999;   0;eor
      151;20160113;   1;    2.7;   6.6;  -999;    -999;   88.96;-999;    4.3;    1.1;    0.0;-999;   5.6;   4;     -999;   0;eor
      151;20160114;   1;    1.4;   5.6;  -999;    -999;   82.33;-999;    4.0;   -0.3;   -2.5;-999;   0.2;   4;     -999;   0;eor
      151;20160115;   1;    0.3;   5.4;  -999;    -999;   87.50;-999;    2.0;   -1.0;   -2.3;-999;   4.0;   4;     -999;   1;eor
      151;20160116;   1;   -0.9;   5.1;  -999;    -999;   90.00;-999;    0.1;   -3.9;   -5.2;-999;   2.3;   4;     -999;   4;eor
      151;20160117;   1;   -3.7;   4.1;  -999;    -999;   88.33;-999;    0.0;   -9.6;  -11.9;-999;   0.5;   4;     -999;   7;eor
      151;20160118;   1;   -7.6;   3.2;  -999;    -999;   92.88;-999;   -4.1;  -11.3;  -12.7;-999;   0.0;   0;     -999;   5;eor
      151;20160119;   1;   -9.2;   2.6;  -999;    -999;   86.29;-999;   -5.4;  -14.1;  -14.7;-999;   0.0;   0;     -999;   4;eor
      151;20160120;   1;   -4.4;   3.8;  -999;    -999;   85.38;-999;   -1.2;   -7.0;   -6.7;-999;   0.4;   4;     -999;   4;eor
      151;20160121;   1;   -6.2;   3.5;  -999;    -999;   88.29;-999;   -0.8;  -13.6;  -15.6;-999;   0.0;   0;     -999;   4;eor
      151;20160122;   1;  -10.3;   2.5;  -999;    -999;   86.75;-999;   -4.6;  -15.2;  -14.9;-999;   1.4;   4;     -999;   4;eor
      151;20160123;   1;   -2.2;   5.1;  -999;    -999;   92.21;-999;    3.1;   -8.4;   -9.1;-999;   0.3;   4;     -999;   4;eor
      151;20160124;   1;    1.6;   6.5;  -999;    -999;   94.38;-999;    3.0;    0.6;   -0.9;-999;   3.9;   4;     -999;   2;eor
      151;20160125;   1;    2.9;   7.4;  -999;    -999;   98.25;-999;    5.2;    1.2;    0.7;-999;   0.1;   4;     -999;   0;eor
      151;20160126;   1;    2.6;   7.1;  -999;    -999;   95.67;-999;    6.2;    0.2;   -1.8;-999;   0.0;   0;     -999;   0;eor
      151;20160127;   1;    6.2;   8.0;  -999;    -999;   84.54;-999;   11.7;    0.1;   -1.8;-999;   0.5;   4;     -999;   0;eor
      151;20160128;   1;    7.1;   8.3;  -999;    -999;   82.50;-999;   10.8;   -0.1;   -1.7;-999;   0.8;   4;     -999;   0;eor
      151;20160129;   1;    4.8;   6.7;  -999;    -999;   79.08;-999;    8.1;    0.7;   -0.7;-999;   0.0;   0;     -999;   0;eor
      151;20160130;   1;    5.5;   6.7;  -999;    -999;   74.79;-999;    8.4;    1.5;   -1.5;-999;   5.0;   4;     -999;   0;eor
      151;20160131;   1;    3.0;   6.6;  -999;    -999;   86.46;-999;    8.4;    1.1;   -0.1;-999;   7.8;   4;     -999;   0;eor
      151;20160201;   1;   10.3;  10.7;  -999;    -999;   84.75;-999;   11.4;    8.4;    7.4;-999;   1.8;   4;     -999;   0;eor
      151;20160202;   1;    9.2;   9.1;  -999;    -999;   78.38;-999;   10.5;    5.6;    5.0;-999;   2.0;   4;     -999;   0;eor
      151;20160203;   1;    3.5;   6.6;  -999;    -999;   84.13;-999;    5.6;    0.9;   -0.6;-999;   1.5;   4;     -999;   0;eor
      151;20160204;   1;    1.4;   6.1;  -999;    -999;   90.25;-999;    2.6;    0.7;   -0.2;-999;   5.2;   4;     -999;   0;eor
      151;20160205;   1;    2.8;   6.6;  -999;    -999;   88.13;-999;    5.3;    0.7;   -0.2;-999;   0.0;   0;     -999;   0;eor
      151;20160206;   1;    4.1;   7.1;  -999;    -999;   87.63;-999;    8.8;   -0.5;   -3.0;-999;   0.0;   0;     -999;   0;eor
      151;20160207;   1;    3.9;   6.5;  -999;    -999;   81.46;-999;   10.9;   -2.9;   -4.7;-999;   0.0;   0;     -999;   0;eor
      151;20160208;   1;    6.4;   7.1;  -999;    -999;   74.79;-999;   11.9;    3.2;    1.0;-999;  10.4;   4;     -999;   0;eor
