STATIONS_ID; MESS_DATUM; QUALITAETS_NIVEAU; LUFTTEMPERATUR;DAMPFDRUCK;BEDECKUNGSGRAD;LUFTDRUCK_STATIONSHOEHE;REL_FEUCHTE; WINDGESCHWINDIGKEIT; LUFTTEMPERATUR_MAXIMUM;LUFTTEMPERATUR_MINIMUM;LUFTTEMP_AM_ERDB_MINIMUM; WINDSPITZE_MAXIMUM; NIEDERSCHLAGSHOEHE;NIEDERSCHLAGSHOEHE_IND;SONNENSCHEINDAUER; SCHNEEHOEHE;eor
       78;20140809;   3;   18.9;  16.9;  -999;    -999;   78.58;-999;   22.9;   13.5;   11.8;-999;   0.1;   4;     -999;   0;eor
       78;20140810;   3;   18.8;  17.4;  -999;    -999;   80.83;-999;   25.5;   12.8;   11.3;-999;  10.8;   4;     -999;   0;eor
       78;20140811;   3;   15.8;  13.7;  -999;    -999;   77.96;-999;   21.4;   11.3;    9.5;-999;   2.7;   4;     -999;   0;eor
       78;20140812;   3;   15.1;  13.5;  -999;    -999;   79.92;-999;   20.2;   11.5;    9.3;-999;   1.5;   4;     -999;   0;eor
       78;20140813;   3;   15.7;  13.0;  -999;    -999;   75.08;-999;   21.2;   10.2;    7.8;-999;   0.0;   0;     -999;   0;eor
       78;20140814;   3;   14.9;  14.6;  -999;    -999;   86.33;-999;   20.5;   10.9;    8.7;-999;   0.3;   4;     -999;   0;eor
       78;20140815;   3;   14.3;  14.7;  -999;    -999;   90.79;-999;   19.0;   11.4;    9.8;-999;   8.2;   4;     -999;   0;eor
       78;20140816;   3;   14.3;  13.3;  -999;    -999;   82.75;-999;   18.5;   11.1;    9.6;-999;   0.1;   4;     -999;   0;eor
       78;20140817;   3;   14.5;  13.8;  -999;    -999;   83.50;-999;   17.2;   11.9;   10.9;-999;   9.7;   4;     -999;   0;eor
       78;20140818;   3;   13.6;  13.4;  -999;    -999;   86.25;-999;   16.4;   11.4;    9.8;-999;   6.7;   4;     -999;   0;eor
       78;20140819;   3;   11.8;  12.3;  -999;    -999;   89.04;-999;   16.5;    9.1;    7.7;-999;   1.0;   4;     -999;   0;eor
       78;20140820;   3;   11.2;  11.7;  -999;    -999;   88.42;-999;   16.8;    7.9;    6.6;-999;   3.7;   4;     -999;   0;eor
       78;20140821;   3;   12.2;  11.7;  -999;    -999;   83.96;-999;   18.2;    7.7;    5.5;-999;   0.2;   4;     -999;   0;eor
       78;20140822;   3;   12.9;  12.3;  -999;    -999;   83.29;-999;   18.9;    9.2;    7.6;-999;   3.9;   4;     -999;   0;eor
       78;20140823;   3;   11.9;  12.1;  -999;    -999;   87.17;-999;   17.2;    8.1;    5.9;-999;   0.6;   4;     -999;   0;eor
       78;20140824;   3;   11.1;  11.5;  -999;    -999;   87.63;-999;   17.9;    6.6;    4.4;-999;   1.2;   4;     -999;   0;eor
       78;20140825;   3;   11.8;  11.1;  -999;    -999;   81.88;-999;   16.5;    6.0;    4.0;-999;   0.4;   4;     -999;   0;eor
       78;20140826;   3;   13.7;  12.0;  -999;    -999;   77.42;-999;   18.6;   10.3;    8.0;-999;   0.0;   0;     -999;   0;eor
       78;20140827;   3;   13.6;  12.0;  -999;    -999;   79.71;-999;   21.6;    6.4;    4.2;-999;   0.0;   0;     -999;   0;eor
       78;20140828;   3;   15.7;  14.6;  -999;    -999;   82.13;-999;   23.8;    7.1;    4.8;-999;   0.8;   4;     -999;   0;eor
       78;20140829;   3;   17.5;  15.5;  -999;    -999;   79.58;-999;   21.8;   14.0;   12.3;-999;   0.3;   4;     -999;   0;eor
       78;20140830;   3;   15.4;  16.1;  -999;    -999;   92.04;-999;   18.2;   11.8;    9.8;-999;   2.8;   4;     -999;   0;eor
       78;20140831;   3;   14.1;  14.3;  -999;    -999;   89.25;-999;   18.8;   10.6;    8.7;-999;   1.0;   4;     -999;   0;eor
       78;20140901;   3;   14.5;  14.7;  -999;    -999;   89.71;-999;   19.2;   10.5;    8.6;-999;   1.3;   4;     -999;   0;eor
       78;20140902;   3;   15.0;  15.9;  -999;    -999;   93.13;-999;   20.0;   10.0;    7.9;-999;   0.5;   4;     -999;   0;eor
       78;20140903;   3;   14.8;  13.6;  -999;    -999;   82.29;-999;   21.2;    8.5;    5.8;-999;   0.0;   0;     -999;   0;eor
       78;20140904;   3;   17.1;  15.3;  -999;    -999;   79.38;-999;   24.1;   10.5;    7.5;-999;   0.0;   0;     -999;   0;eor
       78;20140905;   3;   18.8;  18.6;  -999;    -999;   86.33;-999;   25.3;   13.7;   11.2;-999;   0.0;   0;     -999;   0;eor
       78;20140906;   3;   19.0;  18.4;  -999;    -999;   85.08;-999;   25.0;   13.8;   11.8;-999;   1.4;   4;     -999;   0;eor
       78;20140907;   3;   17.1;  16.9;  -999;    -999;   87.42;-999;   22.0;   12.7;   10.6;-999;   0.2;   4;     -999;   0;eor
       78;20140908;   3;   14.5;  13.1;  -999;    -999;   81.75;-999;   20.0;   10.5;    7.9;-999;   0.0;   0;     -999;   0;eor
       78;20140909;   3;   13.8;  13.4;  -999;    -999;   85.29;-999;   17.9;    9.4;    7.6;-999;   0.3;   4;     -999;   0;eor
       78;20140910;   3;   14.3;  14.2;  -999;    -999;   86.58;-999;   16.7;   12.5;   11.9;-999;   0.2;   4;     -999;   0;eor
       78;20140911;   3;   14.1;  13.6;  -999;    -999;   85.29;-999;   19.2;    9.5;    6.8;-999;   0.0;   0;     -999;   0;eor
       78;20140912;   3;   14.8;  14.4;  -999;    -999;   86.46;-999;   20.6;    9.7;    6.6;-999;   0.0;   0;     -999;   0;eor
       78;20140913;   3;   15.2;  14.6;  -999;    -999;   85.46;-999;   20.7;   11.4;    9.8;-999;   0.0;   0;     -999;   0;eor
       78;20140914;   3;   15.8;  15.5;  -999;    -999;   86.96;-999;   21.2;   10.6;    7.8;-999;   0.0;   0;     -999;   0;eor
       78;20140915;   3;   15.7;  16.6;  -999;    -999;   92.54;-999;   21.0;   10.0;    7.7;-999;   0.0;   0;     -999;   0;eor
       78;20140916;   3;   17.2;  17.6;  -999;    -999;   90.13;-999;   24.3;   12.5;   10.9;-999;   0.0;   0;     -999;   0;eor
       78;20140917;   3;   17.4;  16.3;  -999;    -999;   83.33;-999;   24.1;   12.0;    9.2;-999;   0.0;   0;     -999;   0;eor
       78;20140918;   3;   17.0;  15.9;  -999;    -999;   83.50;-999;   25.3;   10.6;    8.1;-999;   0.0;   0;     -999;   0;eor
       78;20140919;   3;   17.2;  17.9;  -999;    -999;   91.17;-999;   22.8;   11.5;    9.2;-999;   0.0;   0;     -999;   0;eor
       78;20140920;   3;   18.1;  19.1;  -999;    -999;   92.29;-999;   23.2;   13.0;   11.3;-999;   4.0;   4;     -999;   0;eor
       78;20140921;   3;   14.8;  14.4;  -999;    -999;   85.54;-999;   18.3;   11.2;    9.4;-999;   1.3;   4;     -999;   0;eor
       78;20140922;   3;   11.8;  11.0;  -999;    -999;   79.63;-999;   16.0;    8.3;    5.4;-999;   4.5;   4;     -999;   0;eor
       78;20140923;   3;   11.2;  10.7;  -999;    -999;   82.04;-999;   16.9;    6.3;    4.2;-999;   0.0;   0;     -999;   0;eor
       78;20140924;   3;   11.9;  11.9;  -999;    -999;   85.08;-999;   14.8;    9.6;    8.4;-999;   0.2;   4;     -999;   0;eor
       78;20140925;   3;   13.4;  12.5;  -999;    -999;   82.50;-999;   16.1;   10.8;   10.8;-999;   0.0;   0;     -999;   0;eor
       78;20140926;   3;   14.3;  14.8;  -999;    -999;   90.21;-999;   16.2;   10.9;    7.8;-999;   0.0;   0;     -999;   0;eor
       78;20140927;   3;   12.7;  13.0;  -999;    -999;   89.46;-999;   19.2;    7.4;    4.5;-999;   0.0;   0;     -999;   0;eor
       78;20140928;   3;   12.8;  13.0;  -999;    -999;   88.54;-999;   21.1;    6.3;    3.7;-999;   0.0;   0;     -999;   0;eor
       78;20140929;   3;   16.4;  16.0;  -999;    -999;   86.71;-999;   23.0;   10.7;    8.9;-999;   1.8;   4;     -999;   0;eor
       78;20140930;   3;   16.3;  16.6;  -999;    -999;   89.79;-999;   20.0;   10.9;    9.1;-999;   1.0;   4;     -999;   0;eor
       78;20141001;   3;   14.1;  14.9;  -999;    -999;   92.50;-999;   20.2;    9.7;    7.2;-999;   0.0;   0;     -999;   0;eor
       78;20141002;   3;   15.4;  16.0;  -999;    -999;   91.58;-999;   21.0;   11.9;   10.1;-999;   0.1;   4;     -999;   0;eor
       78;20141003;   3;   14.9;  14.6;  -999;    -999;   87.71;-999;   22.6;    9.7;    7.0;-999;   0.0;   0;     -999;   0;eor
       78;20141004;   3;   13.6;  12.7;  -999;    -999;   83.67;-999;   20.6;    7.7;    4.8;-999;   0.0;   0;     -999;   0;eor
       78;20141005;   3;   12.5;  13.7;  -999;    -999;   93.83;-999;   16.0;    8.9;    6.6;-999;   0.0;   0;     -999;   0;eor
       78;20141006;   3;   12.8;  12.7;  -999;    -999;   86.58;-999;   17.5;    7.5;    5.6;-999;   4.9;   4;     -999;   0;eor
       78;20141007;   3;   12.7;  12.9;  -999;    -999;   86.88;-999;   17.0;    9.7;    7.7;-999;   9.4;   4;     -999;   0;eor
       78;20141008;   3;   12.4;  13.1;  -999;    -999;   89.17;-999;   15.7;    8.3;    5.9;-999;   3.5;   4;     -999;   0;eor
       78;20141009;   3;   15.5;  14.9;  -999;    -999;   84.71;-999;   18.3;   13.1;   11.2;-999;   0.8;   4;     -999;   0;eor
       78;20141010;   3;   13.4;  13.2;  -999;    -999;   86.42;-999;   18.3;    9.7;    8.0;-999;   0.0;   0;     -999;   0;eor
       78;20141011;   3;   12.6;  13.4;  -999;    -999;   91.33;-999;   18.6;    6.8;    4.0;-999;   3.1;   4;     -999;   0;eor
       78;20141012;   3;   12.9;  13.3;  -999;    -999;   89.08;-999;   16.7;   11.4;   10.8;-999;   3.2;   4;     -999;   0;eor
       78;20141013;   3;   14.0;  15.4;  -999;    -999;   96.21;-999;   18.6;   10.2;    7.4;-999;   0.1;   4;     -999;   0;eor
       78;20141014;   3;   12.4;  11.7;  -999;    -999;   82.46;-999;   17.3;    6.4;    3.9;-999;   0.0;   0;     -999;   0;eor
       78;20141015;   3;   12.5;  12.4;  -999;    -999;   85.38;-999;   15.4;    7.8;    5.1;-999;   0.2;   4;     -999;   0;eor
       78;20141016;   3;   12.1;  13.7;  -999;    -999;   96.46;-999;   16.4;    8.4;    6.9;-999;   9.6;   4;     -999;   0;eor
       78;20141017;   3;   12.8;  14.2;  -999;    -999;   95.50;-999;   17.8;    9.2;    7.0;-999;   0.0;   0;     -999;   0;eor
       78;20141018;   3;   14.8;  14.5;  -999;    -999;   86.38;-999;   19.3;    9.4;    7.1;-999;   0.0;   0;     -999;   0;eor
       78;20141019;   3;   17.3;  16.1;  -999;    -999;   81.38;-999;   22.7;   13.1;   10.2;-999;   1.2;   4;     -999;   0;eor
       78;20141020;   3;   13.8;  13.8;  -999;    -999;   87.17;-999;   16.8;   12.0;   10.2;-999;   1.1;   4;     -999;   0;eor
       78;20141021;   3;   11.0;  12.0;  -999;    -999;   91.33;-999;   12.7;    7.4;    6.1;-999;  16.0;   4;     -999;   0;eor
       78;20141022;   3;    8.9;   9.5;  -999;    -999;   83.33;-999;   10.7;    7.2;    5.9;-999;   0.3;   4;     -999;   0;eor
       78;20141023;   3;   10.0;  11.2;  -999;    -999;   90.54;-999;   12.1;    6.7;    4.8;-999;   0.3;   4;     -999;   0;eor
       78;20141024;   3;   11.7;  11.3;  -999;    -999;   82.50;-999;   13.3;    9.5;    7.6;-999;   1.8;   4;     -999;   0;eor
       78;20141025;   3;   11.9;  13.0;  -999;    -999;   93.50;-999;   14.2;   10.0;    7.8;-999;   0.1;   4;     -999;   0;eor
       78;20141026;   3;   11.1;  11.5;  -999;    -999;   87.21;-999;   14.6;    6.1;    3.6;-999;   0.0;   0;     -999;   0;eor
       78;20141027;   3;   11.1;  11.5;  -999;    -999;   87.42;-999;   15.9;    6.7;    3.4;-999;   0.0;   0;     -999;   0;eor
       78;20141028;   3;    7.6;   9.3;  -999;    -999;   90.17;-999;   13.1;    3.4;    0.5;-999;   0.0;   0;     -999;   0;eor
       78;20141029;   3;    8.0;  10.3;  -999;    -999;   95.13;-999;    9.5;    5.1;    4.2;-999;   4.9;   4;     -999;   0;eor
       78;20141030;   3;   10.7;  12.7;  -999;    -999;   98.21;-999;   12.5;    9.3;    9.3;-999;   0.0;   0;     -999;   0;eor
       78;20141031;   3;   12.1;  13.5;  -999;    -999;   95.29;-999;   16.9;    7.4;    5.6;-999;   0.0;   0;     -999;   0;eor
       78;20141101;   3;   13.2;  13.4;  -999;    -999;   89.17;-999;   20.2;    8.0;    5.6;-999;   0.0;   0;     -999;   0;eor
       78;20141102;   3;   14.3;  13.2;  -999;    -999;   81.13;-999;   17.8;   11.2;    8.2;-999;   4.0;   4;     -999;   0;eor
       78;20141103;   3;   13.7;  12.5;  -999;    -999;   79.63;-999;   15.9;   10.2;    8.5;-999;   3.8;   4;     -999;   0;eor
       78;20141104;   3;    9.6;  11.2;  -999;    -999;   94.08;-999;   14.0;    7.9;    7.0;-999;   2.3;   4;     -999;   0;eor
       78;20141105;   3;    8.4;  10.6;  -999;    -999;   96.38;-999;   11.0;    5.4;    3.6;-999;   0.0;   0;     -999;   0;eor
       78;20141106;   3;    7.3;   9.6;  -999;    -999;   93.83;-999;   10.5;    4.9;    2.6;-999;   0.1;   4;     -999;   0;eor
       78;20141107;   3;    7.1;   8.3;  -999;    -999;   82.58;-999;   10.6;    2.8;    0.1;-999;   0.5;   4;     -999;   0;eor
       78;20141108;   3;    9.3;   9.6;  -999;    -999;   81.63;-999;   13.3;    5.1;    2.0;-999;   0.0;   0;     -999;   0;eor
       78;20141109;   3;    7.2;   9.3;  -999;    -999;   91.17;-999;   12.1;    4.2;    0.5;-999;   2.1;   4;     -999;   0;eor
       78;20141110;   3;    7.8;   9.9;  -999;    -999;   93.96;-999;   12.3;    3.0;    0.5;-999;   0.2;   4;     -999;   0;eor
       78;20141111;   3;    6.7;   9.7;  -999;    -999;   97.08;-999;   11.0;    1.5;   -0.8;-999;   0.1;   4;     -999;   0;eor
       78;20141112;   3;    8.9;  11.1;  -999;    -999;   97.00;-999;   11.2;    7.0;    5.2;-999;   0.1;   4;     -999;   0;eor
       78;20141113;   3;    8.3;  10.9;  -999;    -999;   99.21;-999;   11.6;    6.5;    2.8;-999;   0.0;   0;     -999;   0;eor
       78;20141114;   3;    8.6;  10.3;  -999;    -999;   91.58;-999;   11.8;    4.9;    1.2;-999;   0.0;   0;     -999;   0;eor
       78;20141115;   3;    9.1;  11.0;  -999;    -999;   95.04;-999;   10.9;    7.0;    4.6;-999;   2.9;   4;     -999;   0;eor
       78;20141116;   3;    8.7;  11.1;  -999;    -999;   98.25;-999;    9.5;    7.3;    6.4;-999;  19.6;   4;     -999;   0;eor
       78;20141117;   3;    8.2;  10.1;  -999;    -999;   93.08;-999;   11.7;    6.1;    3.7;-999;   0.0;   0;     -999;   0;eor
       78;20141118;   3;    6.9;   9.6;  -999;    -999;   96.42;-999;    7.4;    6.1;    6.1;-999;   0.2;   4;     -999;   0;eor
       78;20141119;   3;    6.7;   9.4;  -999;    -999;   95.08;-999;    7.5;    5.9;    5.8;-999;   0.0;   0;     -999;   0;eor
       78;20141120;   3;    5.7;   8.5;  -999;    -999;   92.75;-999;    8.1;    0.4;   -1.2;-999;   0.0;   0;     -999;   0;eor
       78;20141121;   3;    3.5;   7.5;  -999;    -999;   95.04;-999;    6.1;   -0.6;   -3.0;-999;   0.0;   0;     -999;   0;eor
       78;20141122;   3;    4.7;   8.0;  -999;    -999;   92.79;-999;    8.2;    1.8;   -1.2;-999;   0.0;   0;     -999;   0;eor
       78;20141123;   3;    8.1;  10.1;  -999;    -999;   92.79;-999;   14.0;    4.3;    2.9;-999;   6.6;   4;     -999;   0;eor
       78;20141124;   3;    7.4;   9.3;  -999;    -999;   90.54;-999;   11.7;    1.7;   -0.8;-999;   0.0;   0;     -999;   0;eor
       78;20141125;   3;    4.3;   8.0;  -999;    -999;   96.58;-999;    8.0;    0.7;   -1.2;-999;   0.0;   0;     -999;   0;eor
       78;20141126;   3;    4.0;   7.1;  -999;    -999;   87.33;-999;    5.1;    2.9;    1.8;-999;   2.4;   4;     -999;   0;eor
       78;20141127;   3;    3.5;   7.1;  -999;    -999;   90.67;-999;    4.9;    2.7;    2.1;-999;   0.0;   0;     -999;   0;eor
       78;20141128;   3;    2.2;   6.4;  -999;    -999;   89.75;-999;    3.9;    1.1;    0.0;-999;   0.0;   0;     -999;   0;eor
       78;20141129;   3;    1.6;   6.3;  -999;    -999;   91.42;-999;    2.1;    1.2;    1.2;-999;   0.0;   0;     -999;   0;eor
       78;20141130;   3;    0.9;   6.3;  -999;    -999;   97.25;-999;    1.5;   -0.2;   -0.2;-999;   0.1;   4;     -999;   0;eor
       78;20141201;   3;   -0.8;   5.3;  -999;    -999;   92.33;-999;   -0.1;   -1.8;   -1.7;-999;   0.0;   0;     -999;   0;eor
       78;20141202;   3;   -1.4;   4.8;  -999;    -999;   87.38;-999;   -0.2;   -2.1;   -2.0;-999;   0.0;   0;     -999;   0;eor
       78;20141203;   3;   -3.0;   4.6;  -999;    -999;   93.71;-999;   -1.5;   -4.0;   -3.7;-999;   0.0;   0;     -999;   0;eor
       78;20141204;   3;   -0.9;   5.5;  -999;    -999;   95.29;-999;    0.2;   -2.7;   -2.5;-999;   0.0;   4;     -999;   0;eor
       78;20141205;   3;    2.2;   6.7;  -999;    -999;   93.50;-999;    4.1;    0.1;    0.0;-999;   0.0;   4;     -999;   0;eor
       78;20141206;   3;    4.1;   8.1;  -999;    -999;   98.79;-999;    4.8;    3.3;    3.3;-999;   0.0;   4;     -999;   0;eor
       78;20141207;   3;    4.3;   7.8;  -999;    -999;   94.04;-999;    5.6;    3.1;    1.4;-999;   5.4;   4;     -999;   0;eor
       78;20141208;   3;    2.9;   6.9;  -999;    -999;   91.83;-999;    4.9;    1.0;   -1.1;-999;   0.2;   4;     -999;   0;eor
       78;20141209;   3;    2.6;   6.8;  -999;    -999;   91.92;-999;    3.6;    0.5;   -2.1;-999;   1.8;   4;     -999;   0;eor
       78;20141210;   3;    4.6;   7.3;  -999;    -999;   85.42;-999;    7.2;    3.2;    1.2;-999;   2.6;   4;     -999;   0;eor
       78;20141211;   3;    4.1;   7.2;  -999;    -999;   87.88;-999;    5.7;    2.3;    0.1;-999;  15.4;   4;     -999;   0;eor
       78;20141212;   3;    6.7;   9.1;  -999;    -999;   92.25;-999;    8.8;    4.2;    2.4;-999;  14.1;   4;     -999;   0;eor
       78;20141213;   3;    4.0;   7.3;  -999;    -999;   89.13;-999;    5.4;    2.6;    0.2;-999;   0.0;   0;     -999;   0;eor
       78;20141214;   3;    2.9;   6.9;  -999;    -999;   90.71;-999;    4.6;    1.1;   -0.6;-999;   0.0;   0;     -999;   0;eor
       78;20141215;   3;    4.0;   7.4;  -999;    -999;   91.08;-999;    5.3;    1.9;    1.2;-999;   5.4;   4;     -999;   0;eor
       78;20141216;   3;    4.2;   7.8;  -999;    -999;   93.92;-999;    6.4;    0.2;   -2.1;-999;   0.5;   4;     -999;   0;eor
       78;20141217;   3;    5.1;   8.7;  -999;    -999;   97.46;-999;    9.1;    0.1;   -1.9;-999;   6.2;   4;     -999;   0;eor
       78;20141218;   3;   10.6;  12.4;  -999;    -999;   97.00;-999;   12.0;    9.0;    8.5;-999;  16.3;   4;     -999;   0;eor
       78;20141219;   3;    8.7;  10.4;  -999;    -999;   90.33;-999;   11.5;    5.3;    3.5;-999;  16.0;   4;     -999;   0;eor
       78;20141220;   3;    5.3;   7.7;  -999;    -999;   86.63;-999;    7.7;    1.8;    1.0;-999;   9.8;   4;     -999;   0;eor
       78;20141221;   3;    5.8;   8.3;  -999;    -999;   89.50;-999;    8.9;    3.5;    1.6;-999;   0.7;   4;     -999;   0;eor
       78;20141222;   3;    9.6;  11.4;  -999;    -999;   94.71;-999;   10.9;    8.3;    7.7;-999;  10.1;   4;     -999;   0;eor
       78;20141223;   3;   10.0;  10.8;  -999;    -999;   88.25;-999;   11.0;    8.9;    8.4;-999;   1.3;   4;     -999;   0;eor
       78;20141224;   3;    7.1;   9.2;  -999;    -999;   91.04;-999;    9.8;    3.3;    1.0;-999;   4.7;   4;     -999;   0;eor
       78;20141225;   3;    4.3;   7.0;  -999;    -999;   84.71;-999;    6.6;   -0.3;   -2.5;-999;   1.9;   4;     -999;   0;eor
       78;20141226;   3;    0.3;   6.3;  -999;    -999;   99.88;-999;    1.4;   -1.4;   -3.1;-999;   0.0;   0;     -999;   0;eor
       78;20141227;   3;   -0.3;   5.3;  -999;    -999;   87.75;-999;    1.4;   -3.6;   -4.7;-999;   0.0;   0;     -999;   0;eor
       78;20141228;   3;   -2.5;   4.5;  -999;    -999;   88.25;-999;    0.2;   -5.2;   -6.2;-999;   1.4;   4;     -999;   0;eor
       78;20141229;   3;    0.7;   6.0;  -999;    -999;   92.33;-999;    2.5;   -1.1;   -2.8;-999;   0.3;   4;     -999;   1;eor
       78;20141230;   3;    3.0;   7.0;  -999;    -999;   91.58;-999;    4.7;    0.6;    0.1;-999;   1.0;   4;     -999;   0;eor
       78;20141231;   3;    4.4;   8.3;  -999;    -999;   98.79;-999;    6.0;    1.5;   -0.2;-999;   0.2;   4;     -999;   0;eor
       78;20150101;   3;    2.8;   6.2;  -999;    -999;   83.29;-999;    4.4;    0.9;   -0.6;-999;   4.1;   4;     -999;   0;eor
       78;20150102;   3;    5.7;   7.4;  -999;    -999;   80.21;-999;    8.1;    3.5;    2.7;-999;   1.0;   4;     -999;   0;eor
       78;20150103;   3;    3.4;   6.8;  -999;    -999;   87.42;-999;    4.6;    2.4;    0.2;-999;   0.2;   4;     -999;   0;eor
       78;20150104;   3;    3.0;   6.8;  -999;    -999;   89.00;-999;    6.0;   -0.3;   -3.0;-999;   0.2;   4;     -999;   0;eor
       78;20150105;   3;    1.8;   6.5;  -999;    -999;   93.08;-999;    3.7;    0.2;   -1.7;-999;   0.0;   0;     -999;   0;eor
       78;20150106;   3;    2.9;   6.6;  -999;    -999;   87.67;-999;    5.1;    0.0;   -2.0;-999;   1.9;   4;     -999;   0;eor
       78;20150107;   3;    3.7;   7.4;  -999;    -999;   93.38;-999;    5.4;    1.3;   -1.3;-999;   0.5;   4;     -999;   0;eor
       78;20150108;   3;    5.1;   8.3;  -999;    -999;   93.75;-999;    7.1;    2.6;    2.0;-999;  18.0;   4;     -999;   0;eor
       78;20150109;   3;    7.6;   8.8;  -999;    -999;   84.83;-999;   11.5;    5.5;    4.6;-999;   7.1;   4;     -999;   0;eor
       78;20150110;   3;    9.4;  10.0;  -999;    -999;   81.71;-999;   12.4;    3.9;    2.2;-999;   4.7;   4;     -999;   0;eor
       78;20150111;   3;    4.0;   6.8;  -999;    -999;   83.29;-999;    5.9;    1.2;    0.5;-999;  10.1;   4;     -999;   0;eor
       78;20150112;   3;    7.0;   8.8;  -999;    -999;   87.13;-999;    8.9;    5.2;    4.2;-999;   4.6;   4;     -999;   0;eor
       78;20150113;   3;    8.1;   9.7;  -999;    -999;   89.50;-999;   10.4;    5.9;    4.0;-999;   6.7;   4;     -999;   0;eor
       78;20150114;   3;    3.9;   7.1;  -999;    -999;   87.83;-999;    6.6;    2.2;    0.4;-999;   1.3;   4;     -999;   0;eor
       78;20150115;   3;    7.3;   8.5;  -999;    -999;   83.04;-999;    9.4;    2.7;    1.6;-999;   1.2;   4;     -999;   0;eor
       78;20150116;   3;    4.8;   7.0;  -999;    -999;   82.13;-999;    7.4;    1.2;   -1.6;-999;   0.0;   0;     -999;   0;eor
       78;20150117;   3;    1.8;   6.2;  -999;    -999;   89.08;-999;    4.9;   -0.8;   -3.7;-999;   0.1;   4;     -999;   0;eor
       78;20150118;   3;    1.2;   6.2;  -999;    -999;   93.21;-999;    2.0;    0.3;   -0.8;-999;   2.1;   4;     -999;   0;eor
       78;20150119;   3;   -0.1;   5.7;  -999;    -999;   93.63;-999;    2.0;   -1.6;   -2.8;-999;   0.0;   0;     -999;   0;eor
       78;20150120;   3;   -0.8;   5.6;  -999;    -999;   96.58;-999;    1.6;   -4.3;   -6.6;-999;   0.0;   0;     -999;   0;eor
       78;20150121;   3;   -2.2;   4.9;  -999;    -999;   94.29;-999;    0.9;   -5.0;   -7.6;-999;   0.0;   0;     -999;   0;eor
       78;20150122;   3;   -1.0;   5.2;  -999;    -999;   92.21;-999;    0.2;   -2.6;   -4.1;-999;   0.0;   0;     -999;   0;eor
       78;20150123;   3;   -1.7;   5.0;  -999;    -999;   92.79;-999;   -0.5;   -3.4;   -4.4;-999;   0.0;   0;     -999;   0;eor
       78;20150124;   3;    0.2;   5.9;  -999;    -999;   94.46;-999;    2.5;   -1.5;   -3.1;-999;   4.0;   4;     -999;   0;eor
       78;20150125;   3;    1.2;   6.6;  -999;    -999;   98.83;-999;    2.9;   -1.5;   -4.7;-999;   0.7;   4;     -999;   4;eor
       78;20150126;   3;    3.2;   7.6;  -999;    -999;   98.17;-999;    5.9;    2.1;    1.1;-999;   6.5;   4;     -999;   2;eor
       78;20150127;   3;    3.2;   7.3;  -999;    -999;   95.00;-999;    6.0;    1.2;   -0.2;-999;   3.3;   4;     -999;   0;eor
       78;20150128;   3;    3.8;   7.4;  -999;    -999;   92.42;-999;    6.0;    1.6;    0.2;-999;   6.4;   4;     -999;   0;eor
       78;20150129;   3;    1.2;   6.1;  -999;    -999;   91.75;-999;    2.7;    0.0;   -0.1;-999;   9.3;   4;     -999;   0;eor
       78;20150130;   3;    0.0;   6.1;  -999;    -999;   98.92;-999;    0.7;   -2.0;   -6.2;-999;   8.4;   4;     -999;   7;eor
       78;20150131;   3;    0.4;   6.2;  -999;    -999;   97.79;-999;    2.7;   -1.9;   -5.2;-999;   0.0;   0;     -999;   6;eor
       78;20150201;   3;    0.4;   6.1;  -999;    -999;   97.46;-999;    1.8;   -1.6;   -4.3;-999;   0.3;   4;     -999;   5;eor
       78;20150202;   3;    0.8;   6.3;  -999;    -999;   97.50;-999;    2.2;   -0.8;   -2.3;-999;   1.9;   4;     -999;   3;eor
       78;20150203;   3;    0.3;   6.0;  -999;    -999;   95.88;-999;    1.8;   -2.4;   -4.4;-999;   0.5;   4;     -999;   3;eor
       78;20150204;   3;   -1.6;   4.7;  -999;    -999;   87.71;-999;    1.7;   -5.0;   -7.2;-999;   0.0;   0;     -999;   2;eor
       78;20150205;   3;   -1.4;   5.0;  -999;    -999;   90.42;-999;    0.0;   -2.6;   -3.8;-999;   0.0;   0;     -999;   2;eor
       78;20150206;   3;   -1.4;   4.6;  -999;    -999;   83.71;-999;    1.3;   -4.8;   -7.1;-999;   0.0;   0;     -999;   2;eor
       78;20150207;   3;   -0.5;   5.8;  -999;    -999;   96.54;-999;    4.3;   -5.9;   -7.7;-999;   1.0;   4;     -999;   2;eor
       78;20150208;   3;    3.2;   5.6;  -999;    -999;   72.75;-999;    4.5;    1.9;   -0.1;-999;   0.8;   4;     -999;   0;eor
       78;20150209;   3;    5.2;   8.4;  -999;    -999;   95.04;-999;    6.4;    3.7;    3.2;-999;   1.3;   4;     -999;   0;eor
       78;20150210;   3;    5.2;   8.3;  -999;    -999;   93.50;-999;    6.8;    4.5;    3.0;-999;   0.2;   4;     -999;   0;eor
       78;20150211;   3;    3.8;   7.1;  -999;    -999;   88.17;-999;    4.7;    2.5;    2.2;-999;   0.0;   0;     -999;   0;eor
       78;20150212;   3;    1.4;   6.4;  -999;    -999;   94.38;-999;    2.5;    0.4;    0.5;-999;   0.0;   0;     -999;   0;eor
       78;20150213;   3;    2.3;   6.2;  -999;    -999;   87.17;-999;    9.1;   -2.2;   -3.8;-999;   0.0;   0;     -999;   0;eor
       78;20150214;   3;    3.6;   6.7;  -999;    -999;   85.33;-999;    9.9;   -1.5;   -3.6;-999;   0.0;   0;     -999;   0;eor
       78;20150215;   3;    0.7;   5.9;  -999;    -999;   90.92;-999;    3.2;   -1.0;   -3.6;-999;   0.0;   0;     -999;   0;eor
       78;20150216;   3;    0.9;   6.0;  -999;    -999;   92.21;-999;    6.6;   -2.7;   -5.5;-999;   0.0;   0;     -999;   0;eor
       78;20150217;   3;    0.7;   6.4;  -999;    -999;   99.13;-999;    3.4;   -2.8;   -5.4;-999;   0.0;   0;     -999;   0;eor
       78;20150218;   3;    0.8;   6.1;  -999;    -999;   94.38;-999;    5.5;   -1.6;   -4.1;-999;   0.0;   0;     -999;   0;eor
       78;20150219;   3;    1.7;   6.0;  -999;    -999;   87.63;-999;    4.6;    0.1;   -2.9;-999;   0.0;   0;     -999;   0;eor
       78;20150220;   3;    4.2;   7.4;  -999;    -999;   88.04;-999;    6.3;    1.0;   -0.2;-999;  10.2;   4;     -999;   0;eor
       78;20150221;   3;    3.5;   7.4;  -999;    -999;   93.42;-999;    5.5;   -0.3;   -2.5;-999;   0.3;   4;     -999;   0;eor
       78;20150222;   3;    1.8;   6.2;  -999;    -999;   89.71;-999;    6.2;   -1.1;   -3.5;-999;   1.6;   4;     -999;   0;eor
       78;20150223;   3;    3.5;   7.0;  -999;    -999;   88.67;-999;    6.5;    0.9;    0.0;-999;   2.0;   4;     -999;   0;eor
       78;20150224;   3;    3.9;   7.0;  -999;    -999;   86.71;-999;    7.4;    1.6;   -0.1;-999;   5.1;   4;     -999;   0;eor
       78;20150225;   3;    4.2;   7.3;  -999;    -999;   88.75;-999;    7.8;    0.4;   -1.3;-999;   0.5;   4;     -999;   0;eor
       78;20150226;   3;    6.1;   7.7;  -999;    -999;   83.00;-999;    9.8;    2.3;    0.7;-999;   8.6;   4;     -999;   0;eor
       78;20150227;   3;    4.1;   7.3;  -999;    -999;   89.08;-999;    6.8;   -1.4;   -4.0;-999;   0.5;   4;     -999;   0;eor
       78;20150228;   3;    2.8;   5.6;  -999;    -999;   76.71;-999;    7.9;   -2.8;   -5.1;-999;   1.0;   4;     -999;   0;eor
       78;20150301;   3;    6.4;   7.3;  -999;    -999;   76.42;-999;    9.8;    3.1;    0.0;-999;   3.6;   4;     -999;   0;eor
       78;20150302;   3;    4.4;   6.7;  -999;    -999;   80.04;-999;    8.2;    1.1;    0.0;-999;   5.9;   4;     -999;   0;eor
       78;20150303;   3;    2.7;   6.7;  -999;    -999;   89.54;-999;    5.8;    0.7;   -1.5;-999;   3.7;   4;     -999;   0;eor
       78;20150304;   3;    3.1;   6.8;  -999;    -999;   88.33;-999;    6.9;    0.0;   -2.1;-999;   2.2;   4;     -999;   0;eor
       78;20150305;   3;    4.6;   7.1;  -999;    -999;   84.17;-999;    8.5;    0.8;   -1.8;-999;   0.0;   0;     -999;   0;eor
       78;20150306;   3;    5.3;   7.3;  -999;    -999;   81.54;-999;    8.4;    0.2;   -2.4;-999;   0.0;   0;     -999;   0;eor
       78;20150307;   3;    7.6;   6.5;  -999;    -999;   65.50;-999;   13.4;    0.3;   -2.1;-999;   0.0;   0;     -999;   0;eor
       78;20150308;   3;   10.1;   6.5;  -999;    -999;   55.04;-999;   17.6;    3.4;   -0.9;-999;   0.0;   0;     -999;   0;eor
       78;20150309;   3;    7.9;   8.9;  -999;    -999;   85.04;-999;   12.7;    3.2;    0.4;-999;   0.9;   4;     -999;   0;eor
       78;20150310;   3;    7.7;   8.6;  -999;    -999;   81.96;-999;   11.9;    2.3;   -0.8;-999;   0.0;   0;     -999;   0;eor
       78;20150311;   3;    3.4;   6.9;  -999;    -999;   89.04;-999;    9.6;   -1.2;   -4.0;-999;   0.0;   0;     -999;   0;eor
       78;20150312;   3;    2.6;   6.7;  -999;    -999;   91.00;-999;    8.7;   -1.7;   -4.5;-999;   0.0;   0;     -999;   0;eor
       78;20150313;   3;    2.6;   5.7;  -999;    -999;   79.04;-999;    7.2;   -0.2;   -3.3;-999;   0.0;   0;     -999;   0;eor
       78;20150314;   3;    3.6;   7.0;  -999;    -999;   88.25;-999;    5.6;    1.2;    0.1;-999;   0.0;   0;     -999;   0;eor
       78;20150315;   3;    4.8;   7.6;  -999;    -999;   88.29;-999;    6.6;    3.5;    3.3;-999;   0.1;   4;     -999;   0;eor
       78;20150316;   3;    6.4;   7.8;  -999;    -999;   81.58;-999;   10.8;    2.5;   -0.5;-999;   0.0;   0;     -999;   0;eor
       78;20150317;   3;    7.1;   8.1;  -999;    -999;   81.58;-999;   14.8;    0.4;   -2.1;-999;   0.0;   0;     -999;   0;eor
       78;20150318;   3;    8.5;   8.8;  -999;    -999;   80.13;-999;   16.0;    0.8;   -1.2;-999;   0.0;   0;     -999;   0;eor
       78;20150319;   3;    6.2;   8.0;  -999;    -999;   85.38;-999;   12.0;    0.7;   -2.4;-999;   0.0;   0;     -999;   0;eor
       78;20150320;   3;    1.7;   6.4;  -999;    -999;   92.92;-999;    6.5;   -2.0;   -4.9;-999;   3.8;   4;     -999;   0;eor
       78;20150321;   3;    4.7;   7.9;  -999;    -999;   92.25;-999;    8.5;    2.0;    1.8;-999;   0.7;   4;     -999;   0;eor
       78;20150322;   3;    2.5;   5.3;  -999;    -999;   74.13;-999;    6.9;   -1.6;   -4.4;-999;   0.0;   0;     -999;   0;eor
       78;20150323;   3;    3.6;   6.4;  -999;    -999;   81.08;-999;   10.8;   -3.2;   -6.3;-999;   0.0;   0;     -999;   0;eor
       78;20150324;   3;    5.4;   7.0;  -999;    -999;   79.63;-999;   11.1;    1.2;   -0.4;-999;   1.2;   4;     -999;   0;eor
       78;20150325;   3;    7.0;   8.5;  -999;    -999;   85.33;-999;   13.0;    4.3;    4.0;-999;   0.2;   4;     -999;   0;eor
       78;20150326;   3;    5.1;   7.1;  -999;    -999;   80.75;-999;    8.4;    3.8;    3.4;-999;   1.5;   4;     -999;   0;eor
       78;20150327;   3;    6.0;   8.0;  -999;    -999;   86.17;-999;    7.5;    4.5;    3.4;-999;   0.9;   4;     -999;   0;eor
       78;20150328;   3;    6.3;   8.4;  -999;    -999;   87.38;-999;   11.4;   -0.9;   -3.6;-999;   4.4;   4;     -999;   0;eor
       78;20150329;   3;    8.8;  10.5;  -999;    -999;   92.25;-999;   10.8;    5.8;    5.1;-999;  16.3;   4;     -999;   0;eor
       78;20150330;   3;    5.9;   6.8;  -999;    -999;   73.58;-999;    8.9;    3.4;    2.4;-999;  17.8;   4;     -999;   0;eor
       78;20150331;   3;    6.4;   7.6;  -999;    -999;   78.71;-999;    9.2;    2.8;    1.4;-999;   3.6;   4;     -999;   0;eor
       78;20150401;   3;    3.8;   7.0;  -999;    -999;   86.67;-999;    6.7;    1.9;    0.4;-999;  14.3;   4;     -999;   0;eor
       78;20150402;   3;    3.9;   6.6;  -999;    -999;   83.00;-999;    7.5;    0.6;    0.0;-999;   2.5;   4;     -999;   0;eor
       78;20150403;   3;    5.3;   6.9;  -999;    -999;   78.71;-999;    9.7;    1.0;   -1.9;-999;   0.0;   0;     -999;   0;eor
       78;20150404;   3;    4.3;   5.7;  -999;    -999;   70.38;-999;    8.5;    1.3;   -0.5;-999;   0.0;   0;     -999;   0;eor
       78;20150405;   3;    5.1;   5.6;  -999;    -999;   67.29;-999;   10.4;   -1.5;   -3.7;-999;   0.0;   0;     -999;   0;eor
       78;20150406;   3;    5.7;   7.2;  -999;    -999;   79.88;-999;   11.5;    0.5;   -1.8;-999;   0.3;   4;     -999;   0;eor
       78;20150407;   3;    6.5;   7.8;  -999;    -999;   80.25;-999;   11.7;   -1.1;   -2.9;-999;   0.0;   0;     -999;   0;eor
       78;20150408;   3;    8.2;   9.2;  -999;    -999;   84.67;-999;   11.1;    4.5;    2.4;-999;   0.0;   0;     -999;   0;eor
       78;20150409;   3;    9.3;   9.5;  -999;    -999;   83.38;-999;   17.7;    3.0;    0.7;-999;   0.0;   0;     -999;   0;eor
       78;20150410;   3;   12.1;   9.8;  -999;    -999;   72.96;-999;   19.9;    4.8;    2.0;-999;   0.0;   0;     -999;   0;eor
       78;20150411;   3;   10.1;   9.4;  -999;    -999;   77.08;-999;   17.4;    2.3;    0.2;-999;   2.3;   4;     -999;   0;eor
       78;20150412;   3;    9.3;   7.2;  -999;    -999;   64.96;-999;   14.4;    1.3;   -0.4;-999;   1.1;   4;     -999;   0;eor
       78;20150413;   3;    7.7;   7.3;  -999;    -999;   71.21;-999;   12.6;    1.7;   -0.7;-999;   0.0;   0;     -999;   0;eor
       78;20150414;   3;   10.9;   9.0;  -999;    -999;   70.96;-999;   19.7;    1.2;   -1.1;-999;   0.0;   0;     -999;   0;eor
       78;20150415;   3;   13.7;  10.1;  -999;    -999;   68.21;-999;   22.2;    5.0;    2.2;-999;   0.0;   0;     -999;   0;eor
       78;20150416;   3;    9.2;   7.6;  -999;    -999;   66.67;-999;   12.7;    5.7;    4.0;-999;   0.0;   0;     -999;   0;eor
       78;20150417;   3;    7.4;   6.8;  -999;    -999;   67.42;-999;   11.7;    3.2;    1.0;-999;   0.0;   0;     -999;   0;eor
       78;20150418;   3;    8.0;   6.7;  -999;    -999;   65.29;-999;   13.8;    1.5;   -1.6;-999;   0.0;   0;     -999;   0;eor
       78;20150419;   3;    7.4;   7.1;  -999;    -999;   72.38;-999;   15.2;    0.3;    0.8;-999;   0.0;   0;     -999;   0;eor
       78;20150420;   3;   10.7;   7.8;  -999;    -999;   64.46;-999;   18.2;    2.2;   -0.7;-999;   0.0;   0;     -999;   0;eor
       78;20150421;   3;    9.8;   7.3;  -999;    -999;   65.38;-999;   18.2;    1.7;   -0.5;-999;   0.0;   0;     -999;   0;eor
       78;20150422;   3;    8.7;   8.7;  -999;    -999;   78.54;-999;   14.1;    3.4;    2.0;-999;   0.0;   0;     -999;   0;eor
       78;20150423;   3;    8.5;   8.7;  -999;    -999;   80.46;-999;   15.7;    3.8;    3.0;-999;   0.0;   0;     -999;   0;eor
       78;20150424;   3;   11.5;   8.7;  -999;    -999;   68.25;-999;   19.6;    1.9;    2.0;-999;   0.1;   4;     -999;   0;eor
       78;20150425;   3;   11.5;  11.4;  -999;    -999;   84.08;-999;   15.2;    6.6;    7.0;-999;   5.3;   4;     -999;   0;eor
       78;20150426;   3;   10.6;  11.7;  -999;    -999;   91.79;-999;   16.8;    6.3;    6.0;-999;  10.7;   4;     -999;   0;eor
       78;20150427;   3;    7.5;   7.7;  -999;    -999;   75.63;-999;   11.5;    0.5;   -2.3;-999;   0.0;   4;     -999;   0;eor
       78;20150428;   3;    3.9;   6.5;  -999;    -999;   81.50;-999;   11.5;   -2.0;   -4.2;-999;   5.3;   4;     -999;   0;eor
       78;20150429;   3;    7.4;   6.5;  -999;    -999;   67.54;-999;   13.9;   -1.1;   -3.4;-999;   1.2;   4;     -999;   0;eor
       78;20150430;   3;    9.2;   8.3;  -999;    -999;   72.63;-999;   14.1;    4.1;    1.3;-999;   0.1;   4;     -999;   0;eor
       78;20150501;   3;    7.4;   7.4;  -999;    -999;   73.67;-999;   11.9;    1.8;   -1.1;-999;   0.0;   0;     -999;-999;eor
       78;20150502;   3;    7.5;   6.8;  -999;    -999;   68.79;-999;   14.6;   -0.7;   -2.9;-999;   0.0;   0;     -999;-999;eor
       78;20150503;   3;   12.0;  11.5;  -999;    -999;   80.13;-999;   18.0;    3.9;    1.3;-999;   4.5;   4;     -999;-999;eor
       78;20150504;   3;   14.7;  12.8;  -999;    -999;   77.63;-999;   19.6;   11.1;    8.9;-999;   3.6;   4;     -999;-999;eor
       78;20150505;   3;   15.3;  13.6;  -999;    -999;   78.00;-999;   24.4;    5.8;    3.4;-999;   7.3;   4;     -999;-999;eor
       78;20150506;   3;   11.7;   9.5;  -999;    -999;   70.75;-999;   17.2;    5.9;    3.5;-999;   0.8;   4;     -999;-999;eor
       78;20150507;   3;   11.1;  10.2;  -999;    -999;   77.96;-999;   16.1;    7.5;    6.0;-999;   2.8;   4;     -999;-999;eor
       78;20150508;   3;   12.5;  11.2;  -999;    -999;   79.96;-999;   19.2;    6.7;    5.1;-999;   0.1;   4;     -999;-999;eor
       78;20150509;   3;   13.2;  11.6;  -999;    -999;   77.46;-999;   17.2;    9.6;    8.0;-999;   0.6;   4;     -999;-999;eor
       78;20150510;   3;   11.6;   9.0;  -999;    -999;   67.42;-999;   17.0;    7.9;    5.2;-999;   0.0;   0;     -999;-999;eor
       78;20150511;   3;   16.1;  11.2;  -999;    -999;   65.04;-999;   24.9;    7.1;    4.5;-999;   0.0;   0;     -999;-999;eor
       78;20150512;   3;   14.6;  11.7;  -999;    -999;   70.63;-999;   21.2;    6.4;    3.5;-999;   0.0;   0;     -999;-999;eor
       78;20150513;   3;   11.7;   9.2;  -999;    -999;   68.67;-999;   17.6;    6.0;    2.8;-999;   0.0;   0;     -999;-999;eor
       78;20150514;   3;    9.5;   8.7;  -999;    -999;   74.00;-999;   15.0;    6.3;    3.5;-999;   0.0;   0;     -999;-999;eor
       78;20150515;   3;    9.2;   8.4;  -999;    -999;   74.00;-999;   15.4;    3.4;   -0.1;-999;   0.0;   0;     -999;-999;eor
       78;20150516;   3;    7.9;   9.5;  -999;    -999;   87.38;-999;   13.7;    1.5;   -1.0;-999;   0.8;   4;     -999;-999;eor
       78;20150517;   3;    9.8;   8.0;  -999;    -999;   68.38;-999;   15.6;    4.0;    0.7;-999;   0.0;   0;     -999;-999;eor
       78;20150518;   3;   11.6;   9.8;  -999;    -999;   73.08;-999;   17.7;    3.6;    1.6;-999;   1.9;   4;     -999;-999;eor
       78;20150519;   3;   10.5;   9.4;  -999;    -999;   75.58;-999;   15.2;    5.6;    1.8;-999;   1.0;   4;     -999;-999;eor
       78;20150520;   3;    9.7;   8.8;  -999;    -999;   74.33;-999;   14.9;    4.2;    0.9;-999;   0.3;   4;     -999;-999;eor
       78;20150521;   3;   10.5;   9.0;  -999;    -999;   73.83;-999;   16.9;    3.3;   -0.2;-999;   0.0;   0;     -999;-999;eor
       78;20150522;   3;   13.1;  10.7;  -999;    -999;   72.83;-999;   20.0;    4.3;    1.2;-999;   0.0;   0;     -999;-999;eor
       78;20150523;   3;   11.9;  11.5;  -999;    -999;   82.13;-999;   15.1;    4.4;    1.4;-999;   0.2;   4;     -999;-999;eor
       78;20150524;   3;   11.1;   8.8;  -999;    -999;   70.25;-999;   19.2;    2.4;   -1.5;-999;   0.1;   4;     -999;-999;eor
       78;20150525;   3;   11.8;   9.7;  -999;    -999;   71.25;-999;   15.5;    9.0;    7.6;-999;   0.2;   4;     -999;-999;eor
       78;20150526;   3;   10.3;   9.1;  -999;    -999;   72.71;-999;   13.8;    6.9;    3.8;-999;   0.2;   4;     -999;-999;eor
       78;20150527;   3;   12.2;   9.4;  -999;    -999;   67.33;-999;   16.7;    8.2;    7.4;-999;   0.0;   0;     -999;-999;eor
       78;20150528;   3;   12.2;  10.2;  -999;    -999;   71.83;-999;   17.0;    4.3;    1.3;-999;   3.8;   4;     -999;-999;eor
       78;20150529;   3;   11.2;   9.3;  -999;    -999;   72.21;-999;   17.2;    3.7;    0.9;-999;   0.9;   4;     -999;-999;eor
       78;20150530;   3;    9.2;   9.3;  -999;    -999;   81.29;-999;   14.2;    3.4;    0.8;-999;   4.5;   4;     -999;-999;eor
       78;20150531;   3;   12.5;  11.8;  -999;    -999;   81.88;-999;   18.3;    2.9;    0.3;-999;   7.1;   4;     -999;-999;eor
       78;20150601;   3;   11.7;  10.1;  -999;    -999;   75.50;-999;   15.8;    7.5;    4.6;-999;   0.0;   0;     -999;-999;eor
       78;20150602;   3;   15.4;  12.5;  -999;    -999;   70.42;-999;   19.1;   11.1;    9.6;-999;   0.0;   0;     -999;-999;eor
       78;20150603;   3;   14.7;  11.3;  -999;    -999;   67.71;-999;   17.7;    7.9;    4.8;-999;   0.0;   0;     -999;-999;eor
       78;20150604;   3;   14.4;  10.5;  -999;    -999;   67.13;-999;   21.2;    5.0;    1.3;-999;   0.0;   0;     -999;-999;eor
       78;20150605;   3;   20.7;  14.1;  -999;    -999;   61.38;-999;   30.9;    9.2;    5.4;-999;   2.8;   4;     -999;-999;eor
       78;20150606;   3;   17.3;  14.2;  -999;    -999;   71.33;-999;   21.3;    6.8;    2.5;-999;   0.0;   0;     -999;-999;eor
       78;20150607;   3;   13.5;   9.6;  -999;    -999;   65.38;-999;   20.6;    4.9;    1.9;-999;   0.0;   0;     -999;-999;eor
       78;20150608;   3;   11.3;   9.2;  -999;    -999;   70.67;-999;   17.6;    3.8;    0.4;-999;   0.0;   0;     -999;-999;eor
       78;20150609;   3;   11.4;   9.9;  -999;    -999;   73.79;-999;   15.9;    6.4;    3.4;-999;   0.0;   0;     -999;-999;eor
       78;20150610;   3;   15.1;  10.4;  -999;    -999;   65.00;-999;   21.8;    9.1;    7.1;-999;   0.0;   0;     -999;-999;eor
       78;20150611;   3;   16.7;  10.0;  -999;    -999;   56.79;-999;   24.1;    8.7;    5.6;-999;   0.0;   0;     -999;-999;eor
       78;20150612;   3;   18.6;  12.8;  -999;    -999;   63.75;-999;   27.6;    8.0;    4.2;-999;   0.0;   0;     -999;-999;eor
       78;20150613;   3;   18.8;  15.4;  -999;    -999;   71.42;-999;   26.4;   13.4;   11.2;-999;   2.0;   4;     -999;-999;eor
       78;20150614;   3;   14.7;  13.4;  -999;    -999;   80.13;-999;   17.1;   11.6;   11.5;-999;   0.0;   0;     -999;-999;eor
       78;20150615;   3;   12.8;   8.9;  -999;    -999;   61.67;-999;   18.2;    8.0;    4.7;-999;   0.0;   0;     -999;-999;eor
       78;20150616;   3;    9.7;   9.3;  -999;    -999;   77.88;-999;   14.2;    3.6;    0.7;-999;   0.0;   0;     -999;-999;eor
       78;20150617;   3;   13.9;  10.8;  -999;    -999;   70.29;-999;   21.4;    3.1;    0.7;-999;   2.7;   4;     -999;-999;eor
       78;20150618;   3;   14.5;  12.9;  -999;    -999;   77.83;-999;   18.6;   10.5;    9.3;-999;   0.0;   4;     -999;-999;eor
       78;20150619;   3;   11.7;  11.0;  -999;    -999;   80.17;-999;   14.4;    9.6;    8.6;-999;   0.2;   4;     -999;-999;eor
       78;20150620;   3;   11.8;  11.0;  -999;    -999;   80.17;-999;   15.1;    8.6;    7.5;-999;   0.0;   0;     -999;-999;eor
       78;20150621;   3;   13.5;  13.2;  -999;    -999;   85.42;-999;   17.4;    9.4;    8.5;-999;   6.5;   4;     -999;-999;eor
       78;20150622;   3;   11.4;  12.4;  -999;    -999;   92.25;-999;   16.9;    9.2;    8.2;-999;   8.2;   4;     -999;-999;eor
       78;20150623;   3;   11.4;  12.0;  -999;    -999;   88.92;-999;   15.9;    7.8;    7.0;-999;   0.9;   4;     -999;-999;eor
       78;20150624;   3;   13.8;  12.0;  -999;    -999;   76.63;-999;   18.5;   10.4;    9.0;-999;   0.0;   0;     -999;-999;eor
       78;20150625;   3;   17.5;  14.0;  -999;    -999;   72.13;-999;   23.3;   10.6;    9.1;-999;   0.0;   0;     -999;-999;eor
       78;20150626;   3;   18.9;  16.0;  -999;    -999;   74.67;-999;   24.4;   13.8;   13.0;-999;   8.2;   4;     -999;-999;eor
       78;20150627;   3;   17.3;  15.7;  -999;    -999;   80.04;-999;   22.1;   10.1;    7.8;-999;   0.0;   0;     -999;-999;eor
       78;20150628;   3;   15.9;  13.7;  -999;    -999;   78.08;-999;   21.8;    7.6;    5.8;-999;   0.4;   4;     -999;-999;eor
       78;20150629;   3;   18.5;  14.8;  -999;    -999;   71.21;-999;   24.4;   11.1;    9.8;-999;   0.0;   0;     -999;-999;eor
       78;20150630;   3;   18.9;  13.0;  -999;    -999;   63.46;-999;   25.9;    9.9;    7.9;-999;   0.0;   0;     -999;-999;eor
       78;20150701;   3;   22.4;  15.4;  -999;    -999;   59.88;-999;   29.9;   13.0;   10.6;-999;   0.0;   0;     -999;-999;eor
       78;20150702;   3;   26.0;  18.1;  -999;    -999;   56.00;-999;   34.5;   15.5;   13.5;-999;   8.6;   4;     -999;-999;eor
       78;20150703;   3;   24.0;  21.8;  -999;    -999;   74.38;-999;   30.0;   18.7;   18.4;-999;   0.0;   0;     -999;-999;eor
       78;20150704;   3;   26.8;  22.9;  -999;    -999;   67.88;-999;   35.4;   19.0;   17.8;-999;   0.0;   4;     -999;-999;eor
       78;20150705;   3;   20.6;  20.9;  -999;    -999;   86.42;-999;   26.0;   15.9;   14.6;-999;   8.2;   4;     -999;-999;eor
       78;20150706;   3;   18.3;  14.3;  -999;    -999;   71.67;-999;   23.7;   12.5;   10.9;-999;   0.0;   0;     -999;-999;eor
       78;20150707;   3;   20.5;  15.5;  -999;    -999;   66.88;-999;   28.0;   11.0;    9.0;-999;   0.0;   4;     -999;-999;eor
       78;20150708;   3;   15.9;  14.3;  -999;    -999;   79.13;-999;   18.2;   12.3;   11.9;-999;   7.2;   4;     -999;-999;eor
       78;20150709;   3;   12.9;  10.7;  -999;    -999;   72.75;-999;   17.6;    7.7;    5.0;-999;   0.2;   4;     -999;-999;eor
       78;20150710;   3;   13.8;  11.1;  -999;    -999;   72.92;-999;   21.1;    6.6;    3.8;-999;   0.0;   0;     -999;-999;eor
       78;20150711;   3;   18.4;  13.6;  -999;    -999;   68.50;-999;   27.3;    9.7;    8.1;-999;   0.1;   4;     -999;-999;eor
       78;20150712;   3;   16.4;  16.1;  -999;    -999;   86.21;-999;   18.8;   14.3;   12.6;-999;   2.1;   4;     -999;-999;eor
       78;20150713;   3;   16.4;  17.2;  -999;    -999;   92.50;-999;   17.9;   15.1;   14.5;-999;   7.7;   4;     -999;-999;eor
       78;20150714;   3;   18.1;  18.3;  -999;    -999;   88.08;-999;   22.8;   13.4;   12.1;-999;   2.7;   4;     -999;-999;eor
       78;20150715;   3;   17.9;  17.2;  -999;    -999;   84.38;-999;   21.5;   14.5;   13.2;-999;   0.8;   4;     -999;-999;eor
       78;20150716;   3;   18.7;  16.1;  -999;    -999;   76.50;-999;   24.2;   15.0;   13.5;-999;   0.3;   4;     -999;-999;eor
       78;20150717;   3;   22.4;  18.5;  -999;    -999;   71.33;-999;   30.2;   14.8;   13.4;-999;   7.8;   4;     -999;-999;eor
       78;20150718;   3;   18.5;  15.9;  -999;    -999;   76.21;-999;   23.3;   11.5;   10.0;-999;   2.0;   4;     -999;-999;eor
       78;20150719;   3;   15.1;  15.7;  -999;    -999;   91.25;-999;   17.8;   11.4;    9.6;-999;   3.4;   4;     -999;-999;eor
       78;20150720;   3;   17.5;  15.4;  -999;    -999;   78.38;-999;   24.0;    9.1;    7.5;-999;   5.0;   4;     -999;-999;eor
       78;20150721;   3;   21.1;  18.2;  -999;    -999;   74.38;-999;   25.0;   14.6;   13.3;-999;   0.1;   4;     -999;-999;eor
       78;20150722;   3;   18.9;  15.7;  -999;    -999;   73.67;-999;   25.2;   12.9;   11.5;-999;   0.0;   0;     -999;-999;eor
       78;20150723;   3;   16.7;  13.3;  -999;    -999;   71.63;-999;   22.2;   10.3;    8.3;-999;   0.0;   0;     -999;-999;eor
       78;20150724;   3;   18.7;  15.7;  -999;    -999;   73.71;-999;   24.9;   10.3;    8.4;-999;   5.6;   4;     -999;-999;eor
       78;20150725;   3;   16.3;  16.5;  -999;    -999;   88.67;-999;   21.5;   11.5;   11.3;-999;  17.8;   4;     -999;-999;eor
       78;20150726;   3;   14.7;  12.5;  -999;    -999;   77.21;-999;   20.9;    9.5;    8.0;-999;   2.6;   4;     -999;-999;eor
       78;20150727;   3;   15.4;  15.5;  -999;    -999;   88.92;-999;   18.4;   12.6;   12.1;-999;   7.9;   4;     -999;-999;eor
       78;20150728;   3;   15.1;  13.5;  -999;    -999;   79.46;-999;   18.8;   12.7;   12.3;-999;   2.3;   4;     -999;-999;eor
       78;20150729;   3;   13.8;  12.0;  -999;    -999;   76.13;-999;   17.1;   12.2;   10.9;-999;   1.5;   4;     -999;-999;eor
       78;20150730;   3;   14.0;  11.6;  -999;    -999;   73.92;-999;   18.6;    9.7;    7.3;-999;   0.0;   0;     -999;-999;eor
       78;20150731;   3;   12.8;  10.3;  -999;    -999;   71.96;-999;   18.7;    7.1;    4.9;-999;   0.0;   0;     -999;-999;eor
       78;20150801;   3;   15.7;  11.5;  -999;    -999;   67.67;-999;   23.8;    8.1;    5.2;-999;   0.0;   0;     -999;-999;eor
       78;20150802;   3;   16.9;  12.0;  -999;    -999;   67.17;-999;   24.5;    7.7;    5.6;-999;   0.0;   0;     -999;-999;eor
       78;20150803;   3;   21.5;  14.5;  -999;    -999;   61.75;-999;   31.4;   11.6;    8.9;-999;   0.0;   0;     -999;-999;eor
       78;20150804;   3;   18.2;  17.4;  -999;    -999;   83.92;-999;   26.1;   11.2;    9.5;-999;   2.6;   4;     -999;-999;eor
       78;20150805;   3;   17.1;  13.4;  -999;    -999;   72.71;-999;   24.4;    9.8;    8.1;-999;   0.0;   0;     -999;-999;eor
       78;20150806;   3;   22.4;  16.4;  -999;    -999;   63.46;-999;   32.1;   12.3;    9.9;-999;   5.6;   4;     -999;-999;eor
       78;20150807;   3;   19.9;  19.8;  -999;    -999;   86.08;-999;   26.5;   15.0;   13.9;-999;   7.8;   4;     -999;-999;eor
       78;20150808;   3;   17.9;  17.1;  -999;    -999;   83.96;-999;   22.3;   11.4;    9.6;-999;   0.0;   0;     -999;-999;eor
       78;20150809;   3;   17.6;  15.8;  -999;    -999;   79.25;-999;   24.7;    8.8;    7.0;-999;   0.0;   0;     -999;-999;eor
       78;20150810;   3;   18.4;  18.0;  -999;    -999;   85.75;-999;   23.8;   14.9;   13.7;-999;  12.8;   4;     -999;-999;eor
       78;20150811;   3;   19.2;  18.0;  -999;    -999;   82.33;-999;   24.9;   13.2;   12.4;-999;   0.0;   0;     -999;-999;eor
       78;20150812;   3;   19.1;  18.7;  -999;    -999;   84.75;-999;   22.7;   16.1;   15.0;-999;   0.0;   0;     -999;-999;eor
       78;20150813;   3;   21.3;  18.2;  -999;    -999;   73.38;-999;   27.2;   15.0;   13.9;-999;   2.0;   4;     -999;-999;eor
       78;20150814;   3;   21.7;  20.9;  -999;    -999;   80.88;-999;   26.6;   17.3;   16.6;-999;   0.0;   4;     -999;-999;eor
       78;20150815;   3;   21.0;  19.8;  -999;    -999;   80.67;-999;   25.7;   17.0;   16.8;-999;   5.1;   4;     -999;-999;eor
       78;20150816;   3;   16.9;  18.6;  -999;    -999;   96.88;-999;   17.7;   15.7;   15.5;-999;  64.3;   4;     -999;-999;eor
       78;20150817;   3;   15.9;  17.7;  -999;    -999;   97.92;-999;   16.8;   14.8;   14.7;-999;  22.0;   4;     -999;-999;eor
       78;20150818;   3;   14.3;  15.5;  -999;    -999;   94.54;-999;   16.7;   11.8;   10.8;-999;   0.3;   4;     -999;-999;eor
       78;20150819;   3;   15.3;  14.3;  -999;    -999;   83.67;-999;   21.0;    9.9;    8.0;-999;   0.0;   0;     -999;-999;eor
       78;20150820;   3;   16.6;  15.0;  -999;    -999;   81.42;-999;   23.4;   11.2;    9.7;-999;   0.0;   0;     -999;-999;eor
       78;20150821;   3;   17.9;  15.6;  -999;    -999;   78.92;-999;   25.3;   11.1;    9.0;-999;   0.0;   0;     -999;-999;eor
       78;20150822;   3;   18.2;  13.2;  -999;    -999;   67.75;-999;   25.6;   11.2;    8.9;-999;   0.0;   0;     -999;-999;eor
       78;20150823;   3;   18.1;  12.7;  -999;    -999;   64.17;-999;   24.5;   10.7;    8.2;-999;   1.8;   4;     -999;-999;eor
       78;20150824;   3;   18.7;  16.5;  -999;    -999;   77.29;-999;   24.2;   13.8;   13.6;-999;   0.9;   4;     -999;-999;eor
       78;20150825;   3;   16.3;  14.6;  -999;    -999;   79.17;-999;   19.1;   13.9;   12.8;-999;   3.1;   4;     -999;-999;eor
       78;20150826;   3;   20.6;  16.4;  -999;    -999;   67.92;-999;   25.6;   14.7;   13.6;-999;   1.1;   4;     -999;-999;eor
       78;20150827;   3;   16.3;  16.3;  -999;    -999;   88.21;-999;   19.3;   13.1;   12.8;-999;   5.9;   4;     -999;-999;eor
       78;20150828;   3;   15.1;  14.4;  -999;    -999;   85.00;-999;   20.3;   11.0;    8.6;-999;   0.0;   0;     -999;-999;eor
       78;20150829;   3;   16.3;  13.9;  -999;    -999;   77.71;-999;   23.3;    9.2;    7.1;-999;   4.1;   4;     -999;-999;eor
       78;20150830;   3;   19.0;  20.0;  -999;    -999;   89.58;-999;   25.0;   14.3;   12.8;-999;  23.3;   4;     -999;-999;eor
       78;20150831;   3;   22.6;  22.5;  -999;    -999;   82.54;-999;   29.9;   17.4;   16.3;-999;   0.9;   4;     -999;-999;eor
       78;20150901;   3;   16.0;  16.4;  -999;    -999;   89.54;-999;   19.8;   10.5;    8.6;-999;   4.6;   4;     -999;-999;eor
       78;20150902;   3;   13.0;  12.0;  -999;    -999;   81.67;-999;   18.2;    9.5;    8.0;-999;   0.0;   0;     -999;-999;eor
       78;20150903;   3;   12.8;  12.1;  -999;    -999;   82.88;-999;   18.5;    8.9;    7.4;-999;   0.3;   4;     -999;-999;eor
       78;20150904;   3;   13.2;  12.5;  -999;    -999;   83.04;-999;   17.3;    9.6;    8.1;-999;   3.8;   4;     -999;-999;eor
       78;20150905;   3;   12.3;  12.8;  -999;    -999;   89.00;-999;   15.7;    9.4;    8.3;-999;   4.3;   4;     -999;-999;eor
       78;20150906;   3;   12.3;  11.7;  -999;    -999;   81.83;-999;   16.4;    9.3;    8.3;-999;   4.1;   4;     -999;-999;eor
       78;20150907;   3;   13.4;  13.7;  -999;    -999;   89.13;-999;   17.4;   10.1;    8.1;-999;   0.3;   4;     -999;-999;eor
       78;20150908;   3;   13.3;  13.7;  -999;    -999;   90.33;-999;   16.9;    9.7;    6.7;-999;   0.8;   4;     -999;-999;eor
       78;20150909;   3;   13.0;  11.7;  -999;    -999;   80.33;-999;   18.5;    7.8;    5.4;-999;   0.0;   0;     -999;-999;eor
       78;20150910;   3;   12.8;  11.5;  -999;    -999;   79.21;-999;   19.1;    6.4;    3.7;-999;   0.0;   0;     -999;-999;eor
       78;20150911;   3;   13.0;  12.3;  -999;    -999;   82.92;-999;   18.6;    8.0;    4.9;-999;   0.0;   0;     -999;-999;eor
       78;20150912;   3;   14.0;  14.3;  -999;    -999;   89.83;-999;   19.9;    7.8;    5.2;-999;   5.7;   4;     -999;-999;eor
       78;20150913;   3;   16.6;  17.5;  -999;    -999;   92.67;-999;   19.4;   13.4;   11.6;-999;   1.0;   4;     -999;-999;eor
       78;20150914;   3;   15.7;  15.8;  -999;    -999;   88.50;-999;   20.8;   11.6;    9.3;-999;   2.7;   4;     -999;-999;eor
       78;20150915;   3;   12.5;  11.2;  -999;    -999;   77.63;-999;   16.1;    9.2;    7.4;-999;   2.7;   4;     -999;-999;eor
       78;20150916;   3;   14.8;  15.0;  -999;    -999;   88.00;-999;   17.7;   10.4;    8.6;-999;   5.7;   4;     -999;-999;eor
       78;20150917;   3;   15.6;  14.2;  -999;    -999;   80.88;-999;   18.0;   11.4;    9.8;-999;   5.7;   4;     -999;-999;eor
       78;20150918;   3;   13.3;  13.3;  -999;    -999;   88.04;-999;   19.3;    9.6;    7.1;-999;   0.4;   4;     -999;-999;eor
       78;20150919;   3;   12.8;  13.6;  -999;    -999;   92.33;-999;   17.3;    9.8;    8.3;-999;   4.7;   4;     -999;-999;eor
       78;20150920;   3;   12.2;  13.4;  -999;    -999;   94.38;-999;   15.4;    9.1;    7.9;-999;   7.0;   4;     -999;-999;eor
       78;20150921;   3;   13.4;  13.1;  -999;    -999;   86.63;-999;   18.1;   11.5;   11.0;-999;   0.2;   4;     -999;-999;eor
       78;20150922;   3;   12.5;  13.1;  -999;    -999;   90.33;-999;   14.9;   10.3;    9.2;-999;   6.7;   4;     -999;-999;eor
       78;20150923;   3;   12.1;  13.0;  -999;    -999;   92.54;-999;   16.2;    9.4;    7.5;-999;   0.3;   4;     -999;-999;eor
       78;20150924;   3;   13.0;  13.2;  -999;    -999;   88.08;-999;   16.4;   10.1;    8.1;-999;   0.4;   4;     -999;-999;eor
       78;20150925;   3;   12.5;  12.5;  -999;    -999;   87.33;-999;   17.1;    8.3;    6.0;-999;   0.0;   0;     -999;-999;eor
       78;20150926;   3;   10.4;  11.1;  -999;    -999;   88.17;-999;   17.5;    4.5;    2.4;-999;   0.0;   0;     -999;-999;eor
       78;20150927;   3;   10.8;  11.4;  -999;    -999;   87.88;-999;   16.6;    4.9;    1.9;-999;   0.0;   0;     -999;-999;eor
       78;20150928;   3;   11.7;  11.7;  -999;    -999;   85.54;-999;   16.7;    6.6;    3.5;-999;   0.0;   0;     -999;-999;eor
       78;20150929;   3;   10.0;  10.1;  -999;    -999;   83.75;-999;   16.5;    4.5;    1.8;-999;   0.0;   0;     -999;-999;eor
       78;20150930;   3;   10.4;  10.3;  -999;    -999;   83.00;-999;   17.0;    4.7;    1.3;-999;   0.0;   0;     -999;-999;eor
       78;20151001;   3;    9.5;   9.8;  -999;    -999;   84.96;-999;   16.6;    3.9;    0.7;-999;   0.0;   0;     -999;   0;eor
       78;20151002;   3;    9.4;   9.5;  -999;    -999;   82.63;-999;   17.9;    1.3;   -0.8;-999;   0.0;   0;     -999;   0;eor
       78;20151003;   3;   10.1;  11.0;  -999;    -999;   89.17;-999;   18.2;    4.1;    1.5;-999;   0.0;   0;     -999;   0;eor
       78;20151004;   3;   11.8;  12.1;  -999;    -999;   88.96;-999;   17.9;    8.1;    5.5;-999;   0.0;   0;     -999;   0;eor
       78;20151005;   3;   12.4;  12.5;  -999;    -999;   87.08;-999;   18.4;    6.1;    4.1;-999;   3.8;   4;     -999;   0;eor
       78;20151006;   3;   14.2;  15.5;  -999;    -999;   95.29;-999;   17.0;   11.9;   11.6;-999;   3.9;   4;     -999;   0;eor
       78;20151007;   3;   14.9;  15.5;  -999;    -999;   91.25;-999;   18.1;   11.5;   10.4;-999;   0.1;   4;     -999;   0;eor
       78;20151008;   3;   13.4;  14.9;  -999;    -999;   96.54;-999;   14.3;   12.2;   12.1;-999;   7.2;   4;     -999;   0;eor
       78;20151009;   3;   12.6;  14.1;  -999;    -999;   95.96;-999;   14.3;   10.3;   10.0;-999;   4.2;   4;     -999;   0;eor
       78;20151010;   3;    8.6;   9.1;  -999;    -999;   81.29;-999;   12.3;    3.4;    0.8;-999;   0.0;   0;     -999;   0;eor
       78;20151011;   3;    5.0;   6.2;  -999;    -999;   73.00;-999;   10.0;    1.0;   -1.2;-999;   0.0;   0;     -999;   0;eor
       78;20151012;   3;    3.7;   6.2;  -999;    -999;   79.04;-999;    8.3;    0.0;   -1.6;-999;   0.0;   0;     -999;   0;eor
       78;20151013;   3;    3.1;   6.5;  -999;    -999;   85.42;-999;    5.2;    0.3;   -1.4;-999;   1.1;   4;     -999;   0;eor
       78;20151014;   3;    4.0;   7.8;  -999;    -999;   95.75;-999;    4.4;    3.6;    3.4;-999;   5.0;   4;     -999;   0;eor
       78;20151015;   3;    6.0;   9.2;  -999;    -999;   98.75;-999;    7.5;    4.3;    4.5;-999;  10.2;   4;     -999;   0;eor
       78;20151016;   3;    6.4;   9.5;  -999;    -999;   98.54;-999;    7.1;    5.6;    5.7;-999;  20.7;   4;     -999;   0;eor
       78;20151017;   3;    6.6;   9.5;  -999;    -999;   96.79;-999;    8.3;    5.3;    4.2;-999;   0.6;   4;     -999;   0;eor
       78;20151018;   3;    6.2;   9.4;  -999;    -999;   98.63;-999;    7.1;    3.8;    2.6;-999;   0.6;   4;     -999;   0;eor
       78;20151019;   3;    7.8;  10.3;  -999;    -999;   97.58;-999;   11.9;    3.0;    1.7;-999;   0.0;   0;     -999;   0;eor
       78;20151020;   3;    6.6;   9.7;  -999;    -999;   98.75;-999;    9.3;    3.2;    2.3;-999;   0.0;   0;     -999;   0;eor
       78;20151021;   3;    9.7;  10.9;  -999;    -999;   91.04;-999;   11.9;    7.7;    7.5;-999;   0.8;   4;     -999;   0;eor
       78;20151022;   3;   10.8;  12.4;  -999;    -999;   95.33;-999;   12.9;    9.5;    9.4;-999;   0.7;   4;     -999;   0;eor
       78;20151023;   3;    9.3;  10.6;  -999;    -999;   90.96;-999;   13.6;    5.3;    3.1;-999;   0.0;   0;     -999;   0;eor
       78;20151024;   3;    9.7;  10.5;  -999;    -999;   87.71;-999;   12.5;    7.7;    6.3;-999;   0.0;   0;     -999;   0;eor
       78;20151025;   3;    9.5;  10.4;  -999;    -999;   87.79;-999;   13.6;    3.9;    1.5;-999;   0.3;   4;     -999;   0;eor
       78;20151026;   3;    8.2;  10.2;  -999;    -999;   93.13;-999;   14.0;    4.3;    1.7;-999;   0.0;   0;     -999;   0;eor
       78;20151027;   3;    7.5;  10.3;  -999;    -999;   98.67;-999;   12.5;    5.2;    2.6;-999;   0.0;   0;     -999;   0;eor
       78;20151028;   3;    7.7;  10.4;  -999;    -999;   98.38;-999;   11.1;    5.8;    4.2;-999;   0.0;   4;     -999;   0;eor
       78;20151029;   3;   10.2;  12.2;  -999;    -999;   97.54;-999;   13.8;    5.1;    3.9;-999;   0.0;   0;     -999;   0;eor
       78;20151030;   3;    8.6;  10.8;  -999;    -999;   95.83;-999;   13.5;    4.2;    3.2;-999;   0.0;   0;     -999;   0;eor
       78;20151031;   3;    8.1;  10.2;  -999;    -999;   94.46;-999;   13.3;    3.9;    1.7;-999;   0.0;   0;     -999;   0;eor
       78;20151101;   3;    6.8;   9.3;  -999;    -999;   93.75;-999;   14.6;    1.7;   -0.3;-999;   0.0;   0;     -999;   0;eor
       78;20151102;   3;    4.7;   8.6;  -999;    -999;  100.00;-999;    7.2;    2.1;    2.4;-999;   0.0;   0;     -999;   0;eor
       78;20151103;   3;    5.0;   8.4;  -999;    -999;   95.25;-999;   14.2;   -0.7;   -2.4;-999;   0.0;   0;     -999;   0;eor
       78;20151104;   3;    9.3;  10.7;  -999;    -999;   91.08;-999;   16.4;    1.5;   -0.1;-999;   0.6;   4;     -999;   0;eor
       78;20151105;   3;   12.8;  13.6;  -999;    -999;   92.00;-999;   15.8;    9.7;    6.8;-999;   1.6;   4;     -999;   0;eor
       78;20151106;   3;   14.1;  15.1;  -999;    -999;   93.67;-999;   15.6;   12.5;   11.9;-999;   6.8;   4;     -999;   0;eor
       78;20151107;   3;   16.4;  17.0;  -999;    -999;   91.33;-999;   18.1;   15.2;   14.2;-999;   6.8;   4;     -999;   0;eor
       78;20151108;   3;   13.2;  12.6;  -999;    -999;   82.33;-999;   15.7;    9.6;    8.0;-999;   2.3;   4;     -999;   0;eor
       78;20151109;   3;   13.5;  12.9;  -999;    -999;   82.88;-999;   15.7;   11.4;   10.4;-999;   0.2;   4;     -999;   0;eor
       78;20151110;   3;   13.2;  14.2;  -999;    -999;   92.75;-999;   14.1;   12.0;   11.6;-999;   4.2;   4;     -999;   0;eor
       78;20151111;   3;   12.1;  12.4;  -999;    -999;   88.08;-999;   13.5;   11.0;   10.7;-999;   0.1;   4;     -999;   0;eor
       78;20151112;   3;   11.8;  12.0;  -999;    -999;   86.92;-999;   14.2;    7.6;    5.4;-999;   0.0;   0;     -999;   0;eor
       78;20151113;   3;   11.1;  10.1;  -999;    -999;   76.71;-999;   13.9;    5.0;    3.6;-999;   5.8;   4;     -999;   0;eor
       78;20151114;   3;    7.3;   8.8;  -999;    -999;   85.42;-999;    8.9;    5.3;    3.8;-999;  16.2;   4;     -999;   0;eor
       78;20151115;   3;   12.2;  13.8;  -999;    -999;   96.42;-999;   13.7;    8.3;    8.0;-999;  40.5;   4;     -999;   0;eor
       78;20151116;   3;   11.8;  12.0;  -999;    -999;   86.42;-999;   12.8;   10.4;    8.9;-999;   5.5;   4;     -999;   0;eor
       78;20151117;   3;   12.5;  13.1;  -999;    -999;   90.21;-999;   15.3;    9.7;    9.6;-999;   5.6;   4;     -999;   0;eor
       78;20151118;   3;   11.5;  10.9;  -999;    -999;   80.42;-999;   14.6;    8.8;    8.0;-999;   4.4;   4;     -999;   0;eor
       78;20151119;   3;   10.3;  10.1;  -999;    -999;   81.29;-999;   12.2;    7.5;    6.9;-999;   6.9;   4;     -999;   0;eor
       78;20151120;   3;    6.7;   8.6;  -999;    -999;   86.92;-999;    8.2;    4.1;    2.6;-999;   0.1;   4;     -999;   0;eor
       78;20151121;   3;    3.8;   7.3;  -999;    -999;   90.50;-999;    5.2;    1.0;   -0.7;-999;   0.7;   4;     -999;   0;eor
       78;20151122;   3;    1.4;   6.3;  -999;    -999;   93.54;-999;    3.1;    0.1;   -1.1;-999;   1.7;   4;     -999;   0;eor
       78;20151123;   3;    2.7;   6.2;  -999;    -999;   83.79;-999;    5.1;    0.3;   -1.3;-999;   0.0;   0;     -999;   0;eor
       78;20151124;   3;    2.5;   6.1;  -999;    -999;   84.17;-999;    4.1;    0.9;    0.4;-999;   3.8;   4;     -999;   0;eor
       78;20151125;   3;    4.3;   8.1;  -999;    -999;   96.92;-999;    6.6;    2.4;    1.4;-999;   0.4;   4;     -999;   0;eor
       78;20151126;   3;    3.7;   7.4;  -999;    -999;   92.79;-999;    7.8;    0.1;   -1.3;-999;   0.0;   0;     -999;   0;eor
       78;20151127;   3;    3.1;   6.8;  -999;    -999;   88.88;-999;    6.3;   -0.8;   -2.8;-999;   2.9;   4;     -999;   0;eor
       78;20151128;   3;    5.1;   7.4;  -999;    -999;   84.00;-999;    7.2;    2.9;    2.6;-999;   5.5;   4;     -999;   0;eor
       78;20151129;   3;    8.3;   9.8;  -999;    -999;   88.75;-999;   11.4;    5.5;    4.9;-999;  13.6;   4;     -999;   0;eor
       78;20151130;   3;    7.6;   8.6;  -999;    -999;   80.50;-999;   11.4;    4.2;    4.1;-999;  20.8;   4;     -999;   0;eor
       78;20151201;   3;    7.2;   9.4;  -999;    -999;   91.58;-999;   11.1;    3.5;    0.7;-999;   1.4;   4;     -999;   0;eor
       78;20151202;   3;   10.1;   9.9;  -999;    -999;   79.88;-999;   11.0;    8.4;    5.9;-999;   0.0;   0;     -999;   0;eor
       78;20151203;   3;    8.5;   8.6;  -999;    -999;   77.50;-999;   10.6;    6.9;    3.9;-999;   3.3;   4;     -999;   0;eor
       78;20151204;   3;    8.2;   9.1;  -999;    -999;   83.13;-999;    9.4;    7.0;    5.8;-999;   1.4;   4;     -999;   0;eor
       78;20151205;   3;    7.6;   7.4;  -999;    -999;   71.04;-999;    8.6;    6.6;    5.2;-999;   0.0;   0;     -999;   0;eor
       78;20151206;   3;    9.1;   9.2;  -999;    -999;   78.54;-999;   11.4;    6.6;    4.9;-999;   1.2;   4;     -999;   0;eor
       78;20151207;   3;    9.4;  11.5;  -999;    -999;   96.33;-999;   11.0;    3.6;    2.3;-999;   0.0;   4;     -999;   0;eor
       78;20151208;   3;    9.2;   9.9;  -999;    -999;   85.67;-999;   13.5;    3.8;    1.9;-999;   3.5;   4;     -999;   0;eor
       78;20151209;   3;    6.9;   8.8;  -999;    -999;   88.00;-999;   10.0;    3.9;    0.7;-999;   0.0;   0;     -999;   0;eor
       78;20151210;   3;    5.4;   7.1;  -999;    -999;   79.50;-999;    7.4;    3.6;    2.0;-999;   7.8;   4;     -999;   0;eor
       78;20151211;   3;    5.8;   8.3;  -999;    -999;   90.29;-999;    7.6;    3.7;    2.9;-999;   2.4;   4;     -999;   0;eor
       78;20151212;   3;    5.6;   8.3;  -999;    -999;   89.92;-999;    9.9;    3.4;    1.6;-999;  13.9;   4;     -999;   0;eor
       78;20151213;   3;    5.0;   8.3;  -999;    -999;   93.29;-999;    9.8;    0.0;   -1.7;-999;   0.0;   0;     -999;   0;eor
       78;20151214;   3;    4.5;   8.2;  -999;    -999;   97.33;-999;    7.5;    0.9;   -0.6;-999;   0.0;   0;     -999;   0;eor
       78;20151215;   3;    4.8;   8.4;  -999;    -999;   96.75;-999;    6.8;    2.1;    0.4;-999;   0.0;   0;     -999;   0;eor
       78;20151216;   3;    7.9;  10.7;  -999;    -999;   99.00;-999;   11.6;    2.6;    0.6;-999;   3.4;   4;     -999;   0;eor
       78;20151217;   3;   12.4;  13.1;  -999;    -999;   91.08;-999;   14.3;   10.8;    8.6;-999;   0.6;   4;     -999;   0;eor
       78;20151218;   3;   11.6;  11.8;  -999;    -999;   85.75;-999;   13.3;   10.3;    8.7;-999;   0.0;   0;     -999;   0;eor
       78;20151219;   3;   12.0;  11.9;  -999;    -999;   84.79;-999;   13.8;    9.8;    8.2;-999;   0.0;   0;     -999;   0;eor
       78;20151220;   3;   12.0;  10.7;  -999;    -999;   76.54;-999;   13.4;   10.9;    9.2;-999;   4.3;   4;     -999;   0;eor
       78;20151221;   3;   10.2;  10.5;  -999;    -999;   84.46;-999;   11.5;    9.1;    7.9;-999;   2.3;   4;     -999;   0;eor
       78;20151222;   3;   11.9;  11.9;  -999;    -999;   85.63;-999;   13.6;    9.5;    7.8;-999;   1.8;   4;     -999;   0;eor
       78;20151223;   3;   10.0;   9.8;  -999;    -999;   79.38;-999;   12.8;    4.3;    1.3;-999;   0.0;   0;     -999;   0;eor
       78;20151224;   3;    9.5;   9.8;  -999;    -999;   82.63;-999;   12.9;    6.1;    2.7;-999;   1.2;   4;     -999;   0;eor
       78;20151225;   3;    8.6;   9.7;  -999;    -999;   85.92;-999;   12.8;    6.1;    3.9;-999;   1.1;   4;     -999;   0;eor
       78;20151226;   3;   12.9;  11.8;  -999;    -999;   79.08;-999;   13.8;   10.8;    9.3;-999;   0.0;   0;     -999;   0;eor
       78;20151227;   3;   11.2;  10.6;  -999;    -999;   79.46;-999;   12.3;    9.8;    8.3;-999;   0.0;   0;     -999;   0;eor
       78;20151228;   3;   10.1;  10.7;  -999;    -999;   86.46;-999;   13.1;    6.8;    3.5;-999;   0.0;   0;     -999;   0;eor
       78;20151229;   3;    6.8;   8.6;  -999;    -999;   87.63;-999;    9.9;    3.7;    0.8;-999;   0.0;   0;     -999;   0;eor
       78;20151230;   3;    5.9;   8.0;  -999;    -999;   86.00;-999;    9.1;    2.7;    1.2;-999;   0.0;   0;     -999;   0;eor
       78;20151231;   3;    5.6;   7.8;  -999;    -999;   85.13;-999;    9.6;    1.9;   -1.1;-999;   1.5;   4;     -999;   0;eor
       78;20160101;   3;    3.6;   7.5;  -999;    -999;   94.29;-999;    6.4;    1.0;   -1.0;-999;   0.0;   0;     -999;   0;eor
       78;20160102;   3;    2.3;   6.7;  -999;    -999;   92.88;-999;    3.5;   -0.8;   -0.4;-999;   4.1;   4;     -999;   0;eor
       78;20160103;   3;   -1.3;   5.4;  -999;    -999;   97.29;-999;   -0.7;   -2.4;   -2.0;-999;   4.7;   4;     -999;   0;eor
       78;20160104;   3;   -3.7;   4.5;  -999;    -999;   96.00;-999;   -1.9;   -4.6;   -4.5;-999;   2.7;   4;     -999;   0;eor
       78;20160105;   3;   -3.7;   4.5;  -999;    -999;   97.00;-999;   -2.7;   -5.2;   -4.9;-999;   0.3;   4;     -999;   1;eor
       78;20160106;   3;   -5.1;   4.0;  -999;    -999;   94.92;-999;   -4.3;   -5.7;   -5.3;-999;   0.1;   4;     -999;   1;eor
       78;20160107;   3;   -1.4;   5.4;  -999;    -999;   96.79;-999;    4.6;   -4.5;   -4.2;-999;   6.8;   4;     -999;   1;eor
       78;20160108;   3;    3.7;   6.8;  -999;    -999;   85.00;-999;    6.6;   -1.2;   -3.1;-999;   0.0;   0;     -999;   0;eor
       78;20160109;   3;    3.1;   6.6;  -999;    -999;   86.00;-999;    6.9;   -2.2;   -3.7;-999;   0.8;   4;     -999;   0;eor
       78;20160110;   3;    5.8;   7.7;  -999;    -999;   84.17;-999;    8.5;    2.6;    0.0;-999;   0.8;   4;     -999;   0;eor
       78;20160111;   1;    4.8;   7.9;  -999;    -999;   91.46;-999;    5.4;    3.3;    0.5;-999;   2.8;   4;     -999;   0;eor
       78;20160112;   1;    5.4;   7.9;  -999;    -999;   88.42;-999;    6.2;    4.6;    3.4;-999;   5.3;   4;     -999;   0;eor
       78;20160113;   1;    4.0;   7.4;  -999;    -999;   91.29;-999;    5.4;    1.4;   -0.2;-999;   1.5;   4;     -999;   0;eor
       78;20160114;   1;    2.0;   6.5;  -999;    -999;   92.58;-999;    4.0;   -0.1;   -2.2;-999;   7.4;   4;     -999;   0;eor
       78;20160115;   1;    1.6;   6.5;  -999;    -999;   95.58;-999;    2.4;    0.8;    0.5;-999;   0.0;   0;     -999;   0;eor
       78;20160116;   1;    0.1;   6.0;  -999;    -999;   97.83;-999;    1.2;   -1.1;   -3.4;-999;   5.8;   4;     -999;   0;eor
       78;20160117;   1;   -2.6;   4.8;  -999;    -999;   94.88;-999;   -0.6;   -6.9;  -10.9;-999;   0.0;   0;     -999;   3;eor
       78;20160118;   1;   -4.9;   3.9;  -999;    -999;   92.13;-999;   -0.6;   -8.0;  -11.7;-999;   0.0;   0;     -999;   2;eor
       78;20160119;   1;   -4.8;   3.8;  -999;    -999;   88.17;-999;   -1.3;   -9.4;  -12.5;-999;   0.2;   4;     -999;   2;eor
       78;20160120;   1;   -0.4;   5.7;  -999;    -999;   96.21;-999;    1.9;   -3.9;   -5.7;-999;   0.7;   4;     -999;   2;eor
       78;20160121;   1;   -4.1;   4.5;  -999;    -999;   98.96;-999;   -2.0;   -7.9;  -10.1;-999;   0.0;   0;     -999;   2;eor
       78;20160122;   1;   -3.8;   4.2;  -999;    -999;   89.92;-999;    1.1;   -8.9;  -10.9;-999;   4.3;   4;     -999;   2;eor
       78;20160123;   1;    4.6;   8.3;  -999;    -999;   98.13;-999;    6.5;    0.7;    0.5;-999;   0.1;   4;     -999;   1;eor
       78;20160124;   1;    5.9;   8.8;  -999;    -999;   94.71;-999;    8.8;    4.1;    2.4;-999;   1.2;   4;     -999;   0;eor
       78;20160125;   1;   10.1;  11.1;  -999;    -999;   90.00;-999;   12.9;    8.6;    7.1;-999;   0.0;   0;     -999;   0;eor
       78;20160126;   1;    9.4;   9.8;  -999;    -999;   83.38;-999;   11.0;    7.8;    6.1;-999;   3.5;   4;     -999;   0;eor
       78;20160127;   1;    9.9;  10.9;  -999;    -999;   88.83;-999;   11.2;    8.4;    7.8;-999;  12.5;   4;     -999;   0;eor
       78;20160128;   1;    6.1;   7.7;  -999;    -999;   79.96;-999;   10.0;    2.7;    0.0;-999;   0.0;   0;     -999;   0;eor
       78;20160129;   1;    6.9;   8.3;  -999;    -999;   82.08;-999;    9.3;    3.7;    2.2;-999;   2.3;   4;     -999;   0;eor
       78;20160130;   1;    6.7;   8.8;  -999;    -999;   88.58;-999;    9.4;    2.6;    0.8;-999;  14.7;   4;     -999;   0;eor
       78;20160131;   1;    4.1;   7.2;  -999;    -999;   87.04;-999;    7.2;    2.2;    0.5;-999;   6.2;   4;     -999;   0;eor
       78;20160201;   1;   10.0;  11.1;  -999;    -999;   90.38;-999;   11.4;    7.2;    6.9;-999;   5.9;   4;     -999;   0;eor
       78;20160202;   1;    8.0;   8.1;  -999;    -999;   74.79;-999;   10.5;    5.6;    4.5;-999;   0.7;   4;     -999;   0;eor
       78;20160203;   1;    4.1;   6.7;  -999;    -999;   82.46;-999;    6.0;    2.0;    0.5;-999;   2.6;   4;     -999;   0;eor
       78;20160204;   1;    3.0;   7.2;  -999;    -999;   94.75;-999;    3.8;    2.0;    0.7;-999;   4.5;   4;     -999;   0;eor
       78;20160205;   1;    6.2;   9.1;  -999;    -999;   95.08;-999;    9.2;    3.2;    2.3;-999;   1.7;   4;     -999;   0;eor
       78;20160206;   1;    9.0;   9.1;  -999;    -999;   78.75;-999;    9.9;    7.1;    3.6;-999;   0.0;   0;     -999;   0;eor
       78;20160207;   1;    8.9;   7.8;  -999;    -999;   68.25;-999;   11.0;    6.0;    3.9;-999;   0.1;   4;     -999;   0;eor
       78;20160208;   1;    7.4;   7.9;  -999;    -999;   76.96;-999;    9.6;    4.3;    3.0;-999;  12.7;   4;     -999;   0;eor
       78;20160209;   1;    5.0;   7.4;  -999;    -999;   85.54;-999;    7.3;    0.3;    0.1;-999;  19.8;   4;     -999;   0;eor
