STATIONS_ID; MESS_DATUM; QUALITAETS_NIVEAU; LUFTTEMPERATUR;DAMPFDRUCK;BEDECKUNGSGRAD;LUFTDRUCK_STATIONSHOEHE;REL_FEUCHTE; WINDGESCHWINDIGKEIT; LUFTTEMPERATUR_MAXIMUM;LUFTTEMPERATUR_MINIMUM;LUFTTEMP_AM_ERDB_MINIMUM; WINDSPITZE_MAXIMUM; NIEDERSCHLAGSHOEHE;NIEDERSCHLAGSHOEHE_IND;SONNENSCHEINDAUER; SCHNEEHOEHE;eor
      164;20140808;   3;   19.6;  17.1;   2.9; 1007.80;   77.42;   2.1;   26.4;   14.9;   13.1;   6.2;   0.0;   0;    9.117;   0;eor
      164;20140809;   3;   21.0;  17.6;   3.8; 1004.40;   73.08;   3.6;   29.4;   13.8;   11.8;  12.5;   0.2;   6;    7.467;   0;eor
      164;20140810;   3;   20.8;  17.2;   6.3; 1004.85;   72.46;   2.8;   27.3;   12.3;   10.5;  14.6;   4.2;   6;    4.883;   0;eor
      164;20140811;   3;   19.2;  15.4;   4.6; 1003.13;   69.63;   4.0;   22.4;   13.7;   11.6;  10.1;   0.0;   0;    8.300;   0;eor
      164;20140812;   3;   16.4;  12.6;   2.6; 1004.31;   68.46;   3.7;   21.5;   12.4;   10.4;  13.0;   1.3;   6;    9.217;   0;eor
      164;20140813;   3;   18.6;  13.1;   5.3;  999.93;   63.04;   3.3;   25.0;   11.8;    9.7;  10.6;   3.6;   6;    9.183;   0;eor
      164;20140814;   3;   17.8;  14.9;   4.7; 1001.10;   74.58;   4.3;   22.0;   13.9;   13.0;  10.5;   0.0;   0;    9.833;   0;eor
      164;20140815;   3;   16.8;  14.2;   7.3; 1003.45;   74.96;   3.1;   21.0;   13.5;   11.8;   8.0;   0.0;   6;    4.700;   0;eor
      164;20140816;   3;   15.3;  13.5;   5.7; 1006.21;   79.00;   4.9;   20.2;   12.0;   11.3;  13.8;   1.1;   6;    5.267;   0;eor
      164;20140817;   3;   16.6;  12.3;   7.2; 1002.63;   66.33;   4.6;   20.6;   12.9;   12.3;  11.5;   0.1;   6;    4.350;   0;eor
      164;20140818;   3;   16.4;  11.7;   5.2;  996.89;   63.08;   5.4;   20.0;   13.3;   12.2;  17.2;   0.0;   6;    5.733;   0;eor
      164;20140819;   3;   14.9;  11.8;   6.0; 1002.00;   71.42;   5.2;   20.3;   10.5;    9.5;  13.0;   1.5;   6;    6.933;   0;eor
      164;20140820;   3;   13.3;  11.0;   5.5; 1006.09;   73.04;   4.9;   18.8;    9.2;    7.4;  12.6;   0.0;   6;    6.267;   0;eor
      164;20140821;   3;   13.2;  10.6;   3.7; 1008.71;   71.88;   3.0;   19.3;    7.5;    5.7;   9.4;   0.0;   0;    7.517;   0;eor
      164;20140822;   3;   14.8;  10.3;   6.0; 1006.34;   63.25;   3.1;   20.8;    8.5;    6.2;   8.9;   0.0;   6;    3.150;   0;eor
      164;20140823;   3;   15.3;  10.9;   5.3; 1004.78;   64.25;   3.5;   20.4;   11.0;    9.5;   9.3;   0.0;   6;   10.067;   0;eor
      164;20140824;   3;   12.9;  11.3;   4.8; 1007.52;   76.54;   3.9;   18.2;    9.8;    8.4;  13.4;   1.4;   6;    6.333;   0;eor
      164;20140825;   3;   13.1;  10.1;   4.3; 1007.22;   69.33;   4.1;   18.6;    8.5;    6.6;  10.8;   0.0;   6;    9.683;   0;eor
      164;20140826;   3;   12.9;  10.1;   4.4; 1001.65;   71.58;   1.9;   20.0;    6.8;    4.2;   7.7;   0.0;   0;    8.733;   0;eor
      164;20140827;   3;   14.2;  11.3;   2.5; 1006.81;   72.67;   3.4;   21.4;    7.4;    5.2;  10.3;   0.6;   6;    9.167;   0;eor
      164;20140828;   3;   15.7;  10.8;   0.8; 1010.52;   64.13;   2.6;   23.4;    8.9;    5.9;   7.8;   0.0;   0;   11.833;   0;eor
      164;20140829;   3;   15.8;  14.5;   5.1; 1008.27;   81.54;   2.0;   21.8;    8.7;    6.8;  10.9;   3.8;   6;    3.850;   0;eor
      164;20140830;   3;   16.3;  15.1;   5.2; 1008.93;   82.79;   2.4;   22.8;   10.7;    8.3;   8.9;   6.9;   6;    5.783;   0;eor
      164;20140831;   3;   15.0;  16.2;   7.3; 1006.19;   94.71;   1.7;   16.9;   10.9;   10.5;   4.8;   1.4;   6;    0.033;   0;eor
      164;20140901;   3;   14.5;  15.9;   8.0; 1009.96;   96.71;   2.3;   17.0;   11.9;   11.9;   5.3;  12.3;   6;    0.000;   0;eor
      164;20140902;   3;   15.7;  13.8;   7.0; 1015.74;   79.46;   2.7;   20.3;   12.9;   12.7;   8.8;   0.0;   0;    4.733;   0;eor
      164;20140903;   3;   16.1;  13.7;   3.8; 1019.29;   76.92;   2.9;   21.4;   12.0;    9.8;   9.1;   0.0;   0;    6.550;   0;eor
      164;20140904;   3;   16.6;  14.1;   0.3; 1016.88;   76.50;   3.2;   23.5;    9.5;    7.6;   8.4;   0.0;   0;   12.267;   0;eor
      164;20140905;   3;   18.2;  14.5;   2.9; 1010.97;   72.00;   2.9;   25.6;   11.5;    9.7;   8.3;   0.0;   0;   11.533;   0;eor
      164;20140906;   3;   18.4;  14.6;   3.8; 1007.33;   72.08;   2.1;   26.0;   10.5;    8.7;   7.1;   0.4;   6;   11.833;   0;eor
      164;20140907;   3;   19.1;  17.3;   5.4; 1006.43;   79.42;   1.4;   26.5;   13.0;   12.5;   7.1;   1.2;   6;    7.900;   0;eor
      164;20140908;   3;   18.1;  16.1;   5.0; 1009.20;   79.08;   2.0;   22.8;   13.4;   12.0;   6.4;   0.0;   6;    6.250;   0;eor
      164;20140909;   3;   15.2;  13.5;   5.3; 1009.56;   79.08;   4.2;   19.5;   11.5;   10.2;  13.3;   0.0;   0;    6.017;   0;eor
      164;20140910;   3;   13.8;  13.9;   6.9; 1008.53;   88.63;   3.5;   19.7;    9.0;    8.1;  10.8;   8.4;   6;    2.733;   0;eor
      164;20140911;   3;   13.0;  13.7;   7.0; 1012.05;   91.46;   2.3;   17.6;    9.1;    8.6;   6.6;   0.0;   0;    1.717;   0;eor
      164;20140912;   3;   16.0;  17.1;   7.7; 1012.40;   93.13;   4.4;   18.1;   12.5;   11.5;  10.6;   0.0;   6;    0.000;   0;eor
      164;20140913;   3;   17.4;  18.7;   7.9; 1013.62;   93.88;   3.4;   19.7;   15.9;   14.9;   8.3;   5.0;   6;    0.000;   0;eor
      164;20140914;   3;   17.9;  18.2;   5.8; 1013.21;   88.58;   2.9;   21.9;   14.6;   13.2;   8.1;   0.2;   6;    0.867;   0;eor
      164;20140915;   3;   18.6;  15.1;   4.9; 1013.82;   72.54;   3.1;   25.2;   12.4;   10.1;   9.3;   0.0;   0;   11.183;   0;eor
      164;20140916;   3;   18.0;  14.4;   2.0; 1013.85;   71.58;   3.5;   24.5;   13.2;   10.2;   8.8;   0.0;   0;   10.917;   0;eor
      164;20140917;   3;   16.4;  13.5;   0.5; 1012.18;   73.71;   2.9;   23.3;   10.3;    7.6;   7.8;   0.0;   0;   11.167;   0;eor
      164;20140918;   3;   16.9;  13.3;   0.8; 1009.57;   71.63;   3.1;   25.0;   10.5;    8.3;  10.7;   0.0;   0;   10.117;   0;eor
      164;20140919;   3;   15.4;  14.3;   1.6; 1007.95;   82.71;   2.0;   22.5;    8.8;    7.2;   6.6;   0.0;   0;    9.417;   0;eor
      164;20140920;   3;   16.2;  16.1;   4.6; 1006.49;   87.50;   1.5;   22.7;    8.5;    8.1;   6.5;   8.8;   6;    6.417;   0;eor
      164;20140921;   3;   15.1;  15.9;   6.5; 1003.64;   92.33;   3.5;   18.8;   11.2;   10.1;  10.6;   0.1;   6;    1.067;   0;eor
      164;20140922;   3;   11.6;  11.7;   5.8; 1002.44;   85.83;   6.0;   15.4;    9.9;    9.6;  12.5;   1.0;   6;    3.567;   0;eor
      164;20140923;   3;    9.8;   8.8;   3.3; 1010.75;   74.08;   4.6;   14.2;    6.1;    3.5;  11.2;   0.0;   0;    8.850;   0;eor
      164;20140924;   3;   11.2;   9.6;   7.8; 1006.37;   73.04;   3.3;   15.5;    7.4;    6.7;   9.2;   0.0;   0;    1.267;   0;eor
      164;20140925;   3;   12.4;  12.3;   7.4; 1005.98;   85.04;   4.8;   16.7;    9.3;    7.8;  12.6;   4.5;   6;    1.717;   0;eor
      164;20140926;   3;   13.7;  14.9;   7.8; 1011.98;   94.75;   3.8;   15.5;   11.6;   10.8;   9.7;   0.1;   6;    0.000;   0;eor
      164;20140927;   3;   13.0;  12.0;   1.8; 1019.55;   81.33;   3.1;   18.2;    8.2;    4.5;   8.2;   0.0;   0;    8.000;   0;eor
      164;20140928;   3;   12.5;  11.9;   4.5; 1019.45;   83.21;   1.8;   19.2;    6.7;    3.5;   5.9;   0.0;   0;    9.683;   0;eor
      164;20140929;   3;   14.9;  15.1;   5.8; 1016.11;   89.38;   1.6;   20.9;    8.9;    6.7;   6.1;   2.9;   6;    4.833;   0;eor
      164;20140930;   3;   14.9;  16.8;   8.0; 1016.99;   99.17;   1.4;   16.6;   13.9;   12.9;   5.1;   3.9;   6;    0.000;   0;eor
      164;20141001;   3;   15.0;  16.4;   7.0; 1019.80;   96.00;   1.4;   18.8;   12.1;    9.8;   3.1;   0.0;   6;    1.050;   0;eor
      164;20141002;   3;   14.6;  16.0;   7.1; 1022.43;   95.79;   1.6;   18.2;   11.2;    9.0;   5.4;   1.5;   6;    2.300;   0;eor
      164;20141003;   3;   13.9;  14.2;   3.3; 1021.66;   89.96;   1.9;   18.5;    8.7;    5.6;   5.6;   0.0;   0;    7.600;   0;eor
      164;20141004;   3;   11.9;  11.3;   0.3; 1016.81;   82.42;   2.8;   17.7;    5.7;    3.5;   8.6;   0.0;   0;   10.050;   0;eor
      164;20141005;   3;   10.8;  10.8;   0.2; 1013.83;   84.13;   2.5;   17.8;    5.1;    2.3;   6.2;   0.0;   0;    9.983;   0;eor
      164;20141006;   3;   10.6;  10.0;   3.6; 1011.56;   80.29;   3.4;   17.2;    5.2;    2.7;  10.8;   0.0;   0;    6.833;   0;eor
      164;20141007;   3;   12.4;  12.1;   6.2; 1002.69;   84.42;   4.5;   16.5;    6.6;    4.2;  13.4;   0.9;   6;    1.050;   0;eor
      164;20141008;   3;   13.9;  13.7;   7.0; 1003.61;   86.38;   3.8;   17.9;    9.8;    7.8;  10.5;   3.1;   6;    4.950;   0;eor
      164;20141009;   3;   16.9;  16.3;   7.5; 1001.32;   84.88;   3.1;   21.1;   13.1;   12.3;   7.6;   0.4;   6;    0.367;   0;eor
      164;20141010;   3;   15.3;  14.8;   6.8; 1008.55;   85.17;   2.3;   18.7;   12.6;   11.2;   7.0;   1.2;   6;    2.083;   0;eor
      164;20141011;   3;   13.9;  15.7;   8.0; 1007.75;   98.25;   1.9;   15.2;   12.2;   11.7;   6.6;   5.8;   6;    0.000;   0;eor
      164;20141012;   3;   13.1;  13.5;   6.9; 1008.20;   89.71;   2.4;   16.2;    8.2;    5.8;   8.5;   0.0;   6;    1.667;   0;eor
      164;20141013;   3;   14.6;  15.5;   7.2; 1002.72;   93.08;   2.5;   18.6;    9.2;    8.2;   7.4;   1.2;   6;    1.650;   0;eor
      164;20141014;   3;   13.5;  15.4;   6.3; 1001.18;   98.54;   1.8;   16.0;    8.1;    7.1;   7.1;   2.0;   6;    0.000;   0;eor
      164;20141015;   3;   11.4;  12.9;   5.8; 1000.20;   95.96;   1.6;   16.6;    7.6;    4.7;   5.1;   0.0;   6;    2.450;   0;eor
      164;20141016;   3;   11.4;  12.7;   6.4; 1000.03;   93.96;   2.0;   15.6;    6.8;    3.7;   5.4;   1.3;   6;    3.250;   0;eor
      164;20141017;   3;   13.3;  14.4;   7.5; 1004.87;   94.38;   2.7;   15.3;   12.1;   10.7;   7.2;   0.0;   6;    0.150;   0;eor
      164;20141018;   3;   12.7;  14.2;   6.9; 1015.58;   96.58;   2.7;   15.8;    9.8;    7.4;   7.8;   0.0;   0;    0.050;   0;eor
      164;20141019;   3;   15.5;  15.0;   2.1; 1008.02;   85.88;   4.2;   21.4;   10.0;    8.1;  12.9;   2.8;   6;    9.417;   0;eor
      164;20141020;   3;   13.4;  13.9;   6.1; 1004.23;   90.08;   5.3;   15.5;   11.2;   10.0;  13.9;   3.3;   6;    1.433;   0;eor
      164;20141021;   3;   12.0;  12.7;   7.7;  997.72;   91.00;   3.3;   15.4;   10.3;    9.6;   9.1;  18.2;   6;    0.517;   0;eor
      164;20141022;   3;    9.9;  12.1;   8.0;  998.05;   98.96;   4.0;   11.7;    8.2;    8.0;  12.6;   8.0;   6;    0.000;   0;eor
      164;20141023;   3;    9.4;  11.0;   8.0; 1014.05;   93.00;   2.1;   10.7;    6.8;    7.0;   6.0;   0.0;   0;    0.000;   0;eor
      164;20141024;   3;    6.3;   9.4;   8.0; 1017.78;   98.08;   4.3;    7.0;    4.7;    4.8;  10.5;   0.0;   0;    0.000;   0;eor
      164;20141025;   3;    4.3;   8.3;   7.3; 1014.87;   99.21;   3.7;    6.7;    2.8;    1.6;   9.7;   0.4;   6;    0.000;   0;eor
      164;20141026;   3;    9.6;  11.6;   7.2; 1018.63;   96.46;   2.8;   13.0;    5.9;    4.0;   7.1;   0.0;   6;    0.900;   0;eor
      164;20141027;   3;   10.7;  11.7;   4.6; 1019.47;   91.33;   3.0;   15.4;    5.9;    3.2;   8.0;   0.0;   0;    6.950;   0;eor
      164;20141028;   3;    6.6;   8.2;   1.5; 1015.30;   85.29;   3.1;   11.2;    2.2;    0.0;   8.2;   0.0;   0;    7.833;   0;eor
      164;20141029;   3;    5.8;   8.0;   2.4; 1011.20;   86.25;   2.9;    9.9;    2.3;   -0.7;   7.1;   0.0;   6;    8.167;   0;eor
      164;20141030;   3;    8.1;   9.9;   7.5; 1017.68;   92.58;   1.4;   12.4;    5.2;    2.4;   3.6;   0.0;   6;    4.817;   0;eor
      164;20141031;   3;    9.3;  11.4;   7.7; 1018.21;   97.42;   2.7;   12.2;    7.4;    6.0;   6.6;   0.0;   6;    0.317;   0;eor
      164;20141101;   3;   11.3;  12.9;   4.8; 1014.57;   95.96;   1.8;   17.2;    7.8;    6.3;   4.8;   0.0;   0;    5.383;   0;eor
      164;20141102;   3;   10.0;  12.0;   6.3; 1008.40;   97.33;   2.5;   14.5;    7.3;    5.7;   5.7;   0.1;   6;    4.217;   0;eor
      164;20141103;   3;   12.2;  11.9;   6.2;  999.18;   83.88;   4.6;   16.5;    8.6;    7.5;  10.5;   0.0;   0;    6.383;   0;eor
      164;20141104;   3;    9.7;  10.2;   6.0;  992.10;   84.79;   3.8;   15.2;    6.3;    3.9;   8.6;   0.0;   0;    3.000;   0;eor
      164;20141105;   3;    9.1;  10.9;   7.3;  993.50;   94.21;   2.3;   12.4;    6.1;    5.4;   7.0;   0.0;   6;    0.850;   0;eor
      164;20141106;   3;    8.9;  10.5;   7.7; 1003.33;   92.38;   2.6;    9.8;    6.9;    5.5;   6.5;   0.8;   6;    0.033;   0;eor
      164;20141107;   3;    7.9;   9.9;   5.5; 1004.09;   93.54;   2.5;   10.5;    5.9;    2.7;   6.2;   0.0;   6;    4.850;   0;eor
      164;20141108;   3;    8.0;   9.5;   2.5; 1006.94;   89.42;   2.7;   12.7;    3.2;   -0.8;   8.3;   0.0;   0;    7.300;   0;eor
      164;20141109;   3;    5.1;   9.0;   6.1; 1007.27;   99.75;   2.6;    8.9;   -0.7;   -1.5;   7.2;   0.0;   6;    0.233;   0;eor
      164;20141110;   3;    9.0;  11.3;   7.7; 1005.38;   97.79;   2.4;   10.3;    7.3;    6.3;   5.8;   0.1;   6;    0.000;   0;eor
      164;20141111;   3;    6.3;   9.5;   3.8; 1006.80;   99.83;   1.7;    8.4;    3.3;    1.6;   6.8;   0.0;   6;    0.000;   0;eor
      164;20141112;   3;    9.6;  11.9;   7.3; 1000.93;   99.46;   2.8;   11.6;    8.3;    4.8;   7.1;   0.0;   6;    0.000;   0;eor
      164;20141113;   3;    9.2;  11.6;   8.0; 1006.56;   99.63;   1.6;   10.1;    8.0;    7.8;   3.7;   0.0;   0;    0.000;   0;eor
      164;20141114;   3;    8.8;  11.1;   8.0; 1009.38;   98.33;   3.7;    9.5;    7.6;    7.7;  10.4;   0.0;   6;    0.000;   0;eor
      164;20141115;   3;    9.0;  10.7;   8.0; 1003.41;   93.33;   5.2;    9.8;    7.9;    7.8;  11.7;   0.0;   6;    0.000;   0;eor
      164;20141116;   3;    7.2;   9.8;   7.4;  998.60;   96.29;   5.1;    8.4;    5.2;    2.8;  11.8;   0.2;   6;    0.000;   0;eor
      164;20141117;   3;    6.8;   9.8;   6.8; 1004.74;   99.33;   2.3;    8.9;    3.4;    1.9;   6.5;   0.0;   6;    0.000;   0;eor
      164;20141118;   3;    5.8;   9.0;   8.0; 1006.94;   97.29;   4.8;    6.9;    3.9;    3.9;   8.8;   1.1;   6;    0.000;   0;eor
      164;20141119;   3;    3.2;   7.5;   8.0; 1013.55;   98.46;   2.7;    3.8;    2.8;    2.5;   7.4;   0.1;   6;    0.000;   0;eor
      164;20141120;   3;    4.2;   8.0;   8.0; 1020.57;   97.25;   1.0;    4.9;    3.1;    2.8;   3.9;   0.4;   6;    0.000;   0;eor
      164;20141121;   3;    4.2;   8.2;   7.2; 1019.90;   99.00;   1.7;    5.5;    2.5;    2.8;   4.4;   0.0;   0;    1.100;   0;eor
      164;20141122;   3;    4.6;   7.6;   7.9; 1019.18;   89.67;   3.0;    6.3;    2.7;    2.9;   9.6;   0.1;   6;    0.000;   0;eor
      164;20141123;   3;    5.2;   7.7;   7.2; 1017.45;   87.38;   4.8;    7.6;    3.7;    2.8;  10.9;   0.0;   6;    1.900;   0;eor
      164;20141124;   3;    5.5;   8.7;   5.0; 1014.34;   95.88;   4.6;    8.1;    4.5;    2.0;  12.3;   3.9;   6;    0.200;   0;eor
      164;20141125;   3;    5.7;   9.1;   7.8; 1019.98;   98.79;   2.7;    6.8;    4.4;    3.6;   7.4;   0.0;   6;    0.000;   0;eor
      164;20141126;   3;    3.8;   7.7;   7.3; 1018.03;   96.17;   3.0;    5.0;    1.2;   -0.5;   7.0;   0.0;   0;    0.000;   0;eor
      164;20141127;   3;    2.0;   6.6;   3.8; 1012.46;   93.88;   4.7;    4.7;    0.1;   -1.5;  11.0;   0.0;   0;    5.500;   0;eor
      164;20141128;   3;    0.2;   5.3;   7.7; 1015.28;   85.54;   6.3;    1.6;   -1.3;   -1.3;  11.7;   0.0;   0;    0.000;   0;eor
      164;20141129;   3;   -2.1;   4.5;   7.7; 1017.63;   84.71;   5.6;   -0.9;   -2.9;   -3.4;  10.3;   0.0;   0;    0.000;   0;eor
      164;20141130;   3;   -2.6;   4.1;   7.2; 1014.98;   81.29;   6.0;   -1.3;   -3.7;   -4.7;  11.5;   0.0;   0;    0.100;   0;eor
      164;20141201;   3;   -3.7;   3.8;   7.8; 1014.63;   81.00;   6.3;   -3.3;   -4.2;   -4.3;  11.5;   0.0;   0;    0.000;   0;eor
      164;20141202;   3;   -3.3;   3.8;   7.7; 1012.75;   79.54;   4.1;   -2.6;   -3.8;   -3.8;   8.7;   0.0;   0;    0.000;   0;eor
      164;20141203;   3;   -2.3;   5.0;   8.0; 1016.58;   95.92;   2.4;   -0.5;   -3.5;   -3.4;   5.0;   0.0;   7;    0.000;   0;eor
      164;20141204;   3;    0.6;   5.7;   5.4; 1014.89;   89.50;   3.2;    3.4;   -1.1;   -3.8;   7.2;   0.0;   0;    1.500;   0;eor
      164;20141205;   3;    0.6;   5.9;   6.7; 1011.79;   92.46;   2.4;    2.3;   -1.5;   -3.9;   5.9;   0.4;   6;    0.000;   0;eor
      164;20141206;   3;    3.2;   6.9;   7.4; 1014.53;   90.25;   2.5;    4.9;    1.7;   -2.3;   6.5;   0.1;   6;    3.350;   0;eor
      164;20141207;   3;    1.4;   6.2;   6.3; 1012.14;   92.38;   3.1;    3.2;   -1.3;   -3.4;   8.0;   1.8;   6;    0.017;   0;eor
      164;20141208;   3;    3.6;   6.7;   6.5; 1008.13;   85.42;   4.1;    4.5;    2.2;    0.7;  10.3;   0.0;   6;    1.067;   0;eor
      164;20141209;   3;    0.7;   5.7;   2.9; 1018.50;   88.67;   2.7;    3.4;   -1.4;   -3.1;   6.4;   0.0;   0;    3.017;   0;eor
      164;20141210;   3;    0.9;   5.8;   6.3; 1009.48;   88.17;   5.7;    2.9;   -1.2;   -2.4;  13.5;   1.0;   8;    0.000;   0;eor
      164;20141211;   3;    2.6;   6.5;   5.8;  999.44;   88.46;   5.7;    4.7;    1.0;   -0.3;  14.3;   1.5;   8;    0.033;   0;eor
      164;20141212;   3;    5.8;   7.6;   7.5;  992.32;   82.08;   7.4;   10.0;    2.6;    1.4;  19.4;   4.7;   6;    0.000;   0;eor
      164;20141213;   3;    4.9;   6.8;   7.3; 1000.33;   78.58;   4.9;    5.8;    2.8;   -0.2;  12.3;   0.0;   0;    0.000;   0;eor
      164;20141214;   3;    1.7;   6.5;   6.4; 1009.25;   94.92;   2.3;    3.5;    0.1;   -3.1;   6.0;   0.0;   0;    0.000;   0;eor
      164;20141215;   3;    3.3;   6.6;   7.3; 1005.51;   85.75;   4.6;    5.6;    1.0;   -0.1;  11.3;   1.0;   6;    0.717;   0;eor
      164;20141216;   3;    4.2;   7.0;   6.9; 1002.76;   84.75;   4.0;    5.3;    2.4;    1.0;  12.0;   0.0;   6;    0.233;   0;eor
      164;20141217;   3;    2.5;   6.4;   6.9;  999.84;   87.25;   4.1;    3.4;    1.0;   -0.6;   9.4;   0.4;   6;    0.133;   0;eor
      164;20141218;   3;    8.1;  10.1;   7.9;  999.44;   93.38;   4.9;   12.0;    3.4;    3.2;  13.9;   2.4;   6;    0.000;   0;eor
      164;20141219;   3;    9.6;  10.7;   7.0;  998.32;   87.71;   7.1;   11.8;    5.1;    3.7;  14.5;   4.7;   6;    0.000;   0;eor
      164;20141220;   3;    4.3;   6.8;   7.2; 1001.48;   82.42;   8.4;    6.8;    1.5;    1.3;  20.6;   6.0;   8;    0.017;   0;eor
      164;20141221;   3;    5.1;   7.3;   7.3; 1011.03;   82.63;   7.1;    6.4;    3.4;    2.1;  16.1;   3.9;   6;    0.950;   0;eor
      164;20141222;   3;    9.1;  10.6;   8.0; 1000.42;   91.17;   9.4;   10.7;    6.3;    5.7;  19.9;   7.0;   6;    0.000;   0;eor
      164;20141223;   3;   10.0;  10.8;   8.0; 1001.73;   87.83;   8.8;   10.9;    9.1;    8.3;  18.4;   1.4;   6;    0.000;   0;eor
      164;20141224;   3;    7.7;   9.1;   6.3; 1001.73;   85.92;   7.6;    9.9;    4.0;    2.7;  19.0;   0.9;   6;    0.000;   0;eor
      164;20141225;   3;    3.9;   6.6;   6.6; 1006.69;   81.33;   7.2;    6.4;    0.7;   -0.3;  16.8;   0.8;   8;    1.200;   0;eor
      164;20141226;   3;   -1.3;   4.9;   5.2; 1018.10;   89.04;   2.2;    1.5;   -5.1;   -7.1;   5.0;   0.0;   7;    1.517;   0;eor
      164;20141227;   3;   -4.4;   3.9;   3.0; 1008.15;   88.25;   3.2;   -2.2;   -6.6;   -8.1;   8.1;   0.0;   0;    2.817;   0;eor
      164;20141228;   3;   -4.5;   3.8;   2.9; 1015.15;   86.67;   2.5;    0.0;   -9.2;  -11.0;   6.7;   1.0;   7;    5.217;   0;eor
      164;20141229;   3;   -4.4;   4.0;   5.7; 1021.09;   90.46;   2.2;   -2.5;   -6.5;  -12.5;   5.2;   0.0;   7;    3.133;   2;eor
      164;20141230;   3;   -2.2;   4.9;   8.0; 1023.08;   93.08;   3.0;    1.3;   -5.0;   -5.6;   7.3;   0.2;   8;    0.000;   2;eor
      164;20141231;   3;    2.8;   7.2;   7.9; 1021.91;   96.29;   4.1;    4.8;    1.2;    0.6;   9.7;   0.8;   6;    0.000;   1;eor
      164;20150101;   3;    3.4;   6.5;   7.5; 1022.25;   82.71;   5.0;    4.5;    2.4;    1.5;  13.4;   0.3;   6;    2.650;   0;eor
      164;20150102;   3;    5.0;   6.9;   7.0; 1009.51;   78.29;   7.8;    7.7;    2.9;    2.0;  17.5;   1.4;   6;    0.467;   0;eor
      164;20150103;   3;    3.8;   6.2;   6.6; 1007.95;   77.17;   8.6;    5.0;    2.6;    1.5;  17.5;   0.1;   6;    0.067;   0;eor
      164;20150104;   3;    3.0;   5.8;   4.9; 1013.01;   76.46;   8.0;    5.3;    0.8;   -0.4;  15.7;   0.1;   8;    1.900;   0;eor
      164;20150105;   3;    2.3;   6.7;   7.8; 1018.72;   93.04;   4.8;    4.5;    0.0;   -0.9;  12.7;   2.9;   8;    0.000;   0;eor
      164;20150106;   3;   -1.0;   5.3;   7.5; 1020.28;   94.13;   3.7;    0.4;   -1.7;   -3.2;  10.9;   0.0;   0;    0.000;   0;eor
      164;20150107;   3;    1.0;   6.0;   6.4; 1016.90;   90.08;   4.0;    4.3;   -2.3;   -3.4;  10.3;   0.1;   8;    0.183;   0;eor
      164;20150108;   3;    3.0;   7.0;   8.0; 1011.76;   91.83;   5.3;    6.0;    0.7;    0.0;  14.6;   8.5;   6;    0.000;   0;eor
      164;20150109;   3;    5.8;   7.4;   7.5; 1001.42;   80.33;   8.3;    7.5;    4.6;    3.5;  27.4;   6.5;   6;    0.000;   0;eor
      164;20150110;   3;    7.9;   8.7;   7.0;  992.61;   80.25;   8.7;   12.4;    4.2;    3.0;  23.3;   3.6;   6;    0.000;   0;eor
      164;20150111;   3;    3.4;   6.0;   5.8;  997.39;   77.08;   9.5;    4.6;    2.2;    1.1;  17.6;   1.0;   6;    0.400;   0;eor
      164;20150112;   3;    5.2;   8.0;   7.5; 1003.16;   90.00;   6.7;    7.0;    2.4;    1.1;  14.0;   3.4;   6;    0.000;   0;eor
      164;20150113;   3;    9.0;   8.5;   7.6;  998.74;   74.63;   6.0;   11.5;    6.9;    6.0;  13.9;   0.9;   6;    0.167;   0;eor
      164;20150114;   3;    5.3;   7.2;   6.5;  999.88;   80.46;   5.3;    8.1;    2.2;    1.0;  15.7;   3.8;   6;    2.717;   0;eor
      164;20150115;   3;    3.8;   6.6;   6.3; 1000.18;   81.79;   5.8;    9.1;    0.3;   -1.6;  12.9;   2.0;   6;    0.000;   0;eor
      164;20150116;   3;    7.0;   7.2;   7.0;  999.14;   71.96;   3.6;    9.1;    4.5;    2.3;  11.2;   2.0;   6;    2.083;   0;eor
      164;20150117;   3;    2.7;   6.6;   6.4; 1004.95;   88.63;   2.5;    5.1;   -1.4;   -4.1;   6.9;   0.0;   0;    2.000;   0;eor
      164;20150118;   3;   -0.5;   5.3;   4.5; 1009.78;   89.96;   2.5;    3.3;   -3.3;   -5.9;   8.0;   0.0;   0;    5.467;   0;eor
      164;20150119;   3;   -0.8;   5.6;   7.1; 1008.33;   96.17;   2.7;    1.1;   -3.4;   -6.0;   6.7;   0.0;   6;    0.000;   0;eor
      164;20150120;   3;    0.8;   6.1;   8.0; 1005.55;   94.38;   2.4;    1.6;    0.0;    0.0;   7.0;   2.1;   8;    0.000;   0;eor
      164;20150121;   3;   -0.1;   5.8;   7.7; 1009.19;   95.00;   1.7;    1.0;   -2.7;   -3.7;   5.3;   0.0;   8;    0.000;   0;eor
      164;20150122;   3;   -1.7;   5.2;   8.0; 1013.17;   96.08;   2.9;   -0.8;   -2.9;   -2.4;   7.0;   0.0;   0;    0.000;   0;eor
      164;20150123;   3;   -1.4;   5.2;   6.2; 1017.46;   94.96;   2.7;    0.3;   -3.9;   -6.2;   8.1;   0.0;   0;    0.517;   0;eor
      164;20150124;   3;   -1.2;   4.8;   8.0; 1013.41;   86.13;   3.1;   -0.1;   -2.0;   -3.6;   9.0;   0.0;   7;    0.000;   0;eor
      164;20150125;   3;    0.5;   5.9;   6.9; 1016.53;   92.88;   3.8;    1.2;   -0.8;   -2.0;   7.7;   0.0;   0;    0.000;   0;eor
      164;20150126;   3;    1.6;   6.2;   7.9; 1011.74;   91.25;   3.9;    3.3;    0.5;    0.0;   9.9;   3.7;   8;    0.000;   0;eor
      164;20150127;   3;    3.1;   6.7;   7.7; 1004.78;   87.50;   5.7;    4.6;    0.6;   -0.7;  11.6;   0.6;   6;    0.100;   0;eor
      164;20150128;   3;    2.3;   6.3;   7.1;  998.67;   87.58;   5.7;    4.6;   -0.8;   -2.3;  16.6;   4.6;   8;    0.117;   0;eor
      164;20150129;   3;    1.9;   5.5;   4.8;  979.70;   78.50;   6.2;    3.6;   -0.5;   -2.1;  14.3;   2.6;   8;    3.233;   0;eor
      164;20150130;   3;    0.4;   6.0;   8.0;  967.54;   95.00;   3.3;    0.9;   -0.4;   -0.5;   8.7;   3.0;   8;    0.000;   4;eor
      164;20150131;   3;   -0.8;   5.3;   5.8;  971.78;   91.92;   4.7;    0.4;   -2.9;   -7.3;  10.3;   0.4;   8;    0.517;   8;eor
      164;20150201;   3;    0.6;   5.8;   7.3;  981.12;   91.21;   3.7;    1.2;   -0.6;   -2.7;  11.9;   0.8;   8;    0.150;   7;eor
      164;20150202;   3;    0.5;   5.4;   6.4;  986.83;   85.58;   4.5;    1.8;   -1.0;   -2.4;  11.7;   0.0;   8;    1.467;   4;eor
      164;20150203;   3;   -1.1;   5.0;   7.3;  993.08;   88.67;   3.0;    0.3;   -4.1;   -9.8;   8.2;   0.5;   7;    0.017;   4;eor
      164;20150204;   3;   -1.3;   4.6;   7.4; 1004.36;   83.29;   2.5;    0.2;   -2.7;   -6.7;   6.2;   0.0;   7;    0.000;   4;eor
      164;20150205;   3;   -4.6;   4.1;   4.1; 1017.69;   94.04;   1.2;   -2.1;   -7.2;  -11.8;   4.0;   0.0;   0;    1.717;   4;eor
      164;20150206;   3;   -5.2;   4.0;   6.0; 1024.21;   96.21;   1.4;   -3.5;   -7.4;   -8.2;   4.6;   0.0;   7;    0.000;   4;eor
      164;20150207;   3;   -0.4;   5.5;   7.7; 1015.33;   91.08;   5.8;    3.5;   -3.9;   -3.9;  18.5;   0.2;   8;    0.000;   4;eor
      164;20150208;   3;    0.8;   3.9;   2.3; 1011.37;   60.92;   8.3;    2.8;   -0.9;   -2.4;  17.0;   0.4;   8;    7.667;   2;eor
      164;20150209;   3;    3.3;   6.8;   6.3; 1010.80;   88.38;   6.1;    5.5;   -0.4;   -0.5;  13.6;   0.1;   6;    1.217;   2;eor
      164;20150210;   3;    4.6;   7.2;   7.8; 1018.24;   85.17;   4.5;    5.5;    3.8;    3.2;   9.3;   0.0;   6;    0.000;   0;eor
      164;20150211;   3;    3.3;   7.0;   8.0; 1020.62;   89.42;   2.8;    5.3;    1.7;    1.6;   7.1;   0.0;   6;    0.000;   0;eor
      164;20150212;   3;    2.0;   5.8;   4.2; 1016.89;   83.29;   2.4;    6.8;   -3.0;   -5.1;   7.2;   0.0;   0;    3.950;   0;eor
      164;20150213;   3;   -0.5;   5.3;   4.0; 1012.77;   91.54;   2.0;    4.4;   -2.9;   -4.8;   6.6;   0.0;   0;    3.633;   0;eor
      164;20150214;   3;   -0.4;   5.1;   0.0; 1008.58;   86.42;   2.2;    5.3;   -3.8;   -5.9;   5.3;   0.0;   0;    8.450;   0;eor
      164;20150215;   3;    0.6;   5.4;   1.6; 1013.73;   85.38;   3.3;    6.2;   -3.4;   -5.9;   9.9;   0.0;   0;    7.183;   0;eor
      164;20150216;   3;   -0.4;   4.9;   6.8; 1019.69;   81.63;   6.4;    0.3;   -2.1;   -3.7;  13.6;   0.0;   0;    0.000;   0;eor
      164;20150217;   3;    0.2;   4.8;   1.3; 1024.38;   78.33;   3.5;    4.9;   -3.0;   -4.8;   7.7;   0.0;   0;    8.517;   0;eor
      164;20150218;   3;    2.6;   5.9;   5.5; 1030.18;   80.17;   3.8;    5.0;    0.7;    0.4;   8.3;   0.0;   0;    7.367;   0;eor
      164;20150219;   3;    3.7;   5.6;   3.3; 1019.87;   70.88;   3.8;    8.6;    0.2;   -1.8;   8.9;   0.0;   0;    6.267;   0;eor
      164;20150220;   3;    2.6;   5.5;   3.7; 1006.35;   75.58;   4.0;    7.4;   -3.1;   -4.1;   9.7;   0.0;   6;    4.083;   0;eor
      164;20150221;   3;    5.6;   5.8;   5.8;  991.60;   64.29;   5.3;   10.5;    0.7;   -1.4;  13.8;   0.0;   6;    3.617;   0;eor
      164;20150222;   3;    1.4;   5.5;   4.4; 1001.17;   81.42;   3.2;    4.6;   -1.5;   -5.5;   7.6;   0.0;   0;    1.317;   0;eor
      164;20150223;   3;    1.8;   5.9;   6.8;  993.56;   85.00;   4.7;    5.8;   -2.0;   -4.9;  16.6;   0.3;   6;    0.000;   0;eor
      164;20150224;   3;    3.5;   6.2;   5.2;  998.58;   80.04;   3.6;    8.4;   -0.1;   -2.1;   9.6;   0.0;   0;    5.567;   0;eor
      164;20150225;   3;    2.7;   6.0;   5.0; 1010.73;   81.75;   2.3;    7.7;   -2.9;   -6.4;   6.8;   0.0;   0;    5.983;   0;eor
      164;20150226;   3;    2.2;   5.2;   0.1; 1014.17;   75.08;   2.6;    8.7;   -3.8;   -7.6;   7.8;   0.0;   0;    9.617;   0;eor
      164;20150227;   3;    3.3;   6.0;   0.5; 1007.09;   79.29;   3.0;    9.6;   -1.2;   -4.2;   7.4;   0.8;   6;    8.500;   0;eor
      164;20150228;   3;    2.8;   5.9;   4.4; 1010.59;   79.42;   3.3;    6.7;   -1.2;   -5.5;   8.4;   0.1;   6;    4.633;   0;eor
      164;20150301;   3;    2.4;   6.3;   6.1;  998.01;   85.33;   4.6;    5.7;   -1.8;   -5.3;  13.1;   0.8;   6;    0.017;   0;eor
      164;20150302;   3;    3.3;   6.4;   5.3;  992.59;   83.17;   5.7;    7.0;    0.3;   -0.6;  19.6;   5.1;   8;    1.583;   0;eor
      164;20150303;   3;    3.8;   6.1;   6.8; 1005.00;   77.63;   6.5;    7.0;    1.3;    0.8;  17.5;   3.5;   8;    4.750;   0;eor
      164;20150304;   3;    3.2;   6.1;   5.7; 1011.05;   79.88;   5.7;    6.5;    1.6;    0.3;  14.3;   0.7;   6;    3.400;   0;eor
      164;20150305;   3;    2.8;   6.4;   5.7; 1023.25;   86.08;   3.7;    7.2;    0.1;   -3.0;   9.7;   0.1;   6;    2.817;   0;eor
      164;20150306;   3;    4.1;   6.8;   6.5; 1025.93;   83.83;   3.4;    7.3;   -1.9;   -4.2;   8.8;   0.0;   6;    0.017;   0;eor
      164;20150307;   3;    7.6;   6.6;   5.8; 1023.24;   64.79;   4.9;   12.0;    2.1;   -0.1;  12.7;   0.0;   0;    5.150;   0;eor
      164;20150308;   3;   10.9;   6.6;   6.1; 1017.47;   52.42;   4.3;   16.5;    5.6;    4.2;   9.1;   0.0;   0;    9.767;   0;eor
      164;20150309;   3;    7.5;   7.8;   3.8; 1019.00;   75.63;   2.9;   10.7;    2.7;   -1.7;   8.2;   0.0;   0;    5.450;   0;eor
      164;20150310;   3;    5.2;   8.0;   3.9; 1017.84;   90.38;   2.9;   11.0;   -0.2;   -1.5;   7.9;   0.0;   6;    0.683;   0;eor
      164;20150311;   3;    4.0;   6.7;   5.7; 1019.56;   83.21;   3.5;    7.3;    0.5;   -1.9;   8.6;   0.0;   6;    0.150;   0;eor
      164;20150312;   3;    2.7;   6.4;   5.9; 1025.14;   86.04;   3.5;    6.0;   -1.8;   -5.1;   9.5;   0.0;   6;    0.467;   0;eor
      164;20150313;   3;    2.1;   5.8;   4.8; 1021.74;   82.58;   3.3;    8.7;   -3.0;   -5.4;   8.2;   0.0;   0;    4.917;   0;eor
      164;20150314;   3;    3.9;   7.0;   8.0; 1021.98;   86.63;   3.4;    6.3;    1.2;    0.5;   8.9;   0.4;   6;    0.017;   0;eor
      164;20150315;   3;    5.6;   7.3;   7.4; 1025.89;   80.33;   5.2;    7.9;    4.0;    3.2;  10.0;   0.0;   6;    0.050;   0;eor
      164;20150316;   3;    6.5;   7.7;   4.1; 1026.43;   79.58;   5.7;   10.2;    2.6;    0.5;  12.0;   0.0;   0;    3.000;   0;eor
      164;20150317;   3;   10.0;   7.2;   3.3; 1024.44;   60.63;   5.6;   16.3;    4.4;    3.0;  13.6;   0.0;   0;   10.167;   0;eor
      164;20150318;   3;    7.4;   4.3;   0.2; 1022.93;   45.17;   4.3;   13.6;    0.0;   -4.1;  12.4;   0.0;   0;   10.950;   0;eor
      164;20150319;   3;    4.3;   4.3;   0.8; 1021.80;   56.63;   2.0;   12.5;   -3.0;   -8.1;   9.3;   0.0;   0;   10.500;   0;eor
      164;20150320;   3;    4.7;   4.9;   3.7; 1015.77;   61.17;   2.2;   12.6;   -3.2;   -7.8;   7.2;   0.0;   0;    8.417;   0;eor
      164;20150321;   3;    2.2;   6.4;   6.4; 1009.29;   88.63;   3.3;    4.5;   -0.7;   -5.1;  14.2;   4.9;   8;    0.000;   0;eor
      164;20150322;   3;    0.4;   3.8;   3.8; 1020.53;   61.63;   3.3;    4.4;   -4.0;   -6.3;  12.2;   0.0;   0;   11.233;   0;eor
      164;20150323;   3;    4.0;   4.5;   5.6; 1010.34;   57.17;   2.8;   10.9;   -1.6;   -3.9;   8.7;   0.0;   0;   10.083;   0;eor
      164;20150324;   3;    6.9;   6.9;   6.8; 1002.45;   70.46;   2.0;   13.6;    0.2;   -2.9;   6.8;   0.0;   0;    4.183;   0;eor
      164;20150325;   3;    9.2;   7.7;   5.3; 1002.11;   67.33;   2.8;   15.4;    2.3;   -0.6;   8.2;   0.0;   6;    8.200;   0;eor
      164;20150326;   3;    8.5;   8.9;   7.9;  999.16;   79.67;   2.3;   10.8;    5.5;    4.4;   8.3;   0.5;   6;    0.000;   0;eor
      164;20150327;   3;    6.7;   8.0;   7.1; 1005.24;   82.29;   2.8;   11.1;    4.4;    2.2;  13.6;   1.4;   6;    2.583;   0;eor
      164;20150328;   3;    6.6;   7.1;   6.8; 1010.40;   73.08;   3.5;    8.9;    4.5;    2.8;   7.9;   1.6;   6;    0.500;   0;eor
      164;20150329;   3;    8.6;   9.7;   8.0;  990.48;   85.58;   5.5;   12.3;    5.0;    4.3;  18.9;   9.2;   6;    0.100;   0;eor
      164;20150330;   3;    5.6;   7.4;   6.5;  984.83;   81.00;   9.2;    8.8;    2.8;    1.4;  19.6;   3.0;   8;    1.517;   0;eor
      164;20150331;   3;    4.5;   7.0;   7.0;  982.76;   82.75;   8.7;   10.1;    0.0;    0.0;  24.2;  11.8;   8;    1.933;   0;eor
      164;20150401;   3;    3.9;   6.1;   5.5;  996.02;   76.29;   8.6;    7.9;    0.9;   -0.7;  22.9;   2.2;   8;    4.050;   0;eor
      164;20150402;   3;    3.4;   5.8;   5.4;  999.18;   76.29;   6.6;    7.9;    0.2;    0.0;  18.1;   1.9;   8;    5.683;   1;eor
      164;20150403;   3;    4.0;   5.7;   3.3; 1008.61;   71.21;   5.1;    8.9;    0.1;   -3.5;  10.7;   0.0;   0;    4.217;   0;eor
      164;20150404;   3;    3.4;   5.2;   1.7; 1009.18;   69.25;   3.6;   10.1;   -1.4;   -4.2;  11.8;   0.0;   8;    9.933;   0;eor
      164;20150405;   3;    3.8;   4.7;   2.8; 1014.98;   62.33;   3.7;   10.1;   -1.9;   -5.0;  12.3;   0.1;   8;   10.350;   0;eor
      164;20150406;   3;    3.7;   5.6;   3.6; 1021.25;   71.42;   3.6;    9.3;   -1.1;   -4.5;  11.2;   0.0;   0;    4.983;   0;eor
      164;20150407;   3;    5.7;   6.4;   7.1; 1024.46;   72.21;   4.9;   11.9;   -2.7;   -5.5;  12.3;   0.0;   6;    5.617;   0;eor
      164;20150408;   3;    7.7;   8.5;   6.8; 1023.28;   81.21;   4.1;   12.2;    1.6;   -0.4;   9.7;   0.0;   6;    0.367;   0;eor
      164;20150409;   3;    8.0;   7.9;   3.2; 1022.48;   76.92;   2.3;   15.8;    0.0;   -2.5;   7.2;   0.0;   0;    8.267;   0;eor
      164;20150410;   3;   11.3;   8.8;   0.8; 1015.83;   69.00;   1.7;   19.2;    2.2;   -0.1;   6.1;   0.0;   0;   11.217;   0;eor
      164;20150411;   3;   14.3;   9.3;   5.1; 1010.32;   59.83;   4.3;   21.7;    6.9;    2.7;  16.8;   0.3;   6;   10.550;   0;eor
      164;20150412;   3;    9.1;   6.2;   5.9; 1018.78;   55.04;   5.5;   13.2;    5.2;    2.9;  15.3;   0.2;   6;    7.350;   0;eor
      164;20150413;   3;    8.7;   6.0;   4.7; 1016.36;   54.00;   8.6;   12.6;    2.8;   -0.7;  20.8;   0.0;   6;    6.983;   0;eor
      164;20150414;   3;    8.2;   6.9;   6.3; 1016.37;   64.13;   4.3;   13.4;    1.4;   -0.4;  10.0;   0.0;   6;    3.483;   0;eor
      164;20150415;   3;   14.6;   9.1;   3.5; 1006.38;   57.25;   6.1;   21.2;    9.7;    9.2;  15.2;   0.3;   6;    8.533;   0;eor
      164;20150416;   3;    9.1;   6.7;   3.0; 1006.18;   58.67;   5.6;   13.6;    4.7;    1.8;  12.6;   0.0;   0;   10.817;   0;eor
      164;20150417;   3;    6.0;   6.6;   4.3; 1008.38;   72.38;   4.4;   12.4;    1.4;   -0.8;  14.5;   0.2;   6;    5.517;   0;eor
      164;20150418;   3;    4.9;   5.8;   2.8; 1016.80;   69.67;   3.4;   11.5;   -0.7;   -3.7;  11.1;   0.0;   0;    6.517;   0;eor
      164;20150419;   3;    7.7;   6.5;   5.1; 1016.04;   63.75;   2.7;   15.2;   -0.3;   -3.1;   8.9;   0.0;   0;    8.217;   0;eor
      164;20150420;   3;    9.0;   7.1;   1.8; 1017.49;   63.42;   4.4;   16.2;    3.3;    1.5;  11.8;   0.0;   0;   11.550;   0;eor
      164;20150421;   3;   11.6;   7.4;   0.6; 1017.10;   57.38;   5.3;   19.1;    4.6;    2.4;  14.2;   0.0;   6;   13.250;   0;eor
      164;20150422;   3;    9.0;   7.9;   4.3; 1017.24;   69.58;   2.5;   14.5;    5.0;    1.8;   7.7;   0.0;   0;    3.983;   0;eor
      164;20150423;   3;   12.0;   7.7;   1.9; 1010.34;   57.04;   4.2;   19.4;    4.5;    0.6;   9.6;   0.0;   0;   13.333;   0;eor
      164;20150424;   3;   12.6;   8.9;   1.9; 1005.71;   64.92;   2.7;   19.4;    4.0;    1.3;   9.8;   0.0;   0;   11.800;   0;eor
      164;20150425;   3;   15.4;   8.7;   5.2; 1001.11;   52.21;   3.7;   22.6;    8.6;    4.1;  11.6;   0.2;   6;    5.267;   0;eor
      164;20150426;   3;   13.6;  12.4;   6.0; 1000.08;   80.79;   2.4;   18.0;    9.6;    7.2;  14.2;   6.4;   6;    5.617;   0;eor
      164;20150427;   3;    8.7;  10.6;   7.5;  998.02;   93.46;   3.1;   10.9;    6.9;    6.0;  10.7;   4.8;   6;    0.000;   0;eor
      164;20150428;   3;    7.1;   8.1;   7.3; 1005.14;   80.96;   3.1;    9.4;    3.9;    1.2;   8.6;   1.3;   6;    0.000;   0;eor
      164;20150429;   3;    8.3;   6.4;   4.6; 1012.72;   61.21;   3.9;   13.8;    2.2;    1.1;   8.7;   0.0;   0;   11.567;   0;eor
      164;20150430;   3;   10.2;   8.1;   6.6; 1006.23;   65.88;   4.0;   16.4;    5.6;    4.2;  13.0;   6.2;   6;    5.133;   0;eor
      164;20150501;   3;    8.8;   8.1;   3.8; 1000.62;   73.25;   3.5;   13.3;    2.6;    0.7;  11.5;   0.0;   6;    8.533;   0;eor
      164;20150502;   3;    8.3;   7.3;   2.7; 1004.69;   70.13;   2.8;   14.4;    2.0;   -1.1;   9.5;   0.0;   0;    9.100;   0;eor
      164;20150503;   3;   11.7;   7.8;   4.4; 1003.66;   61.67;   3.1;   18.9;    0.9;   -1.3;   9.8;   6.5;   6;   11.983;   0;eor
      164;20150504;   3;   15.8;  13.0;   5.0; 1001.42;   74.13;   4.2;   21.0;   10.7;    7.6;  11.9;   0.0;   0;    8.100;   0;eor
      164;20150505;   3;   17.5;  15.2;   6.4;  999.11;   75.50;   3.7;   24.1;   10.1;    7.3;  18.2;   0.2;   6;    2.717;   0;eor
      164;20150506;   3;   15.0;   9.5;   4.8; 1005.22;   57.67;   3.4;   20.5;    7.9;    4.5;  15.2;   0.2;   6;    7.800;   0;eor
      164;20150507;   3;   11.6;   9.6;   2.6; 1009.34;   71.46;   4.3;   16.5;    7.3;    4.9;  16.7;   7.7;   6;    9.500;   0;eor
      164;20150508;   3;   12.0;  10.5;   6.0; 1011.91;   76.63;   1.8;   18.2;    6.0;    3.5;   5.6;   0.0;   6;    6.100;   0;eor
      164;20150509;   3;   14.2;  12.2;   6.9; 1008.98;   77.25;   2.8;   21.3;    9.4;    8.8;  13.3;   1.2;   6;    4.167;   0;eor
      164;20150510;   3;   10.3;   9.6;   5.5; 1015.83;   77.04;   5.0;   13.7;    4.0;    1.2;  14.1;   0.0;   6;    2.450;   0;eor
      164;20150511;   3;   12.3;   8.2;   5.0; 1019.31;   61.25;   3.1;   18.9;    2.4;    0.2;   9.8;   0.0;   0;   11.017;   0;eor
      164;20150512;   3;   16.2;  11.2;   5.5; 1008.82;   62.88;   4.9;   26.0;    7.7;    6.1;  15.5;   7.7;   6;    5.650;   0;eor
      164;20150513;   3;   12.0;   8.9;   2.5; 1008.52;   64.38;   4.9;   17.5;    7.0;    4.6;  13.0;   0.0;   0;    8.967;   0;eor
      164;20150514;   3;    9.5;   9.0;   4.3; 1005.08;   76.33;   3.5;   13.1;    5.7;    2.9;  10.5;   0.0;   6;    1.450;   0;eor
      164;20150515;   3;    9.8;   9.0;   2.5; 1009.11;   76.67;   2.8;   15.7;    3.6;    0.9;   8.8;   0.0;   0;    9.283;   0;eor
      164;20150516;   3;    9.8;   9.3;   6.3; 1012.15;   78.04;   4.1;   13.9;    4.0;    0.4;  12.1;   0.5;   6;    4.750;   0;eor
      164;20150517;   3;   10.3;   8.2;   5.0; 1013.36;   67.46;   5.9;   14.7;    6.3;    4.8;  15.7;   0.0;   6;    7.517;   0;eor
      164;20150518;   3;   12.9;   9.3;   7.0; 1005.07;   63.38;   2.8;   18.7;    6.8;    5.4;   7.5;   0.0;   0;    3.883;   0;eor
      164;20150519;   3;   14.1;   9.2;   6.5;  999.03;   58.46;   3.7;   18.8;    8.1;    5.3;  10.4;   0.0;   0;    5.383;   0;eor
      164;20150520;   3;   12.4;   9.0;   7.3; 1006.24;   64.42;   2.0;   17.3;    6.9;    4.6;   6.0;   0.0;   0;    0.533;   0;eor
      164;20150521;   3;   11.2;   8.5;   3.5; 1015.40;   66.42;   2.9;   16.9;    6.0;    2.3;   7.9;   0.0;   6;    7.000;   0;eor
      164;20150522;   3;   13.0;   9.0;   3.2; 1017.64;   62.96;   2.2;   19.6;    4.5;    0.7;   7.7;   0.0;   0;    9.383;   0;eor
      164;20150523;   3;   13.1;  11.6;   6.6; 1012.90;   77.75;   2.3;   20.1;    6.7;    3.5;   7.9;   2.0;   6;    1.233;   0;eor
      164;20150524;   3;   12.5;   9.1;   1.5; 1012.47;   67.13;   1.5;   20.0;    3.9;    1.8;   6.3;   0.0;   6;   13.250;   0;eor
      164;20150525;   3;   14.2;  10.6;   5.8; 1005.98;   66.96;   2.4;   22.1;    7.8;    4.1;  11.0;   0.0;   6;    4.333;   0;eor
      164;20150526;   3;   12.0;   9.2;   5.7; 1008.62;   66.75;   4.3;   16.0;    7.4;    4.6;   9.5;   0.0;   0;    4.650;   0;eor
      164;20150527;   3;    9.9;   8.6;   4.9; 1012.39;   71.83;   4.3;   14.0;    5.2;    1.7;  10.8;   0.0;   6;    1.117;   0;eor
      164;20150528;   3;   12.8;   9.2;   6.2; 1007.16;   66.00;   4.6;   20.1;    5.6;    1.5;  21.5;   2.3;   6;    5.800;   0;eor
      164;20150529;   3;   13.6;   9.9;   7.4; 1004.27;   65.92;   2.5;   18.1;    9.1;    8.3;   7.4;   2.4;   6;    7.400;   0;eor
      164;20150530;   3;   11.5;   9.5;   5.2; 1003.63;   70.46;   4.9;   15.5;    7.6;    5.8;  18.4;   1.4;   6;    5.900;   0;eor
      164;20150531;   3;   14.3;   8.4;   5.0; 1007.51;   54.63;   4.2;   20.6;    5.1;    3.5;  11.2;   0.0;   6;    8.667;   0;eor
      164;20150601;   3;   14.1;  11.9;   7.8; 1008.09;   75.33;   2.9;   18.1;    9.1;    6.0;  11.1;   2.2;   6;    0.650;   0;eor
      164;20150602;   3;   17.5;  12.1;   6.1; 1006.41;   64.13;   5.1;   23.5;   10.0;    9.9;  15.8;   0.0;   0;    7.483;   0;eor
      164;20150603;   3;   17.6;  12.1;   5.3; 1011.47;   60.00;   5.4;   21.8;    9.7;    4.5;  14.5;   0.0;   0;    4.217;   0;eor
      164;20150604;   3;   14.0;   9.1;   0.5; 1022.03;   60.50;   2.4;   20.8;    6.5;    3.7;   7.0;   0.0;   0;   15.067;   0;eor
      164;20150605;   3;   18.4;   9.1;   0.3; 1017.78;   47.46;   3.5;   27.1;    6.3;    4.0;  10.2;   0.0;   0;   15.133;   0;eor
      164;20150606;   3;   21.8;  13.9;   5.7; 1013.70;   52.75;   4.0;   29.9;   14.8;   13.5;  10.9;   0.0;   0;    8.433;   0;eor
      164;20150607;   3;   16.3;   9.1;   6.0; 1020.93;   51.33;   2.2;   22.6;   10.3;    8.5;   7.1;   0.0;   0;   12.600;   0;eor
      164;20150608;   3;   13.6;   9.5;   5.7; 1021.09;   62.83;   3.0;   18.8;    8.0;    5.5;   7.9;   0.0;   0;    7.750;   0;eor
      164;20150609;   3;   13.4;   9.1;   3.9; 1021.05;   62.63;   2.5;   19.8;    5.9;    4.0;   8.4;   0.0;   0;    9.100;   0;eor
      164;20150610;   3;   14.0;   9.1;   2.3; 1020.34;   59.50;   2.1;   21.5;    5.9;    3.9;   8.0;   0.0;   0;    9.583;   0;eor
      164;20150611;   3;   15.9;   8.6;   0.3; 1015.49;   53.25;   1.7;   23.8;    5.3;    2.9;   6.4;   0.1;   6;   15.150;   0;eor
      164;20150612;   3;   17.6;  12.4;   2.8; 1007.99;   66.00;   1.7;   26.3;    8.8;    7.2;   6.5;   0.2;   6;    9.317;   0;eor
      164;20150613;   3;   20.6;  17.2;   4.1; 1002.25;   73.54;   2.4;   29.7;   11.3;    9.2;   9.4;   4.5;   6;    7.683;   0;eor
      164;20150614;   3;   16.5;  15.7;   6.1; 1003.07;   83.17;   3.7;   19.8;   12.6;   10.6;  11.0;   0.0;   0;    3.967;   0;eor
      164;20150615;   3;   13.8;   9.0;   4.0; 1010.53;   58.21;   4.0;   19.0;   10.3;    9.3;  10.2;   0.0;   0;   11.217;   0;eor
      164;20150616;   3;   12.2;   9.0;   6.4; 1015.25;   64.21;   3.4;   15.5;    6.8;    4.1;   7.9;   0.0;   6;    1.083;   0;eor
      164;20150617;   3;   14.3;   9.0;   4.5; 1014.10;   58.79;   3.2;   20.9;    6.1;    3.0;   9.0;   0.6;   6;   11.150;   0;eor
      164;20150618;   3;   14.5;  12.6;   7.7; 1005.07;   77.63;   4.5;   20.5;   10.9;   10.3;  13.9;   0.0;   6;    1.433;   0;eor
      164;20150619;   3;   12.5;  10.8;   7.3; 1005.43;   75.00;   4.8;   16.3;    9.9;    9.4;  12.5;   4.2;   6;    2.167;   0;eor
      164;20150620;   3;   12.5;  12.3;   7.1; 1007.63;   84.67;   3.9;   17.7;    9.9;    9.0;  12.0;   6.5;   6;    3.167;   0;eor
      164;20150621;   3;   13.4;  11.3;   5.8; 1008.19;   75.79;   3.2;   19.1;    9.6;    8.2;   8.3;   0.2;   6;    3.967;   0;eor
      164;20150622;   3;   13.8;  12.3;   7.2; 1001.11;   78.96;   3.0;   18.8;   10.3;    8.0;   9.0;   3.3;   6;    1.633;   0;eor
      164;20150623;   3;   12.1;  13.0;   7.6;  999.56;   92.08;   3.7;   13.4;   11.2;   10.2;  10.2;   5.1;   6;    0.533;   0;eor
      164;20150624;   3;   12.6;  11.9;   7.6; 1010.95;   82.00;   4.4;   14.9;   10.5;    9.7;  10.8;   0.1;   6;    0.050;   0;eor
      164;20150625;   3;   16.6;  12.6;   6.4; 1014.76;   67.96;   3.3;   21.9;   11.8;   10.9;  10.0;   0.0;   6;    4.583;   0;eor
      164;20150626;   3;   16.6;  15.4;   7.9; 1012.17;   81.88;   1.3;   21.3;   14.0;   13.1;   5.1;   2.0;   6;    0.433;   0;eor
      164;20150627;   3;   17.4;  17.1;   7.8; 1007.78;   86.54;   2.3;   22.7;   14.7;   14.4;  13.0;   7.4;   6;    1.367;   0;eor
      164;20150628;   3;   16.6;  13.8;   7.2; 1012.94;   74.67;   3.6;   22.3;   13.4;   11.6;  10.2;   0.9;   6;    3.267;   0;eor
      164;20150629;   3;   19.2;  14.5;   5.5; 1013.57;   67.38;   2.1;   25.7;   14.0;   13.1;   6.4;   0.0;   0;    7.000;   0;eor
      164;20150630;   3;   18.8;  13.9;   4.1; 1015.23;   66.83;   2.7;   24.1;   12.2;   10.3;   8.5;   0.0;   0;   12.350;   0;eor
      164;20150701;   3;   19.1;  13.6;   0.4; 1017.86;   65.88;   2.2;   26.1;   10.2;    8.8;   7.8;   0.0;   0;   15.167;   0;eor
      164;20150702;   3;   21.7;  13.8;   0.1; 1019.27;   57.08;   3.1;   28.9;   13.1;   11.2;   9.2;   0.0;   0;   15.167;   0;eor
      164;20150703;   3;   24.5;  14.4;   1.3; 1018.46;   49.67;   2.9;   32.2;   13.8;   11.7;  10.2;   0.0;   0;   14.383;   0;eor
      164;20150704;   3;   27.3;  16.5;   2.4; 1013.89;   47.71;   2.4;   35.8;   16.8;   14.6;   7.5;   0.0;   6;   14.250;   0;eor
      164;20150705;   3;   28.3;  18.9;   5.8; 1009.38;   52.25;   2.5;   35.6;   20.1;   19.8;  17.5;   2.7;   6;    9.650;   0;eor
      164;20150706;   3;   20.9;  16.2;   4.7; 1010.57;   67.50;   4.3;   26.1;   14.3;   11.5;  11.8;   0.0;   0;    8.683;   0;eor
      164;20150707;   3;   22.2;  14.4;   2.2; 1004.95;   58.25;   2.9;   30.5;   12.9;   10.1;  14.7;   1.9;   6;   13.217;   0;eor
      164;20150708;   3;   18.6;  15.4;   6.4;  998.83;   71.92;   5.1;   22.7;   15.7;   14.5;  14.1;   1.1;   6;    3.133;   0;eor
      164;20150709;   3;   15.3;  10.4;   5.0; 1005.12;   60.33;   7.5;   18.7;   11.1;   10.2;  19.3;   0.0;   6;    6.500;   0;eor
      164;20150710;   3;   14.2;   8.9;   4.3; 1011.67;   56.83;   6.6;   19.7;    7.9;    4.7;  16.1;   0.0;   0;    5.100;   0;eor
      164;20150711;   3;   15.8;   9.5;   3.7; 1011.00;   57.38;   2.1;   23.2;    6.3;    3.9;   6.8;   0.0;   0;    9.050;   0;eor
      164;20150712;   3;   17.2;  14.6;   7.6; 1008.12;   75.75;   2.3;   24.7;   11.1;   10.0;  10.6;   5.2;   6;    2.200;   0;eor
      164;20150713;   3;   16.6;  16.8;   7.8; 1006.53;   88.92;   3.9;   21.2;   14.7;   14.5;  11.5;   3.3;   6;    1.700;   0;eor
      164;20150714;   3;   17.0;  16.2;   7.5; 1006.62;   84.33;   2.0;   20.8;   14.1;   13.7;   4.5;   0.3;   6;    1.500;   0;eor
      164;20150715;   3;   18.1;  13.8;   5.0; 1010.99;   68.46;   3.9;   23.3;   13.0;   10.9;   9.6;   0.0;   6;    7.467;   0;eor
      164;20150716;   3;   19.1;  14.6;   5.2; 1011.45;   67.17;   2.4;   26.1;   14.1;   13.0;   8.6;   0.0;   6;    5.433;   0;eor
      164;20150717;   3;   22.0;  16.9;   3.6; 1008.40;   66.04;   2.4;   29.6;   13.1;   11.5;   7.1;   0.0;   6;    9.800;   0;eor
      164;20150718;   3;   22.0;  16.8;   3.8; 1007.27;   65.83;   3.2;   27.3;   14.6;   12.6;  10.6;   0.0;   0;   10.250;   0;eor
      164;20150719;   3;   15.3;  15.0;   6.7; 1004.20;   87.33;   2.8;   20.8;   12.1;   10.3;   9.9;  15.4;   6;    2.833;   0;eor
      164;20150720;   3;   17.6;  13.6;   5.8; 1005.92;   69.83;   4.0;   22.5;   14.2;   12.5;  11.3;   0.0;   6;    9.283;   0;eor
      164;20150721;   3;   20.8;  17.3;   4.3; 1005.79;   71.04;   3.3;   27.3;   15.3;   13.5;  14.1;   4.2;   6;    9.400;   0;eor
      164;20150722;   3;   22.2;  18.6;   6.0; 1006.43;   71.83;   2.7;   28.6;   14.0;   12.4;   9.5;   7.1;   6;    6.617;   0;eor
      164;20150723;   3;   19.1;  15.5;   5.2; 1007.76;   72.63;   3.3;   24.0;   12.7;   10.8;  11.3;   0.0;   0;    7.100;   0;eor
      164;20150724;   3;   18.7;  12.9;   4.3; 1008.34;   63.21;   1.9;   25.4;   10.7;    9.4;   6.9;   0.0;   6;   12.900;   0;eor
      164;20150725;   3;   20.8;  15.1;   5.8;  996.00;   62.63;   5.2;   27.5;   13.7;   12.9;  18.7;   0.1;   6;    6.783;   0;eor
      164;20150726;   3;   15.6;  11.5;   5.2; 1002.60;   66.96;   6.1;   20.4;   11.6;    8.8;  17.3;   0.1;   6;    7.400;   0;eor
      164;20150727;   3;   15.8;  13.4;   6.8;  996.32;   74.63;   3.2;   21.7;   12.2;   10.7;  12.4;   0.5;   6;    0.833;   0;eor
      164;20150728;   3;   16.5;  14.1;   6.2;  996.35;   75.83;   4.9;   20.3;   13.8;   12.8;  13.8;   0.9;   6;    6.200;   0;eor
      164;20150729;   3;   14.9;  11.6;   5.9;  998.72;   69.96;   4.9;   20.9;   10.9;    9.5;  20.8;   1.8;   6;    5.917;   0;eor
      164;20150730;   3;   15.0;  11.3;   6.0; 1002.37;   66.92;   6.8;   19.5;   12.3;   11.0;  17.6;   0.0;   6;    3.250;   0;eor
      164;20150731;   3;   14.0;  10.7;   5.3; 1010.59;   68.96;   4.4;   18.8;    7.8;    4.8;  11.2;   0.0;   0;    3.133;   0;eor
      164;20150801;   3;   16.1;  10.6;   3.0; 1011.75;   62.83;   1.8;   24.9;    6.1;    3.5;   7.0;   0.0;   0;   11.467;   0;eor
      164;20150802;   3;   20.6;  11.8;   2.4; 1012.26;   54.96;   1.9;   29.9;   10.3;    8.5;   6.9;   0.0;   0;   13.883;   0;eor
      164;20150803;   3;   22.4;  13.4;   1.8; 1012.33;   55.04;   1.9;   31.4;   12.3;   10.2;   6.1;   0.0;   0;   13.983;   0;eor
      164;20150804;   3;   25.4;  15.6;   2.3; 1006.98;   53.83;   3.7;   34.2;   14.4;   12.8;  14.1;   0.0;   6;   12.433;   0;eor
      164;20150805;   3;   19.8;  17.3;   6.0; 1011.64;   77.00;   2.5;   25.5;   14.7;   12.7;   7.1;   0.0;   0;    3.900;   0;eor
      164;20150806;   3;   23.5;  17.3;   4.4; 1010.33;   65.46;   2.2;   33.5;   12.5;   11.1;   7.3;   0.0;   0;   13.283;   0;eor
      164;20150807;   3;   26.0;  16.9;   2.3; 1010.18;   57.08;   2.3;   36.7;   15.7;   13.6;  12.2;   0.0;   0;   11.000;   0;eor
      164;20150808;   3;   23.6;  18.0;   4.1; 1011.32;   64.29;   4.8;   33.2;   17.9;   16.8;  14.0;   0.0;   0;   10.317;   0;eor
      164;20150809;   3;   19.8;  13.9;   1.5; 1014.43;   62.58;   3.5;   26.7;   12.8;   11.3;   8.3;   0.0;   0;   13.800;   0;eor
      164;20150810;   3;   22.3;  16.9;   2.3; 1010.78;   65.38;   2.2;   32.3;   12.2;   10.9;   8.0;   0.0;   0;   11.233;   0;eor
      164;20150811;   3;   24.7;  17.8;   2.8; 1008.96;   60.75;   2.8;   34.2;   17.8;   16.6;  11.0;   0.0;   6;   10.617;   0;eor
      164;20150812;   3;   20.5;  19.4;   6.3; 1014.19;   81.13;   3.7;   27.2;   17.2;   16.5;   9.8;   3.3;   6;    2.950;   0;eor
      164;20150813;   3;   21.8;  15.7;   4.0; 1013.74;   63.29;   3.4;   29.2;   16.9;   16.4;   9.0;   0.0;   6;    8.300;   0;eor
      164;20150814;   3;   25.4;  16.4;   1.6; 1005.25;   52.00;   5.0;   33.4;   17.5;   16.5;  11.3;   0.7;   6;   12.267;   0;eor
      164;20150815;   3;   24.2;  21.2;   5.5; 1000.69;   72.54;   3.0;   31.9;   19.5;   18.1;  10.8;   4.3;   6;    6.850;   0;eor
      164;20150816;   3;   22.9;  22.6;   5.8; 1002.87;   82.17;   1.8;   29.3;   18.1;   17.5;   7.0;   0.1;   6;    3.917;   0;eor
      164;20150817;   3;   23.6;  15.4;   7.3; 1004.08;   54.71;   3.9;   30.4;   19.6;   19.6;  12.8;   0.0;   6;    2.267;   0;eor
      164;20150818;   3;   22.0;  13.5;   6.0; 1007.00;   53.29;   4.6;   28.7;   13.4;   11.2;  11.6;   0.0;   0;    3.667;   0;eor
      164;20150819;   3;   20.0;  10.9;   0.8; 1012.70;   51.83;   2.8;   27.9;   13.1;    9.7;   9.6;   0.0;   0;   13.000;   0;eor
      164;20150820;   3;   18.4;   9.9;   1.7; 1018.09;   53.08;   2.4;   26.4;    9.6;    7.1;  10.4;   0.0;   0;   13.233;   0;eor
      164;20150821;   3;   18.8;   9.8;   3.4; 1019.34;   50.29;   2.1;   27.0;    9.8;    7.9;   8.3;   0.0;   0;   13.017;   0;eor
      164;20150822;   3;   19.0;  10.3;   1.1; 1016.06;   53.21;   2.3;   27.8;    9.8;    7.9;   9.8;   0.4;   6;   12.450;   0;eor
      164;20150823;   3;   19.3;  11.9;   4.9; 1009.29;   56.00;   3.7;   26.0;   11.3;   10.1;  14.0;   0.0;   6;    6.900;   0;eor
      164;20150824;   3;   20.3;  15.2;   5.6; 1001.95;   64.58;   3.8;   27.1;   14.4;   12.7;  10.2;   3.4;   6;    5.783;   0;eor
      164;20150825;   3;   18.0;  15.1;   6.5; 1005.74;   73.67;   4.3;   21.5;   13.9;   12.3;  15.8;   0.0;   0;    1.650;   0;eor
      164;20150826;   3;   19.7;  14.0;   5.9; 1009.63;   63.25;   3.6;   25.9;   13.1;   11.7;  10.8;   0.0;   0;   10.550;   0;eor
      164;20150827;   3;   20.1;  14.7;   7.7; 1004.65;   63.96;   3.3;   27.8;   15.3;   13.6;   9.0;   5.5;   6;    4.050;   0;eor
      164;20150828;   3;   15.9;  15.0;   5.6; 1010.01;   83.58;   3.1;   20.4;   11.0;    8.5;   8.6;   0.0;   6;    2.467;   0;eor
      164;20150829;   3;   17.1;  13.3;   1.2; 1016.99;   72.54;   1.7;   24.8;    9.9;    7.6;   6.7;   0.0;   0;   10.383;   0;eor
      164;20150830;   3;   19.4;  16.6;   5.3; 1013.08;   75.46;   1.5;   28.9;   11.0;    9.9;   6.1;   0.9;   6;    8.767;   0;eor
      164;20150831;   3;   24.6;  19.9;   5.3; 1005.34;   68.67;   1.7;   34.4;   15.4;   14.6;   6.4;   0.0;   0;   11.100;   0;eor
      164;20150901;   3;   22.4;  19.4;   3.4; 1000.95;   73.33;   4.2;   28.4;   14.5;   13.7;  12.5;   3.1;   6;   10.133;   0;eor
      164;20150902;   3;   15.5;  12.2;   4.3; 1008.29;   71.29;   4.1;   20.6;    9.3;    7.2;  10.8;   0.0;   0;    8.900;   0;eor
      164;20150903;   3;   14.9;  13.2;   6.0; 1007.73;   78.88;   2.5;   19.1;    8.8;    6.5;   8.4;   0.0;   6;    4.367;   0;eor
      164;20150904;   3;   14.5;  11.6;   3.1; 1005.92;   72.88;   2.8;   20.5;    8.7;    7.1;   9.9;   0.1;   6;    8.933;   0;eor
      164;20150905;   3;   13.3;  11.8;   3.7; 1000.92;   78.00;   5.8;   19.4;   10.1;    8.4;  16.8;   1.8;   6;    4.033;   0;eor
      164;20150906;   3;   13.0;  12.0;   5.8; 1002.64;   80.25;   7.8;   17.7;   10.1;    8.8;  19.0;   3.0;   6;    2.850;   0;eor
      164;20150907;   3;   12.5;   9.9;   3.1; 1012.54;   70.88;   4.9;   19.2;    7.7;    5.2;  11.8;   0.0;   6;    7.900;   0;eor
      164;20150908;   3;   12.5;  10.2;   4.3; 1015.23;   72.71;   4.5;   20.7;    7.0;    3.9;  11.6;   0.0;   0;    5.367;   0;eor
      164;20150909;   3;   12.0;  10.6;   4.9; 1018.68;   77.33;   3.1;   19.0;    5.6;    3.2;   9.6;   0.0;   6;    3.150;   0;eor
      164;20150910;   3;   13.4;  12.1;   6.0; 1019.38;   80.71;   2.7;   20.4;    9.2;    6.4;  11.5;   8.2;   6;    3.767;   0;eor
      164;20150911;   3;   13.5;  13.8;   7.8; 1016.00;   88.79;   3.4;   16.0;   11.0;    9.7;  10.3;   4.8;   6;    0.050;   0;eor
      164;20150912;   3;   16.0;  14.2;   2.6; 1012.01;   80.04;   3.1;   22.0;   10.2;    8.6;   9.5;   0.0;   6;   10.350;   0;eor
      164;20150913;   3;   17.3;  15.3;   5.2; 1007.07;   78.33;   3.9;   22.7;   13.2;   12.4;   8.8;   0.0;   0;    2.067;   0;eor
      164;20150914;   3;   17.7;  15.7;   5.4;  998.82;   78.58;   4.3;   23.1;   14.6;   13.4;   9.5;   0.8;   6;    5.467;   0;eor
      164;20150915;   3;   14.6;  12.9;   4.5; 1001.57;   80.29;   3.9;   20.7;    9.4;    7.4;  13.0;   4.5;   6;    7.400;   0;eor
      164;20150916;   3;   16.5;  14.7;   6.4;  996.74;   78.96;   3.2;   24.0;    8.5;    6.5;  10.7;   0.8;   6;    2.233;   0;eor
      164;20150917;   3;   19.0;  15.9;   5.5;  995.21;   74.25;   4.4;   25.0;   13.7;   12.7;  10.9;   2.0;   6;    4.817;   0;eor
      164;20150918;   3;   15.0;  12.6;   3.2; 1008.33;   74.83;   3.8;   19.6;   11.7;    8.7;   9.5;   0.0;   0;    7.883;   0;eor
      164;20150919;   3;   14.5;  13.4;   3.5; 1012.75;   82.54;   2.9;   21.4;   10.8;    8.3;  10.7;   2.4;   6;    7.650;   0;eor
      164;20150920;   3;   12.3;  12.2;   5.4; 1011.48;   86.17;   4.7;   16.7;   10.1;    9.4;  11.7;   3.4;   6;    5.450;   0;eor
      164;20150921;   3;   12.4;  11.3;   6.8; 1008.04;   80.13;   3.8;   16.9;    9.2;    7.8;   9.4;   0.0;   0;    3.283;   0;eor
      164;20150922;   3;   14.0;  11.7;   7.7;  999.93;   75.79;   3.6;   19.9;    9.4;    7.8;  10.9;   0.1;   6;    1.817;   0;eor
      164;20150923;   3;   13.1;  12.6;   6.3; 1002.27;   83.58;   2.2;   16.6;    9.7;    6.5;   5.9;   0.0;   6;    0.183;   0;eor
      164;20150924;   3;   13.4;  11.9;   2.7; 1011.05;   78.42;   3.1;   19.2;    8.1;    6.0;   8.7;   0.0;   0;    8.983;   0;eor
      164;20150925;   3;   12.7;  11.3;   4.6; 1013.66;   77.96;   2.4;   18.7;    7.5;    5.2;   6.7;   0.0;   0;    5.733;   0;eor
      164;20150926;   3;   11.5;  10.0;   0.8; 1018.65;   76.79;   3.0;   18.1;    6.6;    3.6;   8.2;   0.0;   0;    9.483;   0;eor
      164;20150927;   3;   10.7;   9.9;   1.6; 1024.40;   79.88;   3.1;   18.0;    4.9;    2.9;   9.3;   0.0;   0;    8.850;   0;eor
      164;20150928;   3;   10.9;   9.9;   0.8; 1029.43;   78.75;   2.8;   18.7;    4.1;    1.4;   8.6;   0.0;   0;    9.200;   0;eor
      164;20150929;   3;   10.7;  10.0;   2.5; 1031.97;   80.38;   2.6;   18.1;    4.7;    1.9;   8.4;   0.0;   0;    9.067;   0;eor
      164;20150930;   3;    9.7;   9.7;   2.4; 1030.38;   83.25;   1.6;   17.1;    3.4;    1.4;   6.4;   0.0;   0;    6.233;   0;eor
      164;20151001;   3;    9.1;   8.2;   0.8; 1026.20;   75.79;   1.5;   17.6;    1.2;   -1.0;   6.1;   0.0;   0;   10.067;   0;eor
      164;20151002;   3;    9.5;   8.9;   3.7; 1019.81;   78.17;   1.8;   17.5;    2.9;   -0.7;   6.9;   0.0;   0;   10.367;   0;eor
      164;20151003;   3;   10.9;   9.6;   2.7; 1010.77;   77.04;   1.7;   20.8;    0.3;   -1.4;   8.0;   0.0;   6;   10.017;   0;eor
      164;20151004;   3;   14.2;  11.9;   4.8; 1007.80;   75.50;   2.6;   20.4;    9.1;    8.9;   8.2;   0.0;   0;    7.117;   0;eor
      164;20151005;   3;   11.6;  11.9;   2.4; 1009.95;   87.92;   1.7;   17.7;    6.1;    4.7;   5.1;   0.0;   0;    5.033;   0;eor
      164;20151006;   3;   12.9;  12.2;   6.2; 1005.72;   82.58;   4.4;   17.0;    8.2;    6.0;  11.0;   0.1;   6;    1.117;   0;eor
      164;20151007;   3;   12.3;  10.4;   8.0; 1008.37;   72.21;   5.2;   14.0;    9.0;    6.5;  11.2;   1.0;   6;    0.000;   0;eor
      164;20151008;   3;    8.3;   8.6;   8.0; 1013.20;   78.29;   2.5;   10.2;    6.1;    5.4;   7.6;   1.5;   6;    0.000;   0;eor
      164;20151009;   3;    8.0;   6.4;   7.0; 1017.15;   60.92;   3.3;   13.1;    3.9;    2.2;   8.2;   0.0;   0;    3.617;   0;eor
      164;20151010;   3;    5.1;   4.9;   2.7; 1018.73;   57.42;   3.8;   10.9;   -0.8;   -4.0;  10.1;   0.0;   0;    7.967;   0;eor
      164;20151011;   3;    3.6;   5.0;   0.0; 1018.19;   66.13;   3.9;   10.5;   -2.3;   -5.5;  14.0;   0.0;   0;    9.933;   0;eor
      164;20151012;   3;    3.7;   5.1;   2.4; 1017.55;   67.42;   3.8;    9.8;   -3.2;   -6.7;  11.4;   0.0;   0;    9.317;   0;eor
      164;20151013;   3;    4.0;   7.1;   8.0; 1014.61;   86.79;   3.0;    4.9;    3.4;    3.4;   7.5;   0.1;   6;    0.000;   0;eor
      164;20151014;   3;    5.6;   8.4;   8.0; 1014.08;   91.96;   3.9;    6.8;    3.9;    3.6;   8.6;  13.2;   6;    0.000;   0;eor
      164;20151015;   3;    6.1;   9.0;   8.0; 1011.80;   95.33;   4.5;    6.7;    4.9;    4.6;   9.2;  13.2;   6;    0.000;   0;eor
      164;20151016;   3;    8.1;  10.6;   8.0; 1009.77;   97.88;   1.9;    9.5;    6.6;    6.5;   4.7;  13.1;   6;    0.000;   0;eor
      164;20151017;   3;    8.7;  10.8;   8.0; 1011.04;   95.63;   2.1;   10.2;    7.6;    7.6;   5.7;   0.1;   6;    0.000;   0;eor
      164;20151018;   3;    8.0;   9.9;   8.0; 1011.59;   91.71;   2.1;    9.4;    7.3;    7.2;   5.8;   4.4;   6;    0.000;   0;eor
      164;20151019;   3;    8.8;  11.2;   8.0; 1012.79;   98.88;   1.6;    9.8;    7.6;    7.5;   4.5;   1.4;   6;    0.000;   0;eor
      164;20151020;   3;    9.2;  11.3;   8.0; 1012.74;   96.71;   2.6;   11.6;    8.2;    7.9;   6.4;   0.8;   6;    0.067;   0;eor
      164;20151021;   3;    8.9;  10.4;   7.6; 1011.23;   90.92;   3.0;   11.3;    7.1;    5.7;   6.8;   0.0;   6;    0.017;   0;eor
      164;20151022;   3;    9.1;  10.9;   8.0; 1006.46;   93.33;   3.6;   11.3;    7.2;    6.2;   9.1;   0.1;   6;    0.000;   0;eor
      164;20151023;   3;   10.3;  10.7;   3.5; 1012.93;   85.42;   5.0;   14.3;    6.2;    3.7;  12.6;   0.0;   0;    4.667;   0;eor
      164;20151024;   3;    8.5;  10.0;   5.1; 1013.43;   90.29;   2.4;   12.9;    4.2;    1.4;   7.9;   0.0;   0;    7.783;   0;eor
      164;20151025;   3;    8.3;  10.1;   5.1; 1014.72;   92.29;   2.8;   13.1;    4.1;    1.8;   8.3;   0.0;   0;    1.233;   0;eor
      164;20151026;   3;    5.9;   8.2;   5.0; 1019.61;   89.33;   1.4;   12.4;    0.3;   -1.8;   4.8;   0.0;   0;    8.600;   0;eor
      164;20151027;   3;    5.7;   8.3;   2.4; 1015.85;   89.46;   2.6;   13.2;   -1.8;   -3.4;   8.1;   0.0;   0;    8.433;   0;eor
      164;20151028;   3;    6.1;   7.9;   2.9; 1010.63;   84.88;   3.3;   11.5;    2.4;    0.0;   8.1;   0.0;   0;    7.617;   0;eor
      164;20151029;   3;    4.5;   7.8;   4.3; 1012.43;   92.38;   1.5;    9.0;   -0.5;   -2.2;   3.7;   0.0;   0;    4.267;   0;eor
      164;20151030;   3;    6.3;   9.2;   7.8; 1023.23;   96.46;   1.4;    8.5;    3.9;    3.9;   3.8;   0.0;   6;    0.000;   0;eor
      164;20151031;   3;    9.4;  10.0;   4.4; 1025.91;   84.96;   3.2;   14.0;    5.6;    3.7;   7.3;   0.0;   0;    6.350;   0;eor
      164;20151101;   3;    7.8;   8.9;   6.1; 1024.16;   85.29;   2.5;   14.6;    2.8;    0.0;   7.7;   0.0;   0;    6.250;   0;eor
      164;20151102;   3;    5.0;   8.2;   5.7; 1022.29;   94.29;   1.4;   11.2;    0.4;   -1.6;   4.2;   0.0;   0;    7.883;   0;eor
      164;20151103;   3;    2.4;   6.7;   3.0; 1016.09;   92.17;   1.3;    9.2;   -2.5;   -4.1;   4.5;   0.0;   0;    6.367;   0;eor
      164;20151104;   3;    0.5;   6.4;   7.0; 1014.30;   99.92;   1.3;    3.2;   -3.1;   -4.1;   4.4;   0.0;   0;    0.000;   0;eor
      164;20151105;   3;    5.0;   8.4;   5.5; 1015.42;   96.17;   1.8;    9.0;    1.6;    1.4;   5.1;   0.3;   6;    0.500;   0;eor
      164;20151106;   3;    7.7;  10.5;   7.8; 1014.24;   97.58;   2.6;   13.0;    3.7;    3.1;   5.5;   4.0;   6;    0.000;   0;eor
      164;20151107;   3;   14.3;  15.4;   7.4; 1013.06;   94.38;   3.6;   17.6;   10.9;    9.6;  11.8;   2.8;   6;    1.133;   0;eor
      164;20151108;   3;   12.1;  11.2;   4.7; 1016.41;   79.33;   5.8;   16.9;    6.5;    4.1;  16.8;   1.4;   6;    7.550;   0;eor
      164;20151109;   3;   12.5;  11.5;   7.5; 1009.22;   79.67;   6.1;   16.1;    8.0;    7.1;  16.0;   0.2;   6;    2.183;   0;eor
      164;20151110;   3;   13.1;  13.9;   8.0; 1007.68;   91.92;   8.1;   14.1;   11.1;   10.5;  17.0;   0.2;   6;    0.000;   0;eor
      164;20151111;   3;   13.7;  13.9;   8.0; 1011.81;   88.08;   6.0;   14.7;   12.1;   11.5;  13.1;   0.0;   6;    0.000;   0;eor
      164;20151112;   3;   11.2;  10.7;   4.8; 1015.32;   80.71;   4.9;   14.4;    6.7;    4.1;  12.0;   0.0;   6;    2.200;   0;eor
      164;20151113;   3;   10.2;  10.6;   7.3; 1012.10;   85.25;   4.0;   13.7;    6.2;    3.8;  19.9;   1.6;   6;    0.150;   0;eor
      164;20151114;   3;    7.1;   7.8;   5.1; 1010.22;   77.42;   7.6;    8.6;    5.6;    4.5;  17.1;   1.9;   6;    0.617;   0;eor
      164;20151115;   3;    7.3;  10.0;   8.0;  999.00;   97.21;   3.1;    8.9;    5.9;    5.4;  10.2;  17.5;   6;    0.000;   0;eor
      164;20151116;   3;    9.6;  11.2;   7.8; 1003.80;   93.50;   3.7;   11.9;    6.8;    6.5;  10.5;   1.3;   6;    0.000;   0;eor
      164;20151117;   3;   11.2;  12.5;   7.7;  999.05;   94.33;   4.4;   12.5;    9.7;    8.9;  11.8;   5.5;   6;    0.000;   0;eor
      164;20151118;   3;   11.2;  10.9;   6.6;  996.85;   81.71;   7.9;   13.5;    9.5;    8.3;  23.7;   1.1;   6;    0.800;   0;eor
      164;20151119;   3;   10.8;   9.2;   6.0;  997.08;   71.33;   8.4;   13.0;    8.9;    7.6;  21.8;   0.1;   6;    2.850;   0;eor
      164;20151120;   3;    7.6;   8.6;   7.5;  992.92;   82.67;   5.5;    9.2;    5.6;    5.3;  12.6;   0.5;   6;    0.983;   0;eor
      164;20151121;   3;    4.8;   7.5;   7.5;  987.48;   87.63;   3.2;    6.3;    2.8;    1.2;   8.6;   1.6;   6;    0.200;   0;eor
      164;20151122;   3;    1.3;   6.0;   6.5;  993.75;   89.63;   3.5;    3.7;   -3.2;   -4.9;   9.8;   0.0;   7;    0.133;   0;eor
      164;20151123;   3;   -0.7;   5.6;   5.8; 1010.67;   96.75;   2.2;    1.5;   -3.2;   -5.0;   5.8;   1.9;   7;    0.050;   0;eor
      164;20151124;   3;    0.6;   5.4;   6.3; 1011.43;   85.71;   4.6;    2.6;   -2.4;   -4.1;  10.4;   0.0;   7;    0.450;   0;eor
      164;20151125;   3;    2.2;   6.2;   7.8;  998.99;   86.63;   3.4;    3.9;    0.9;    0.0;   8.0;   0.4;   8;    0.000;   0;eor
      164;20151126;   3;    4.3;   7.8;   7.6; 1006.29;   93.42;   2.5;    6.0;    1.9;   -0.7;   5.9;   0.1;   6;    0.017;   0;eor
      164;20151127;   3;    1.5;   6.7;   5.8; 1010.88;   98.25;   3.2;    4.1;   -0.9;   -2.0;   7.2;   0.0;   6;    0.000;   0;eor
      164;20151128;   3;    0.8;   6.1;   3.5; 1001.36;   94.00;   5.0;    3.6;   -1.5;   -2.8;  11.6;   4.4;   8;    1.467;   0;eor
      164;20151129;   3;    5.0;   8.0;   7.7;  998.03;   90.33;   6.4;    9.2;    1.2;    0.3;  25.8;   5.7;   6;    0.000;   0;eor
      164;20151130;   3;    4.9;   7.1;   6.3;  999.89;   82.33;   7.3;    7.2;    2.0;    1.8;  26.3;   3.6;   6;    3.017;   0;eor
      164;20151201;   3;    4.5;   7.5;   5.7; 1009.23;   89.13;   5.8;    6.8;    2.1;    1.0;  14.0;   0.7;   6;    2.650;   0;eor
      164;20151202;   3;    8.3;   9.9;   8.0; 1016.41;   89.88;   4.6;   10.5;    4.1;    4.0;  11.8;   0.1;   6;    0.000;   0;eor
      164;20151203;   3;    8.3;   8.4;   6.8; 1020.50;   76.88;   3.7;   11.2;    4.1;    2.8;   8.6;   0.0;   0;    4.217;   0;eor
      164;20151204;   3;    6.6;   8.1;   6.4; 1015.99;   82.17;   5.5;    9.4;    3.6;    2.6;  13.0;   0.3;   6;    0.000;   0;eor
      164;20151205;   3;    7.2;   7.3;   6.8; 1016.56;   71.88;   6.3;    8.3;    5.3;    4.4;  12.8;   0.0;   0;    1.233;   0;eor
      164;20151206;   3;    8.6;   7.7;   5.1; 1012.51;   68.50;   7.2;   11.0;    6.1;    4.6;  18.2;   0.1;   6;    2.983;   0;eor
      164;20151207;   3;    9.1;  11.0;   8.0; 1023.98;   95.63;   2.9;   10.8;    7.8;    7.3;  10.9;   0.3;   6;    0.000;   0;eor
      164;20151208;   3;    7.8;  10.4;   5.7; 1024.89;   98.50;   3.0;    9.3;    4.8;    3.4;   7.3;   0.0;   0;    0.000;   0;eor
      164;20151209;   3;    5.8;   8.7;   4.5; 1023.71;   94.00;   3.9;    8.6;    2.7;    0.4;   7.7;   0.9;   6;    0.000;   0;eor
      164;20151210;   3;    3.1;   6.6;   4.9; 1024.43;   86.46;   4.3;    6.0;    1.4;   -0.1;   9.5;   0.0;   0;    5.233;   0;eor
      164;20151211;   3;    3.7;   7.1;   7.9; 1012.21;   89.04;   5.3;    6.1;    1.7;    0.8;  14.0;   9.0;   6;    0.000;   0;eor
      164;20151212;   3;    4.8;   7.6;   6.8; 1010.03;   87.58;   5.9;    6.0;    3.8;    2.7;  14.0;   9.4;   6;    0.150;   0;eor
      164;20151213;   3;    4.7;   7.9;   5.3; 1006.79;   91.67;   6.5;    9.4;    0.8;   -1.8;  21.9;   1.1;   6;    0.733;   0;eor
      164;20151214;   3;   -0.3;   6.0;   5.6; 1017.91;   99.92;   2.6;    1.5;   -2.7;   -2.8;   7.5;   0.0;   6;    0.000;   0;eor
      164;20151215;   3;    2.8;   7.4;   8.0; 1017.54;   99.54;   1.9;    4.1;    1.5;    1.4;   7.3;   0.1;   6;    0.000;   0;eor
      164;20151216;   3;    3.6;   7.8;   7.0; 1020.41;   98.75;   3.2;    5.2;    2.7;    2.0;   9.2;   1.2;   6;    0.217;   0;eor
      164;20151217;   3;    9.7;  11.8;   8.0; 1013.08;   97.04;   3.5;   11.8;    4.6;    4.4;  10.3;   0.6;   6;    0.000;   0;eor
      164;20151218;   3;   11.2;  11.9;   6.5; 1012.09;   89.50;   4.6;   12.1;    8.5;    6.5;  11.1;   0.3;   6;    0.200;   0;eor
      164;20151219;   3;    9.4;  10.2;   6.3; 1014.09;   86.75;   3.4;   11.9;    8.0;    5.6;   7.7;   0.0;   0;    1.600;   0;eor
      164;20151220;   3;    8.6;   9.9;   5.8; 1011.73;   88.92;   3.8;   11.1;    4.5;    2.8;   9.2;   0.4;   6;    0.767;   0;eor
      164;20151221;   3;    9.4;  10.4;   7.1; 1010.36;   88.04;   4.7;   10.3;    8.4;    7.2;  17.9;   4.1;   6;    0.683;   0;eor
      164;20151222;   3;   10.4;  10.2;   6.4; 1010.96;   80.25;   6.4;   13.4;    7.6;    5.8;  18.7;   0.1;   6;    0.000;   0;eor
      164;20151223;   3;   11.1;   9.6;   5.0; 1013.05;   72.04;   6.2;   13.1;    6.9;    4.1;  15.9;   0.0;   0;    1.933;   0;eor
      164;20151224;   3;    6.0;   8.4;   4.0; 1017.09;   89.42;   4.0;   10.2;    1.5;   -0.3;  10.9;   0.0;   6;    6.050;   0;eor
      164;20151225;   3;    8.4;   8.7;   5.9; 1016.80;   78.71;   5.0;   10.6;    6.7;    4.9;  13.3;   0.3;   6;    3.850;   0;eor
      164;20151226;   3;   12.7;  11.5;   7.7; 1012.75;   77.96;   7.0;   14.5;    7.1;    6.5;  16.1;   0.0;   6;    0.033;   0;eor
      164;20151227;   3;   10.7;  10.2;   7.7; 1015.93;   79.58;   5.1;   12.4;    8.4;    7.2;  14.4;   0.2;   6;    2.067;   0;eor
      164;20151228;   3;    6.0;   7.9;   6.5; 1024.28;   83.17;   3.8;   10.2;    3.7;    1.4;   8.4;   0.0;   0;    0.000;   0;eor
      164;20151229;   3;    2.9;   6.3;   7.6; 1027.06;   83.75;   5.5;    4.5;   -0.2;   -1.2;  10.8;   0.0;   0;    2.183;   0;eor
      164;20151230;   3;   -0.9;   4.1;   2.7; 1027.61;   72.21;   5.8;    1.8;   -3.5;   -4.8;  13.6;   0.0;   0;    6.183;   0;eor
      164;20151231;   3;   -1.6;   3.6;   5.3; 1018.66;   66.42;   4.9;    1.0;   -4.3;   -5.5;  11.9;   0.8;   6;    5.800;   0;eor
      164;20160101;   3;    0.8;   6.4;   8.0; 1018.62;   98.88;   1.6;    1.9;   -0.2;   -0.5;   5.4;   0.1;   6;    0.000;   0;eor
      164;20160102;   3;   -5.8;   3.5;   5.0; 1018.73;   82.46;   6.3;    0.3;  -10.2;  -10.9;  12.8;   0.0;   7;    3.100;   0;eor
      164;20160103;   3;  -10.7;   2.1;   3.5; 1012.17;   75.67;   6.5;   -8.9;  -11.8;  -12.1;  11.8;   0.0;   7;    4.817;   0;eor
      164;20160104;   3;  -10.7;   2.0;   5.3;  994.77;   74.67;   5.2;   -8.6;  -12.9;  -13.4;  10.1;   0.0;   0;    0.050;   0;eor
      164;20160105;   3;  -10.1;   2.2;   7.1;  995.44;   76.63;   4.2;   -8.1;  -12.5;  -12.8;   7.9;   0.0;   7;    0.000;   0;eor
      164;20160106;   3;   -9.9;   2.5;   5.1;  998.94;   85.46;   2.7;   -7.3;  -11.9;  -13.7;   5.8;   0.0;   0;    0.100;   0;eor
      164;20160107;   3;   -6.3;   3.4;   7.5;  997.32;   87.29;   3.6;   -3.1;  -10.3;   -9.8;  10.4;   2.8;   7;    0.117;   0;eor
      164;20160108;   3;    1.4;   5.9;   7.5;  991.25;   86.92;   6.4;    4.5;   -3.2;   -3.2;  19.9;   2.2;   8;    0.017;   4;eor
      164;20160109;   3;    0.9;   5.8;   2.8;  998.43;   88.54;   3.1;    4.3;   -1.9;   -3.7;   7.7;   0.0;   0;    5.983;   0;eor
      164;20160110;   1;   -0.7;   5.7;   6.0;  991.43;   97.50;   3.3;    1.3;   -3.2;   -4.8;  10.6;   2.9;   6;    0.000;   0;eor
      164;20160111;   1;    0.5;   6.4;   7.7;  986.03;  100.00;   1.9;    2.1;   -0.5;   -2.4;   5.1;   0.0;   8;    0.000;   0;eor
      164;20160112;   1;    1.3;   6.7;   7.9;  986.04;   99.46;   1.9;    3.5;   -0.1;   -0.1;   7.6;   3.4;   8;    0.000;   0;eor
      164;20160113;   1;    1.4;   6.4;   7.6;  996.54;   94.67;   3.7;    3.5;   -1.1;   -1.6;  11.1;   2.2;   8;    0.000;   0;eor
      164;20160114;   1;    0.8;   6.1;   6.9; 1002.61;   94.88;   3.0;    3.6;   -1.7;   -3.1;   9.0;   0.0;   7;    2.350;   1;eor
      164;20160115;   1;   -1.4;   5.4;   7.4; 1002.05;   98.38;   2.2;   -0.4;   -2.7;   -3.9;   6.2;   0.0;   7;    0.000;   0;eor
      164;20160116;   1;   -1.4;   5.2;   7.2; 1011.08;   94.92;   1.9;   -0.3;   -3.1;   -5.3;   4.8;   0.5;   7;    0.183;   0;eor
      164;20160117;   1;   -2.4;   4.9;   7.1; 1014.42;   95.21;   2.0;   -0.8;   -5.7;   -7.1;   6.6;   0.0;   7;    0.150;   1;eor
      164;20160118;   1;   -4.7;   3.7;   3.5; 1014.82;   86.54;   2.6;   -2.0;   -7.5;   -9.9;   6.0;   0.0;   0;    6.317;   1;eor
      164;20160119;   1;   -5.5;   3.4;   4.9; 1008.41;   82.63;   4.0;   -3.1;   -8.8;  -11.3;   9.9;   0.0;   7;    5.500;   1;eor
      164;20160120;   1;   -2.1;   4.3;   7.6; 1006.86;   82.00;   3.7;    0.0;   -3.8;   -3.8;   8.2;   0.0;   7;    1.533;   1;eor
      164;20160121;   1;   -3.1;   4.0;   5.2; 1019.63;   82.42;   3.4;   -0.4;   -8.0;  -10.7;   8.1;   0.0;   0;    0.833;   1;eor
      164;20160122;   1;   -6.5;   3.2;   0.0; 1024.81;   84.00;   2.9;   -2.8;   -9.5;  -12.2;   7.7;   0.0;   0;    7.200;   1;eor
      164;20160123;   1;   -3.2;   4.6;   7.6; 1019.63;   90.88;   3.1;    2.6;   -7.5;   -8.6;   7.6;   1.4;   8;    0.000;   1;eor
      164;20160124;   1;    3.0;   7.6;   7.8; 1022.40;   99.67;   3.2;    4.1;    1.8;    0.8;   7.8;   5.4;   6;    0.000;   0;eor
      164;20160125;   1;    6.5;   9.7;   7.8; 1016.05;   99.96;   3.6;    8.6;    2.5;    2.0;   8.9;   0.0;   6;    0.000;   0;eor
      164;20160126;   1;    8.1;   9.4;   7.3; 1012.43;   86.88;   4.7;   10.1;    5.7;    4.1;  12.9;   0.8;   6;    2.633;   0;eor
      164;20160127;   1;    9.5;   9.4;   7.7; 1005.52;   79.33;   5.6;   11.4;    7.6;    6.2;  12.5;   0.2;   6;    0.100;   0;eor
      164;20160128;   1;    7.2;   7.4;   4.0; 1009.78;   71.33;   6.7;   10.9;    2.8;    0.9;  18.8;   0.9;   6;    4.033;   0;eor
      164;20160129;   1;    5.3;   6.6;   7.1; 1012.42;   73.25;   5.4;    9.0;    1.2;    0.3;  14.3;   0.0;   6;    0.000;   0;eor
      164;20160130;   1;    7.3;   8.4;   7.8; 1000.32;   82.88;   7.1;    9.0;    3.0;    1.7;  15.2;   5.1;   6;    0.000;   0;eor
      164;20160131;   1;    3.9;   6.0;   6.4;  997.83;   75.08;   7.2;    5.3;    2.2;    0.9;  18.9;   0.0;   6;    1.600;   0;eor
      164;20160201;   1;    6.4;   8.7;   7.7; 1002.37;   88.88;   5.2;   10.5;    3.5;    2.1;  17.1;   2.5;   6;    0.000;   0;eor
      164;20160202;   1;    8.8;   7.9;   7.0;  999.33;   69.17;   9.0;   10.8;    5.7;    4.2;  20.5;   0.0;   6;    3.050;   0;eor
      164;20160203;   1;    5.3;   5.9;   5.4; 1002.15;   66.33;   8.6;    6.7;    3.3;    2.0;  19.4;   0.0;   6;    2.000;   0;eor
      164;20160204;   1;    2.5;   6.4;   6.4; 1008.74;   87.71;   5.5;    3.7;    0.7;   -0.9;  12.5;   0.8;   8;    0.017;   0;eor
      164;20160205;   1;    2.6;   6.8;   6.0; 1014.58;   92.04;   3.7;    5.9;   -0.7;   -2.4;   9.3;   0.3;   6;    0.750;   0;eor
      164;20160206;   1;    7.1;   8.7;   6.8; 1007.35;   86.58;   4.2;    9.8;    5.5;    3.6;  10.0;   0.0;   0;    1.600;   0;eor
      164;20160207;   1;    6.6;   7.6;   4.6;  997.40;   78.08;   4.4;   11.2;    3.1;    1.3;   9.7;   0.6;   6;    5.633;   0;eor
      164;20160208;   1;    7.1;   7.7;   6.3;  990.02;   76.71;   6.4;    9.7;    4.9;    3.3;  16.7;   3.0;   6;    0.500;   0;eor
