STATIONS_ID; MESS_DATUM; QUALITAETS_NIVEAU; LUFTTEMPERATUR;DAMPFDRUCK;BEDECKUNGSGRAD;LUFTDRUCK_STATIONSHOEHE;REL_FEUCHTE; WINDGESCHWINDIGKEIT; LUFTTEMPERATUR_MAXIMUM;LUFTTEMPERATUR_MINIMUM;LUFTTEMP_AM_ERDB_MINIMUM; WINDSPITZE_MAXIMUM; NIEDERSCHLAGSHOEHE;NIEDERSCHLAGSHOEHE_IND;SONNENSCHEINDAUER; SCHNEEHOEHE;eor
      154;20140808;   3;   18.8;  16.4;  -999;    -999;   77.83;-999;   26.2;   10.3;    9.7;-999;   0.0;   4;   13.467;   0;eor
      154;20140809;   3;   18.4;  17.7;  -999;    -999;   84.88;-999;   26.2;   12.4;   11.6;-999;   0.9;   4;    4.417;   0;eor
      154;20140810;   3;   21.1;  18.5;  -999;    -999;   76.00;-999;   28.3;   12.8;   11.5;-999;   1.0;   4;   11.417;   0;eor
      154;20140811;   3;   17.5;  18.8;  -999;    -999;   93.92;-999;   20.7;   14.6;   14.3;-999;  15.4;   4;    0.000;   0;eor
      154;20140812;   3;   15.5;  14.3;  -999;    -999;   82.46;-999;   19.9;   12.7;   12.5;-999;   0.4;   4;    2.617;   0;eor
      154;20140813;   3;   14.4;  15.5;  -999;    -999;   94.25;-999;   18.2;   12.4;   11.5;-999;  14.5;   4;    0.117;   0;eor
      154;20140814;   3;   13.9;  13.0;  -999;    -999;   82.46;-999;   18.9;    8.9;    7.8;-999;   0.0;   0;    2.350;   0;eor
      154;20140815;   3;   12.7;  12.5;  -999;    -999;   85.92;-999;   18.2;    8.1;    7.3;-999;   0.9;   4;    4.850;   0;eor
      154;20140816;   3;   12.3;  12.9;  -999;    -999;   90.33;-999;   16.2;   10.7;   10.0;-999;   9.1;   4;    1.950;   0;eor
      154;20140817;   3;   14.5;  11.9;  -999;    -999;   75.79;-999;   22.8;    6.9;    6.2;-999;   0.0;   0;   13.167;   0;eor
      154;20140818;   3;   16.1;  13.9;  -999;    -999;   77.54;-999;   22.0;    8.5;    7.5;-999;   1.1;   4;    4.583;   0;eor
      154;20140819;   3;   15.2;  15.2;  -999;    -999;   88.83;-999;   20.6;   12.2;   11.1;-999;   2.8;   4;    2.467;   0;eor
      154;20140820;   3;   13.7;  13.9;  -999;    -999;   88.83;-999;   15.7;   11.6;   11.4;-999;   1.0;   4;    0.033;   0;eor
      154;20140821;   3;   13.6;  12.5;  -999;    -999;   82.88;-999;   19.6;    9.2;    8.5;-999;   0.2;   4;    7.033;   0;eor
      154;20140822;   3;   14.6;  13.3;  -999;    -999;   82.17;-999;   20.8;   10.3;    9.4;-999;   0.2;   4;    5.400;   0;eor
      154;20140823;   3;   14.1;  13.9;  -999;    -999;   86.79;-999;   18.4;   10.8;   10.1;-999;   4.0;   4;    0.933;   0;eor
      154;20140824;   3;   11.6;  11.2;  -999;    -999;   84.00;-999;   17.5;    6.0;    5.1;-999;   1.9;   4;    6.567;   0;eor
      154;20140825;   3;   12.4;  11.0;  -999;    -999;   79.04;-999;   19.5;    4.1;    3.3;-999;   3.2;   4;    7.467;   0;eor
      154;20140826;   3;   15.7;  15.5;  -999;    -999;   87.08;-999;   20.9;   11.5;   11.1;-999;   1.6;   4;    1.983;   0;eor
      154;20140827;   3;   13.6;  14.2;  -999;    -999;   90.83;-999;   16.5;    7.9;    7.0;-999;   0.8;   4;    0.283;   0;eor
      154;20140828;   3;   14.2;  13.7;  -999;    -999;   86.04;-999;   22.5;    7.1;    5.9;-999;   0.0;   0;    9.267;   0;eor
      154;20140829;   3;   16.8;  16.4;  -999;    -999;   85.96;-999;   23.4;    9.5;    8.5;-999;  26.8;   4;    4.283;   0;eor
      154;20140830;   3;   16.7;  17.6;  -999;    -999;   92.75;-999;   21.3;   11.1;   10.4;-999;   0.6;   4;    1.400;   0;eor
      154;20140831;   3;   12.5;  14.2;  -999;    -999;   97.50;-999;   16.5;   10.1;    9.7;-999;  21.5;   4;    0.000;   0;eor
      154;20140901;   3;   11.8;  12.9;  -999;    -999;   93.00;-999;   15.3;   10.3;   10.3;-999;   0.2;   4;    0.150;   0;eor
      154;20140902;   3;   12.0;  13.5;  -999;    -999;   96.21;-999;   14.4;   10.3;   10.0;-999;   7.4;   4;    0.000;   0;eor
      154;20140903;   3;   13.5;  14.5;  -999;    -999;   93.58;-999;   17.0;   11.2;   11.3;-999;   0.0;   0;    0.617;   0;eor
      154;20140904;   3;   16.4;  16.5;  -999;    -999;   89.13;-999;   22.1;   11.8;   11.2;-999;   0.0;   0;    5.383;   0;eor
      154;20140905;   3;   16.7;  17.1;  -999;    -999;   90.63;-999;   22.6;   11.2;   10.5;-999;   0.0;   0;    5.100;   0;eor
      154;20140906;   3;   16.8;  16.3;  -999;    -999;   86.75;-999;   23.9;   10.8;   10.1;-999;   0.0;   0;    8.767;   0;eor
      154;20140907;   3;   16.5;  16.1;  -999;    -999;   86.88;-999;   24.8;   10.1;    9.3;-999;   0.0;   0;    7.633;   0;eor
      154;20140908;   3;   17.3;  16.0;  -999;    -999;   83.38;-999;   26.2;   10.4;    9.3;-999;   0.6;   4;   10.700;   0;eor
      154;20140909;   3;   15.8;  17.0;  -999;    -999;   94.42;-999;   21.3;   11.7;   10.9;-999;  -999;-999;    3.050;   0;eor
      154;20140910;   3;   15.3;  15.4;  -999;    -999;   89.83;-999;   19.7;   12.7;   12.3;-999;   0.0;   0;    2.083;-999;eor
      154;20140911;   3;   12.1;  13.4;  -999;    -999;   95.42;-999;   16.5;    8.9;    7.7;-999;   9.2;   4;    0.600;   0;eor
      154;20140912;   3;   10.7;  12.4;  -999;    -999;   96.25;-999;   12.2;    9.1;    8.6;-999;   4.1;   4;    0.000;   0;eor
      154;20140913;   3;   11.9;  13.7;  -999;    -999;   97.79;-999;   13.8;   10.3;   10.3;-999;  39.1;   4;    0.000;   0;eor
      154;20140914;   3;   13.3;  15.3;  -999;    -999;   99.67;-999;   15.0;   11.2;   10.3;-999;   3.8;   4;    0.000;   0;eor
      154;20140915;   3;   14.0;  15.0;  -999;    -999;   93.83;-999;   19.3;   10.0;    8.8;-999;   0.0;   0;    2.150;   0;eor
      154;20140916;   3;   15.0;  15.4;  -999;    -999;   90.92;-999;   20.9;   10.3;    8.3;-999;   0.0;   0;    6.767;   0;eor
      154;20140917;   3;   15.1;  15.0;  -999;    -999;   88.50;-999;   23.0;    9.7;    8.1;-999;   0.0;   0;    7.683;   0;eor
      154;20140918;   3;   16.5;  15.0;  -999;    -999;   82.25;-999;   24.4;    9.2;    8.1;-999;   0.4;   4;    9.883;   0;eor
      154;20140919;   3;   17.5;  16.4;  -999;    -999;   84.13;-999;   24.9;   10.6;    9.6;-999;   3.1;   4;    8.833;   0;eor
      154;20140920;   3;   16.2;  16.6;  -999;    -999;   90.33;-999;   21.6;   11.9;   11.2;-999;   0.2;   4;    4.300;   0;eor
      154;20140921;   3;   15.0;  15.6;  -999;    -999;   92.08;-999;   21.6;   11.4;   10.3;-999;   9.1;   4;    1.817;   0;eor
      154;20140922;   3;   10.8;  10.9;  -999;    -999;   84.08;-999;   13.3;    6.7;    5.7;-999;   1.0;   4;    1.117;   0;eor
      154;20140923;   3;    8.8;   8.9;  -999;    -999;   80.13;-999;   15.0;    4.2;    2.3;-999;   0.0;   0;    6.467;   0;eor
      154;20140924;   3;    9.0;  -999;  -999;    -999;    -999;-999;   19.4;    1.3;    0.3;-999;   6.6;   4;    8.617;   0;eor
      154;20140925;   3;   10.3;  12.1;  -999;    -999;   96.58;-999;   12.9;    6.8;    6.0;-999;   4.8;   4;    0.200;   0;eor
      154;20140926;   3;   11.7;  12.1;  -999;    -999;   88.17;-999;   15.7;    6.5;    5.6;-999;   0.0;   0;    0.083;   0;eor
      154;20140927;   3;   13.4;  13.5;  -999;    -999;   88.38;-999;   18.5;    8.8;    6.9;-999;   0.1;   4;    7.600;   0;eor
      154;20140928;   3;   12.0;  13.1;  -999;    -999;   93.83;-999;   19.7;    6.9;    5.6;-999;   0.0;   4;    6.067;   0;eor
      154;20140929;   3;   13.4;  14.1;  -999;    -999;   91.67;-999;   21.5;    7.9;    7.4;-999;   0.0;   0;    8.517;   0;eor
      154;20140930;   3;   14.8;  15.2;  -999;    -999;   90.54;-999;   20.5;    8.7;    7.5;-999;   7.4;   4;    2.250;   0;eor
      154;20141001;   3;   14.6;  16.2;  -999;    -999;   97.42;-999;   17.9;   12.6;   11.9;-999;   5.1;   4;    0.233;   0;eor
      154;20141002;   3;   13.7;  14.7;  -999;    -999;   93.67;-999;   18.3;    8.1;    6.8;-999;   0.0;   4;    6.000;   0;eor
      154;20141003;   3;   11.2;  12.0;  -999;    -999;   91.33;-999;   17.8;    7.0;    5.7;-999;   0.0;   4;    5.600;   0;eor
      154;20141004;   3;    9.7;  11.6;  -999;    -999;   96.21;-999;   13.4;    6.5;    4.8;-999;   0.0;   0;    0.000;   0;eor
      154;20141005;   3;   10.8;  12.1;  -999;    -999;   93.63;-999;   15.3;    6.1;    4.9;-999;   0.0;   4;    0.483;   0;eor
      154;20141006;   3;   10.4;  12.3;  -999;    -999;   96.96;-999;   14.0;    6.5;    5.6;-999;   0.0;   0;    1.300;   0;eor
      154;20141007;   3;   12.9;  11.6;  -999;    -999;   80.96;-999;   21.4;    5.4;    4.4;-999;   0.0;   0;    7.267;   0;eor
      154;20141008;   3;   14.1;  13.9;  -999;    -999;   86.71;-999;   19.1;    8.8;    7.4;-999;   0.0;   0;    1.583;   0;eor
      154;20141009;   3;   15.8;  12.5;  -999;    -999;   73.58;-999;   24.5;    7.5;    5.9;-999;   0.0;   0;   10.217;   0;eor
      154;20141010;   3;   15.3;  14.8;  -999;    -999;   85.42;-999;   21.3;    9.3;    7.3;-999;   0.0;   0;    6.650;   0;eor
      154;20141011;   3;   14.5;  15.1;  -999;    -999;   92.08;-999;   20.1;    9.9;    7.6;-999;   0.1;   4;    2.967;   0;eor
      154;20141012;   3;   13.4;  14.6;  -999;    -999;   94.54;-999;   17.3;    9.9;    7.6;-999;   0.0;   0;    7.100;   0;eor
      154;20141013;   3;   13.7;  14.4;  -999;    -999;   91.75;-999;   19.2;    8.7;    6.7;-999;   8.4;   4;    1.467;   0;eor
      154;20141014;   3;   13.6;  13.3;  -999;    -999;   87.08;-999;   18.9;    8.9;    7.4;-999;   0.6;   4;    6.450;   0;eor
      154;20141015;   3;   13.3;  13.3;  -999;    -999;   88.54;-999;   18.6;    9.0;    8.2;-999;   0.5;   4;    4.400;   0;eor
      154;20141016;   3;   14.4;  14.7;  -999;    -999;   89.83;-999;   18.6;   12.0;   11.4;-999;   3.9;   4;    0.917;   0;eor
      154;20141017;   3;   12.5;  14.2;  -999;    -999;   97.46;-999;   15.1;    7.7;    6.0;-999;   3.4;   4;    0.167;   0;eor
      154;20141018;   3;   10.8;  12.4;  -999;    -999;   94.79;-999;   17.6;    4.7;    3.3;-999;   0.0;   0;    8.133;   0;eor
      154;20141019;   3;   12.7;  12.7;  -999;    -999;   87.17;-999;   22.3;    5.3;    3.9;-999;   0.0;   0;    9.983;   0;eor
      154;20141020;   3;   14.5;  14.4;  -999;    -999;   87.17;-999;   20.9;    9.1;    7.3;-999;  35.0;   4;    4.000;   0;eor
      154;20141021;   3;   12.1;  13.4;  -999;    -999;   93.67;-999;   17.1;    6.2;    5.4;-999;   8.5;   4;    1.983;   0;eor
      154;20141022;   3;    4.6;   7.7;  -999;    -999;   91.08;-999;    6.8;    2.6;    2.5;-999;  25.2;   4;    0.000;   0;eor
      154;20141023;   3;    5.1;   8.7;  -999;    -999;   98.25;-999;    6.3;    3.0;    3.2;-999;   7.9;   4;    0.000;   0;eor
      154;20141024;   3;    6.5;   9.1;  -999;    -999;   93.88;-999;   10.5;    1.8;    0.3;-999;   0.0;   0;    1.483;   0;eor
      154;20141025;   3;    5.5;   9.0;  -999;    -999;   97.79;-999;    9.5;    0.1;    0.0;-999;   7.3;   4;    2.733;   0;eor
      154;20141026;   3;    8.2;  10.6;  -999;    -999;   97.17;-999;   11.4;    6.0;    5.3;-999;   0.0;   0;    5.117;   0;eor
      154;20141027;   3;    6.0;   9.0;  -999;    -999;   96.54;-999;    7.0;    5.0;    5.1;-999;   0.0;   0;    0.000;   0;eor
      154;20141028;   3;    5.4;   8.2;  -999;    -999;   91.25;-999;    6.3;    4.4;    4.6;-999;   0.0;   0;    0.000;   0;eor
      154;20141029;   3;    7.0;   9.4;  -999;    -999;   93.42;-999;   13.5;    4.3;    3.5;-999;   0.0;   0;    3.150;   0;eor
      154;20141030;   3;    7.7;   9.7;  -999;    -999;   92.46;-999;   10.8;    3.1;    1.4;-999;   0.0;   0;    0.633;   0;eor
      154;20141031;   3;    8.7;  10.5;  -999;    -999;   93.83;-999;   14.4;    5.0;    3.1;-999;   0.0;   0;    4.883;   0;eor
      154;20141101;   3;    8.2;  10.3;  -999;    -999;   93.96;-999;   16.6;    3.0;    1.7;-999;   0.0;   0;    7.717;   0;eor
      154;20141102;   3;    8.2;   9.8;  -999;    -999;   89.92;-999;   18.1;    2.0;    0.2;-999;   0.0;   0;    8.817;   0;eor
      154;20141103;   3;    8.4;   9.8;  -999;    -999;   88.04;-999;   16.0;    2.0;    0.1;-999;   0.0;   0;    9.233;   0;eor
      154;20141104;   3;   12.2;   8.2;  -999;    -999;   61.96;-999;   21.0;    3.5;    1.2;-999;   0.0;   0;    7.517;   0;eor
      154;20141105;   3;    8.7;   9.7;  -999;    -999;   87.54;-999;   14.3;    4.8;    4.2;-999;   2.2;   4;    0.000;   0;eor
      154;20141106;   3;    4.1;   7.9;  -999;    -999;   96.21;-999;    6.1;    2.2;    1.7;-999;   0.6;   4;    0.067;   0;eor
      154;20141107;   3;    5.5;   8.6;  -999;    -999;   94.67;-999;    7.4;    2.1;    0.5;-999;   0.0;   4;    0.583;   0;eor
      154;20141108;   3;    7.9;   9.5;  -999;    -999;   89.67;-999;   11.8;    5.9;    5.0;-999;   0.0;   0;    5.733;   0;eor
      154;20141109;   3;    7.2;   9.7;  -999;    -999;   95.21;-999;   11.5;    5.2;    5.5;-999;   0.0;   0;    4.917;   0;eor
      154;20141110;   3;    5.8;   9.2;  -999;    -999;   99.46;-999;    6.7;    4.7;    5.0;-999;   0.0;   0;    0.000;   0;eor
      154;20141111;   3;    7.4;  10.0;  -999;    -999;   96.58;-999;   10.6;    5.0;    5.1;-999;   0.0;   0;    0.433;   0;eor
      154;20141112;   3;   11.8;  10.5;  -999;    -999;   77.04;-999;   18.3;    6.3;    4.4;-999;   0.0;   0;    4.167;   0;eor
      154;20141113;   3;    7.9;  10.1;  -999;    -999;   94.88;-999;   10.1;    6.2;    5.0;-999;   0.0;   0;    0.167;   0;eor
      154;20141114;   3;    7.2;  10.1;  -999;    -999;   99.21;-999;    8.2;    5.9;    6.2;-999;   0.0;   0;    0.000;   0;eor
      154;20141115;   3;    6.7;   9.4;  -999;    -999;   95.92;-999;   10.7;    3.2;    1.8;-999;   0.0;   0;    2.667;   0;eor
      154;20141116;   3;    6.3;   8.7;  -999;    -999;   90.96;-999;    9.0;    0.8;   -1.3;-999;   0.7;   4;    1.217;   0;eor
      154;20141117;   3;    3.8;   7.9;  -999;    -999;   97.17;-999;    9.0;   -0.7;   -1.9;-999;   6.2;   4;    5.717;   0;eor
      154;20141118;   3;    4.4;   8.3;  -999;    -999;   98.71;-999;    5.4;    2.2;    2.2;-999;   9.5;   4;    0.000;   0;eor
      154;20141119;   3;    5.6;   8.7;  -999;    -999;   95.92;-999;    6.4;    4.1;    2.6;-999;   0.5;   4;    0.000;   0;eor
      154;20141120;   3;    5.0;   8.4;  -999;    -999;   96.00;-999;    7.6;    2.8;    1.6;-999;   0.0;   0;    0.717;   0;eor
      154;20141121;   3;    4.4;   8.0;  -999;    -999;   96.04;-999;    6.5;    2.3;    1.2;-999;   0.1;   4;    1.467;   0;eor
      154;20141122;   3;    5.2;   8.5;  -999;    -999;   95.63;-999;    9.8;    1.1;   -0.6;-999;   0.0;   0;    3.083;   0;eor
      154;20141123;   3;    2.0;   7.1;  -999;    -999;  100.00;-999;    3.7;    0.5;   -0.8;-999;   0.0;   0;    0.000;   0;eor
      154;20141124;   3;    5.2;   8.6;  -999;    -999;   96.88;-999;   10.2;    1.9;    2.1;-999;   0.0;   0;    2.483;   0;eor
      154;20141125;   3;    4.6;   8.2;  -999;    -999;   96.67;-999;    6.5;    2.9;    3.0;-999;   0.0;   0;    0.000;   0;eor
      154;20141126;   3;    2.7;   7.2;  -999;    -999;   97.83;-999;    3.2;    2.0;    2.3;-999;   0.0;   0;    0.000;   0;eor
      154;20141127;   3;    2.3;   7.1;  -999;    -999;   97.88;-999;    4.4;    1.1;    1.6;-999;   0.0;   0;    0.000;   0;eor
      154;20141128;   3;    0.8;   6.5;  -999;    -999;   99.92;-999;    1.7;    0.0;    0.4;-999;   0.0;   0;    0.000;   0;eor
      154;20141129;   3;    0.7;   6.4;  -999;    -999;  100.00;-999;    1.5;    0.1;    0.4;-999;   0.0;   0;    0.000;   0;eor
      154;20141130;   3;    0.9;   6.5;  -999;    -999;  100.00;-999;    1.4;    0.3;    0.6;-999;   0.3;   4;    0.000;   0;eor
      154;20141201;   3;    1.9;   7.0;  -999;    -999;   99.75;-999;    2.4;    1.1;    1.4;-999;   0.8;   4;    0.000;   0;eor
      154;20141202;   3;    1.5;   6.8;  -999;    -999;   99.79;-999;    2.2;    1.2;    1.3;-999;   0.1;   4;    0.000;   0;eor
      154;20141203;   3;    1.7;   6.8;  -999;    -999;   98.71;-999;    2.7;    1.0;    1.2;-999;   0.0;   0;    0.000;   0;eor
      154;20141204;   3;    2.5;   7.1;  -999;    -999;   97.17;-999;    3.5;    1.8;    1.7;-999;   0.0;   0;    0.000;   0;eor
      154;20141205;   3;    2.1;   7.1;  -999;    -999;   99.54;-999;    2.6;    1.3;    1.3;-999;   0.1;   4;    0.000;   0;eor
      154;20141206;   3;    1.7;   6.8;  -999;    -999;   99.21;-999;    2.4;    1.0;    1.1;-999;   2.6;   4;    0.000;   0;eor
      154;20141207;   3;    2.4;   7.2;  -999;    -999;   99.50;-999;    3.4;    1.2;    1.4;-999;   0.8;   4;    0.000;   0;eor
      154;20141208;   3;    2.3;   7.1;  -999;    -999;   99.29;-999;    2.9;   -0.3;   -1.7;-999;   0.9;   4;    0.000;   0;eor
      154;20141209;   3;   -0.7;   5.6;  -999;    -999;   96.50;-999;    0.3;   -2.0;   -3.1;-999;   0.0;   0;    0.033;   0;eor
      154;20141210;   3;   -0.7;   5.5;  -999;    -999;   94.33;-999;    2.3;   -2.9;   -2.6;-999;   1.6;   4;    1.233;   0;eor
      154;20141211;   3;    4.2;   6.7;  -999;    -999;   83.13;-999;    6.8;    1.6;    1.5;-999;   0.0;   0;    0.217;   0;eor
      154;20141212;   3;    5.3;   6.0;  -999;    -999;   68.63;-999;    9.2;   -0.2;   -2.7;-999;   0.0;   0;    7.383;   0;eor
      154;20141213;   3;    3.0;   6.4;  -999;    -999;   85.08;-999;    8.4;   -0.9;   -2.5;-999;   0.0;   0;    0.467;   0;eor
      154;20141214;   3;    4.2;   7.5;  -999;    -999;   91.38;-999;   10.5;    0.4;   -0.8;-999;   0.0;   0;    4.450;   0;eor
      154;20141215;   3;    4.8;   8.2;  -999;    -999;   95.58;-999;    7.4;    2.0;    1.1;-999;   0.1;   4;    0.000;   0;eor
      154;20141216;   3;    5.2;   8.9;  -999;    -999;   99.63;-999;    7.2;    3.5;    2.3;-999;   7.4;   4;    0.000;   0;eor
      154;20141217;   3;    3.8;   7.9;  -999;    -999;   97.92;-999;    5.8;    2.2;    1.8;-999;   5.7;   4;    0.233;   0;eor
      154;20141218;   3;    7.3;   9.9;  -999;    -999;   96.00;-999;   10.8;    4.8;    3.4;-999;   3.9;   4;    0.000;   0;eor
      154;20141219;   3;    9.3;   9.9;  -999;    -999;   84.88;-999;   12.2;    5.8;    2.2;-999;   2.5;   4;    4.750;   0;eor
      154;20141220;   3;    5.8;   7.7;  -999;    -999;   83.21;-999;    7.9;    2.7;    2.0;-999;   1.4;   4;    0.850;   0;eor
      154;20141221;   3;    3.8;   6.3;  -999;    -999;   79.25;-999;    6.2;    2.0;   -1.1;-999;   0.0;   0;    1.517;   0;eor
      154;20141222;   3;    5.8;   5.6;  -999;    -999;   64.17;-999;   11.0;    0.2;   -1.9;-999;   0.0;   0;    5.717;   0;eor
      154;20141223;   3;    4.9;   5.2;  -999;    -999;   64.46;-999;   10.9;   -1.7;   -4.2;-999;   0.0;   0;    6.067;   0;eor
      154;20141224;   3;    2.2;   5.5;  -999;    -999;   77.79;-999;    6.1;   -3.1;   -5.7;-999;   0.2;   4;    6.533;   0;eor
      154;20141225;   3;    3.7;   6.6;  -999;    -999;   83.25;-999;    7.2;    0.9;   -0.5;-999;   3.9;   4;    0.083;   0;eor
      154;20141226;   3;   -0.3;   5.8;  -999;    -999;   97.29;-999;    1.9;   -3.5;   -7.1;-999;   0.3;   4;    0.450;   0;eor
      154;20141227;   3;   -1.8;   5.1;  -999;    -999;   95.42;-999;    0.7;   -3.3;   -9.0;-999;   0.5;   4;    0.000;   3;eor
      154;20141228;   3;   -4.0;   4.5;  -999;    -999;   96.63;-999;    0.5;  -12.7;  -20.2;-999;   1.5;   4;    0.000;   3;eor
      154;20141229;   3;   -8.1;   3.3;  -999;    -999;   96.63;-999;   -4.4;  -14.7;  -22.0;-999;   2.7;   4;    0.000;   6;eor
      154;20141230;   3;   -3.8;   4.6;  -999;    -999;   99.92;-999;   -1.8;   -6.8;   -8.7;-999;  12.1;   4;    0.000;  14;eor
      154;20141231;   3;   -1.3;   5.6;  -999;    -999;   99.92;-999;    0.1;   -4.7;   -7.5;-999;   0.7;   4;    0.000;  30;eor
      154;20150101;   3;   -4.2;   4.4;  -999;    -999;   98.58;-999;    0.3;   -8.5;  -12.2;-999;   0.0;   0;    2.950;  25;eor
      154;20150102;   3;   -2.0;   5.5;  -999;    -999;   99.00;-999;    4.3;   -9.9;  -13.0;-999;   2.9;   4;    3.400;  20;eor
      154;20150103;   3;    1.8;   6.7;  -999;    -999;   96.17;-999;    7.5;   -0.6;   -2.0;-999;  23.2;   4;    0.233;  10;eor
      154;20150104;   3;    0.9;   5.9;  -999;    -999;   89.71;-999;    1.4;    0.3;    0.1;-999;   0.2;   4;    0.000;   4;eor
      154;20150105;   3;    0.3;   5.0;  -999;    -999;   81.13;-999;    2.0;   -2.4;   -4.1;-999;   0.0;   0;    0.067;   4;eor
      154;20150106;   3;   -0.7;   4.8;  -999;    -999;   84.42;-999;    5.5;   -5.4;   -7.4;-999;   0.0;   0;    4.950;   4;eor
      154;20150107;   3;   -0.8;   5.7;  -999;    -999;   97.17;-999;    2.6;   -6.0;   -7.9;-999;   1.3;   4;    0.000;   4;eor
      154;20150108;   3;    2.5;   6.1;  -999;    -999;   84.83;-999;    8.4;   -2.6;   -4.3;-999;   0.8;   4;    0.033;   3;eor
      154;20150109;   3;    7.1;   7.9;  -999;    -999;   78.83;-999;   10.6;    2.6;    0.4;-999;   3.7;   4;    0.000;   0;eor
      154;20150110;   3;   14.0;  10.5;  -999;    -999;   66.00;-999;   17.4;    9.9;    8.6;-999;   5.1;   4;    5.350;   0;eor
      154;20150111;   3;    3.6;   6.8;  -999;    -999;   85.25;-999;   12.2;    0.2;    0.1;-999;   7.7;   4;    0.300;   0;eor
      154;20150112;   3;    2.5;   5.4;  -999;    -999;   73.83;-999;    5.2;   -2.3;   -4.8;-999;   0.0;   0;    0.417;   0;eor
      154;20150113;   3;    0.9;   5.2;  -999;    -999;   81.38;-999;   12.6;   -4.0;   -6.3;-999;   0.0;   0;    7.950;   0;eor
      154;20150114;   3;    3.1;   6.4;  -999;    -999;   83.08;-999;    8.2;   -1.7;   -4.3;-999;   1.6;   4;    0.117;   0;eor
      154;20150115;   3;    1.4;   6.3;  -999;    -999;   93.38;-999;    7.2;   -1.8;   -4.8;-999;   0.0;   0;    2.050;   0;eor
      154;20150116;   3;    3.7;   6.2;  -999;    -999;   80.04;-999;   13.1;   -2.1;   -4.3;-999;   1.6;   4;    3.467;   0;eor
      154;20150117;   3;    1.1;   6.5;  -999;    -999;   98.50;-999;    3.7;   -0.1;   -0.8;-999;  13.5;   4;    0.000;   0;eor
      154;20150118;   3;    0.4;   6.2;  -999;    -999;   98.75;-999;    1.2;   -0.3;   -0.2;-999;   0.0;   4;    0.000;   4;eor
      154;20150119;   3;   -0.1;   5.7;  -999;    -999;   94.38;-999;    2.0;   -2.4;   -4.8;-999;   0.0;   0;    7.383;   2;eor
      154;20150120;   3;   -1.7;   5.4;  -999;    -999;   99.83;-999;    0.1;   -3.2;   -6.2;-999;   0.0;   0;    0.000;   2;eor
      154;20150121;   3;   -1.0;   5.4;  -999;    -999;   95.21;-999;   -0.1;   -3.5;   -6.3;-999;   0.0;   0;    0.100;   0;eor
      154;20150122;   3;   -0.5;   5.8;  -999;    -999;   99.13;-999;    0.3;   -1.1;   -0.9;-999;   0.3;   4;    0.000;   0;eor
      154;20150123;   3;   -0.3;   6.0;  -999;    -999;  100.00;-999;    0.1;   -0.7;   -0.7;-999;   2.0;   4;    0.000;   1;eor
      154;20150124;   3;   -0.7;   5.7;  -999;    -999;   98.08;-999;   -0.2;   -1.6;   -3.7;-999;   0.8;   4;    0.000;   1;eor
      154;20150125;   3;   -0.8;   5.4;  -999;    -999;   94.58;-999;    0.5;   -2.1;   -3.7;-999;   1.8;   4;    0.000;   2;eor
      154;20150126;   3;   -1.8;   5.0;  -999;    -999;   93.83;-999;    1.8;   -5.5;  -10.5;-999;   5.4;   4;    2.650;   8;eor
      154;20150127;   3;    0.0;   6.0;  -999;    -999;   99.04;-999;    1.0;   -1.2;   -2.6;-999;   1.1;   4;    0.167;  11;eor
      154;20150128;   3;   -0.9;   5.3;  -999;    -999;   92.88;-999;    3.3;   -5.5;  -10.0;-999;   5.0;   4;    5.750;  11;eor
      154;20150129;   3;    0.6;   5.8;  -999;    -999;   91.67;-999;    3.6;   -1.1;   -2.1;-999;   2.4;   4;    2.167;  12;eor
      154;20150130;   3;   -1.0;   5.0;  -999;    -999;   87.00;-999;    1.3;   -6.4;  -10.7;-999;   1.8;   4;    0.000;  10;eor
      154;20150131;   3;   -1.6;   4.8;  -999;    -999;   89.46;-999;    3.4;   -8.3;  -13.5;-999;   0.0;   0;    5.267;  13;eor
      154;20150201;   3;   -2.3;   4.6;  -999;    -999;   88.96;-999;    2.0;   -7.0;  -11.3;-999;   1.7;   4;    3.367;  10;eor
      154;20150202;   3;   -1.1;   5.5;  -999;    -999;   96.92;-999;    1.4;   -4.1;   -7.9;-999;   3.0;   4;    1.233;  15;eor
      154;20150203;   3;   -6.6;   3.6;  -999;    -999;   94.88;-999;   -0.9;  -12.3;  -17.2;-999;   0.0;   0;    8.233;  16;eor
      154;20150204;   3;   -6.8;   3.5;  -999;    -999;   93.46;-999;   -1.6;  -13.0;  -18.1;-999;   0.0;   0;    1.550;  14;eor
      154;20150205;   3;   -4.0;   4.0;  -999;    -999;   88.79;-999;   -1.9;   -7.6;   -9.8;-999;   0.0;   0;    0.000;  14;eor
      154;20150206;   3;   -4.1;   3.7;  -999;    -999;   82.96;-999;   -2.9;   -6.8;  -10.1;-999;   0.0;   0;    0.000;  14;eor
      154;20150207;   3;   -5.5;   3.3;  -999;    -999;   81.46;-999;   -2.3;  -11.1;  -15.5;-999;   0.5;   4;    5.333;  14;eor
      154;20150208;   3;   -3.6;   4.1;  -999;    -999;   87.96;-999;   -0.2;   -8.6;  -12.6;-999;   0.7;   4;    0.683;  14;eor
      154;20150209;   3;   -1.8;   4.2;  -999;    -999;   78.21;-999;    0.6;   -4.8;   -6.0;-999;   0.1;   4;    0.000;  15;eor
      154;20150210;   3;    0.1;   5.0;  -999;    -999;   82.33;-999;    5.1;   -7.0;   -9.9;-999;   0.0;   0;    5.617;  15;eor
      154;20150211;   3;   -2.4;   5.1;  -999;    -999;   98.88;-999;    0.7;   -8.0;  -11.4;-999;   0.0;   0;    0.000;  10;eor
      154;20150212;   3;   -1.9;   5.3;  -999;    -999;  100.00;-999;   -0.4;   -3.9;   -3.7;-999;   0.0;   0;    0.000;  10;eor
      154;20150213;   3;   -3.2;   4.9;  -999;    -999;  100.00;-999;   -1.1;   -4.6;   -4.4;-999;   0.0;   0;    0.150;  10;eor
      154;20150214;   3;   -3.3;   4.8;  -999;    -999;   99.54;-999;   -0.2;   -5.6;   -7.0;-999;   0.0;   0;    4.333;  10;eor
      154;20150215;   3;   -3.2;   4.8;  -999;    -999;   99.46;-999;    3.3;   -6.0;   -8.6;-999;   0.0;   0;    2.150;  10;eor
      154;20150216;   3;   -2.2;   5.2;  -999;    -999;   99.08;-999;    1.4;   -7.1;   -9.3;-999;   0.0;   0;    3.917;   9;eor
      154;20150217;   3;   -3.1;   4.7;  -999;    -999;   96.67;-999;    2.8;   -6.9;   -7.2;-999;   0.0;   0;    7.750;   9;eor
      154;20150218;   3;   -2.4;   5.0;  -999;    -999;   97.13;-999;   -1.5;   -3.1;   -2.9;-999;   0.0;   0;    0.000;   8;eor
      154;20150219;   3;   -1.7;   5.0;  -999;    -999;   92.58;-999;    2.8;   -6.8;   -9.7;-999;   0.0;   0;    5.583;   8;eor
      154;20150220;   3;   -0.5;   4.4;  -999;    -999;   78.75;-999;   11.0;   -8.5;  -10.7;-999;   0.0;   0;   10.033;   7;eor
      154;20150221;   3;    1.4;   4.5;  -999;    -999;   70.79;-999;    9.2;   -6.1;   -9.0;-999;   0.0;   4;    5.333;   5;eor
      154;20150222;   3;    0.7;   6.3;  -999;    -999;   98.00;-999;    1.6;   -1.3;   -3.0;-999;   1.8;   4;    0.000;   5;eor
      154;20150223;   3;    0.4;   6.3;  -999;    -999;   99.00;-999;    4.7;   -3.5;   -4.6;-999;   5.2;   4;    0.917;   4;eor
      154;20150224;   3;    2.2;   6.7;  -999;    -999;   93.92;-999;    4.4;   -0.4;   -1.0;-999;   0.8;   4;    0.000;   3;eor
      154;20150225;   3;    1.2;   6.0;  -999;    -999;   89.83;-999;    4.7;   -1.5;   -2.6;-999;   0.1;   4;    0.000;   0;eor
      154;20150226;   3;    0.8;   5.4;  -999;    -999;   85.63;-999;    6.2;   -3.2;   -5.7;-999;   0.0;   0;    7.217;   0;eor
      154;20150227;   3;    1.4;   5.5;  -999;    -999;   83.54;-999;    8.5;   -4.2;   -6.5;-999;   5.8;   4;    8.517;   0;eor
      154;20150228;   3;    0.9;   6.4;  -999;    -999;   97.46;-999;    4.0;   -2.8;   -4.6;-999;   0.0;   4;    1.567;   1;eor
      154;20150301;   3;    2.1;   6.9;  -999;    -999;   95.42;-999;    6.5;   -2.9;   -5.3;-999;   4.7;   4;    0.000;   0;eor
      154;20150302;   3;    4.2;   7.8;  -999;    -999;   93.54;-999;    7.6;    1.5;    0.9;-999;   7.7;   4;    0.000;   0;eor
      154;20150303;   3;    2.7;   5.3;  -999;    -999;   73.21;-999;    7.8;   -0.7;   -2.9;-999;   0.1;   4;    9.450;   0;eor
      154;20150304;   3;    1.9;   5.9;  -999;    -999;   85.33;-999;    5.3;   -1.0;   -2.5;-999;   0.1;   4;    1.083;   0;eor
      154;20150305;   3;    0.7;   5.6;  -999;    -999;   88.13;-999;    3.4;   -1.4;   -3.9;-999;   0.6;   4;    0.567;   0;eor
      154;20150306;   3;    1.5;   5.3;  -999;    -999;   79.75;-999;    6.0;   -1.2;   -3.1;-999;   0.0;   0;    3.567;   0;eor
      154;20150307;   3;    2.8;   5.3;  -999;    -999;   73.63;-999;    9.0;   -3.4;   -6.0;-999;   0.0;   0;   10.817;   0;eor
      154;20150308;   3;    3.9;   6.0;  -999;    -999;   76.79;-999;   11.4;   -3.3;   -5.5;-999;   0.0;   0;   10.433;   0;eor
      154;20150309;   3;    3.6;   6.0;  -999;    -999;   78.46;-999;   12.5;   -2.4;   -5.0;-999;   0.0;   0;    8.467;   0;eor
      154;20150310;   3;    4.5;   5.9;  -999;    -999;   74.13;-999;   13.8;   -2.7;   -5.2;-999;   0.8;   4;   10.000;   0;eor
      154;20150311;   3;    4.2;   6.3;  -999;    -999;   76.04;-999;    7.8;   -1.9;   -4.9;-999;   0.4;   4;    4.017;   0;eor
      154;20150312;   3;    2.2;   5.8;  -999;    -999;   81.58;-999;    6.9;   -1.7;   -4.5;-999;   0.0;   0;    0.800;   0;eor
      154;20150313;   3;    1.6;   5.2;  -999;    -999;   76.04;-999;    4.8;   -0.9;   -4.5;-999;   0.0;   0;    3.250;   0;eor
      154;20150314;   3;    2.1;   5.9;  -999;    -999;   84.75;-999;    7.1;   -3.3;   -6.4;-999;   0.0;   0;    5.400;   0;eor
      154;20150315;   3;    4.4;   6.1;  -999;    -999;   75.75;-999;   11.3;   -1.0;   -2.8;-999;   0.0;   0;    6.767;   0;eor
      154;20150316;   3;    7.4;   6.0;  -999;    -999;   58.13;-999;   12.4;    1.7;    0.1;-999;   0.0;   0;    0.000;   0;eor
      154;20150317;   3;   10.9;   6.7;  -999;    -999;   53.00;-999;   17.4;    5.0;    0.8;-999;   0.0;   0;    5.500;   0;eor
      154;20150318;   3;    7.1;   6.9;  -999;    -999;   71.21;-999;   14.8;   -0.8;   -3.0;-999;   0.0;   0;   11.033;   0;eor
      154;20150319;   3;    5.3;   5.8;  -999;    -999;   68.33;-999;   13.6;   -1.8;   -4.5;-999;   0.0;   0;   11.083;   0;eor
      154;20150320;   3;    3.9;   5.4;  -999;    -999;   71.58;-999;   12.7;   -2.9;   -5.8;-999;   0.0;   0;    9.983;   0;eor
      154;20150321;   3;    5.2;   6.9;  -999;    -999;   79.00;-999;   13.3;   -2.7;   -5.3;-999;   9.7;   4;    3.533;   0;eor
      154;20150322;   3;    3.6;   7.6;  -999;    -999;   96.42;-999;    4.6;    2.3;    2.4;-999;   0.6;   4;    0.000;   0;eor
      154;20150323;   3;    3.7;   7.3;  -999;    -999;   91.46;-999;    7.3;   -1.5;   -3.0;-999;   0.0;   0;    0.100;   0;eor
      154;20150324;   3;    6.3;   7.4;  -999;    -999;   80.00;-999;   15.0;   -1.9;   -3.7;-999;   0.0;   0;    7.533;   0;eor
      154;20150325;   3;    8.2;   8.2;  -999;    -999;   75.63;-999;   13.0;    0.7;   -1.3;-999;   0.0;   0;    3.583;   0;eor
      154;20150326;   3;    6.5;   8.6;  -999;    -999;   89.00;-999;    8.0;    4.8;    4.4;-999;   2.7;   4;    0.000;   0;eor
      154;20150327;   3;    5.1;   7.5;  -999;    -999;   86.29;-999;    7.6;    3.3;    1.8;-999;   0.4;   4;    0.717;   0;eor
      154;20150328;   3;    6.2;   6.7;  -999;    -999;   72.75;-999;   11.8;    1.1;   -0.5;-999;   3.7;   4;    6.867;   0;eor
      154;20150329;   3;    9.1;   9.3;  -999;    -999;   82.08;-999;   13.6;    5.4;    5.2;-999;   3.5;   4;    1.133;   0;eor
      154;20150330;   3;    6.6;   8.2;  -999;    -999;   84.58;-999;    9.4;    2.1;    0.5;-999;   8.1;   4;    0.733;   0;eor
      154;20150331;   3;    8.8;   8.3;  -999;    -999;   74.67;-999;   15.8;    3.7;    2.7;-999;   5.3;   4;    0.150;   0;eor
      154;20150401;   3;    2.9;   6.0;  -999;    -999;   79.96;-999;    6.4;   -0.1;    0.0;-999;   0.6;   4;    4.000;   2;eor
      154;20150402;   3;    3.1;   6.6;  -999;    -999;   86.13;-999;    6.3;    0.3;   -0.8;-999;   4.1;   4;    0.000;   0;eor
      154;20150403;   3;    3.7;   5.7;  -999;    -999;   73.71;-999;   10.2;   -1.5;   -3.3;-999;   1.1;   4;    7.000;   0;eor
      154;20150404;   3;    2.8;   7.0;  -999;    -999;   93.33;-999;    4.7;    1.7;    1.4;-999;   4.2;   4;    0.000;   0;eor
      154;20150405;   3;    2.1;   5.7;  -999;    -999;   80.67;-999;    6.3;   -0.7;   -2.7;-999;   0.0;   4;    4.500;   0;eor
      154;20150406;   3;    1.1;   5.8;  -999;    -999;   88.42;-999;    4.7;   -2.3;   -4.4;-999;   0.7;   4;    2.500;   0;eor
      154;20150407;   3;    2.0;   5.1;  -999;    -999;   76.38;-999;    8.3;   -2.5;   -4.2;-999;   0.0;   0;    9.000;   0;eor
      154;20150408;   3;    4.7;   5.6;  -999;    -999;   70.58;-999;   13.1;   -2.9;   -5.3;-999;   0.0;   0;   10.000;   0;eor
      154;20150409;   3;    8.8;   7.5;  -999;    -999;   69.46;-999;   19.3;   -0.5;   -3.0;-999;   0.0;   0;   12.050;   0;eor
      154;20150410;   3;   11.3;   7.9;  -999;    -999;   65.00;-999;   21.3;    1.2;   -1.1;-999;   0.0;   0;   10.983;   0;eor
      154;20150411;   3;   11.9;   8.3;  -999;    -999;   61.75;-999;   17.4;    3.6;    0.9;-999;   0.0;   0;    2.633;   0;eor
      154;20150412;   3;   12.1;   9.0;  -999;    -999;   66.29;-999;   18.5;    5.1;    2.5;-999;   0.0;   0;    6.300;   0;eor
      154;20150413;   3;   11.0;   8.5;  -999;    -999;   67.54;-999;   18.3;    2.8;    0.5;-999;   0.0;   0;    5.217;   0;eor
      154;20150414;   3;   11.5;   8.6;  -999;    -999;   66.50;-999;   17.8;    5.1;    2.6;-999;   0.0;   0;    7.483;   0;eor
      154;20150415;   3;   13.0;   7.8;  -999;    -999;   58.42;-999;   23.7;    2.5;    0.5;-999;   0.0;   0;   12.200;   0;eor
      154;20150416;   3;   13.8;   7.9;  -999;    -999;   55.33;-999;   21.9;    3.3;    0.6;-999;   0.1;   4;    7.850;   0;eor
      154;20150417;   3;   11.6;  11.3;  -999;    -999;   82.92;-999;   14.9;    5.3;    4.8;-999;  18.6;   4;    0.433;   0;eor
      154;20150418;   3;    5.7;   6.1;  -999;    -999;   68.58;-999;   10.4;   -1.1;   -2.7;-999;   0.0;   0;    5.300;   0;eor
      154;20150419;   3;    6.0;   5.7;  -999;    -999;   65.00;-999;   13.3;   -1.5;   -3.3;-999;   0.0;   0;   13.267;   0;eor
      154;20150420;   3;    7.7;   6.6;  -999;    -999;   67.25;-999;   16.0;   -1.2;   -3.2;-999;   0.0;   0;   13.050;   0;eor
      154;20150421;   3;   10.2;   7.0;  -999;    -999;   61.79;-999;   18.8;    0.7;   -1.3;-999;   0.0;   0;   13.067;   0;eor
      154;20150422;   3;   11.8;   6.9;  -999;    -999;   54.17;-999;   20.2;    2.5;   -0.2;-999;   0.1;   4;   12.783;   0;eor
      154;20150423;   3;    6.6;   6.8;  -999;    -999;   70.29;-999;   11.5;    1.7;   -0.2;-999;   0.0;   0;    6.833;   0;eor
      154;20150424;   3;    9.2;   6.9;  -999;    -999;   64.92;-999;   18.6;   -0.6;   -2.4;-999;   0.0;   0;   13.167;   0;eor
      154;20150425;   3;   12.5;   9.3;  -999;    -999;   67.42;-999;   20.1;    1.8;   -0.3;-999;   3.1;   4;    5.783;   0;eor
      154;20150426;   3;   14.8;  11.8;  -999;    -999;   72.46;-999;   20.2;   10.6;    8.4;-999;   0.0;   0;    7.483;   0;eor
      154;20150427;   3;   15.4;  10.5;  -999;    -999;   63.04;-999;   23.1;    6.4;    4.1;-999;   0.0;   4;    7.733;   0;eor
      154;20150428;   3;    8.3;   9.8;  -999;    -999;   88.25;-999;   12.4;    2.6;    0.5;-999;   6.2;   4;    0.000;   0;eor
      154;20150429;   3;    8.1;   7.4;  -999;    -999;   71.08;-999;   13.7;    0.6;   -1.3;-999;   0.5;   4;   11.667;   0;eor
      154;20150430;   3;    9.5;   9.2;  -999;    -999;   78.00;-999;   14.0;    5.0;    3.5;-999;   8.4;   4;    3.117;   0;eor
      154;20150501;   3;    9.8;  11.3;  -999;    -999;   93.33;-999;   12.8;    7.2;    7.0;-999;  15.6;   4;    0.000;-999;eor
      154;20150502;   3;   10.7;  11.5;  -999;    -999;   89.50;-999;   13.1;    8.2;    7.9;-999;   5.5;   4;    0.150;-999;eor
      154;20150503;   3;   13.2;  14.4;  -999;    -999;   93.79;-999;   16.6;    9.6;    9.2;-999;   7.5;   4;    0.000;-999;eor
      154;20150504;   3;   17.0;  15.9;  -999;    -999;   82.79;-999;   21.0;   13.5;   12.5;-999;   0.2;   4;    1.550;-999;eor
      154;20150505;   3;   20.7;  14.4;  -999;    -999;   60.83;-999;   27.6;   13.0;   11.6;-999;   0.6;   4;    6.300;-999;eor
      154;20150506;   3;   11.7;  12.7;  -999;    -999;   91.83;-999;   14.8;    6.6;    4.7;-999;  18.3;   4;    2.300;-999;eor
      154;20150507;   3;   12.9;  10.7;  -999;    -999;   73.88;-999;   18.8;    8.1;    6.9;-999;   0.0;   0;    8.983;-999;eor
      154;20150508;   3;   15.5;  11.7;  -999;    -999;   68.75;-999;   23.1;    8.7;    5.8;-999;   0.5;   4;   10.550;-999;eor
      154;20150509;   3;   12.9;  12.9;  -999;    -999;   86.96;-999;   18.0;    9.4;    7.0;-999;   6.4;   4;    0.383;-999;eor
      154;20150510;   3;   13.5;  11.4;  -999;    -999;   76.00;-999;   19.1;    7.5;    5.0;-999;   0.0;   0;    7.483;-999;eor
      154;20150511;   3;   15.0;  10.8;  -999;    -999;   66.63;-999;   22.9;    5.7;    3.8;-999;   0.0;   0;   12.067;-999;eor
      154;20150512;   3;   18.3;  11.4;  -999;    -999;   59.58;-999;   27.4;    7.6;    5.5;-999;   0.0;   0;   12.017;-999;eor
      154;20150513;   3;   18.2;  14.5;  -999;    -999;   70.00;-999;   23.2;   15.2;   10.9;-999;   5.5;   4;    5.750;-999;eor
      154;20150514;   3;   14.1;  14.0;  -999;    -999;   87.38;-999;   17.5;   10.8;    9.2;-999;   0.6;   4;    2.867;-999;eor
      154;20150515;   3;   12.6;  13.1;  -999;    -999;   89.46;-999;   14.5;   10.5;    8.7;-999;   0.8;   4;    0.000;-999;eor
      154;20150516;   3;   14.6;  12.1;  -999;    -999;   74.54;-999;   20.2;    7.5;    5.2;-999;   0.0;   0;    8.383;-999;eor
      154;20150517;   3;   13.2;  12.0;  -999;    -999;   79.54;-999;   18.2;    9.2;    5.8;-999;   0.5;   4;    2.867;-999;eor
      154;20150518;   3;   16.1;  12.9;  -999;    -999;   72.79;-999;   23.7;    7.5;    4.6;-999;   1.5;   4;   12.967;-999;eor
      154;20150519;   3;   12.9;  13.4;  -999;    -999;   90.46;-999;   16.2;   10.6;   10.2;-999;  31.8;   4;    0.000;-999;eor
      154;20150520;   3;    7.5;   9.9;  -999;    -999;   94.96;-999;   10.6;    6.1;    5.9;-999;  11.5;   4;    0.000;-999;eor
      154;20150521;   3;    8.0;  10.2;  -999;    -999;   94.21;-999;   10.1;    5.9;    5.9;-999;   9.2;   4;    0.000;-999;eor
      154;20150522;   3;    9.7;  10.8;  -999;    -999;   90.04;-999;   13.2;    7.5;    7.4;-999;   2.0;   4;    0.617;-999;eor
      154;20150523;   3;    9.3;  11.2;  -999;    -999;   95.13;-999;   12.1;    7.4;    7.3;-999;  18.1;   4;    0.000;-999;eor
      154;20150524;   3;    9.8;  11.2;  -999;    -999;   91.83;-999;   13.3;    7.0;    6.9;-999;   0.4;   4;    0.000;-999;eor
      154;20150525;   3;   13.0;  12.4;  -999;    -999;   83.88;-999;   18.0;    9.2;    8.5;-999;   1.9;   4;    2.233;-999;eor
      154;20150526;   3;   10.9;  11.8;  -999;    -999;   90.58;-999;   14.2;    8.4;    7.9;-999;   0.7;   4;    0.133;-999;eor
      154;20150527;   3;    9.4;   9.1;  -999;    -999;   78.67;-999;   13.8;    4.3;    2.0;-999;   0.0;   0;    2.433;-999;eor
      154;20150528;   3;   12.3;   9.1;  -999;    -999;   67.46;-999;   21.1;    2.6;    0.4;-999;   0.0;   0;   13.517;-999;eor
      154;20150529;   3;   16.2;  10.6;  -999;    -999;   61.38;-999;   24.8;    6.4;    4.6;-999;   1.0;   4;   11.533;-999;eor
      154;20150530;   3;   15.7;  12.6;  -999;    -999;   72.08;-999;   21.0;   11.4;    9.5;-999;   0.0;   0;    7.833;-999;eor
      154;20150531;   3;   16.1;  12.9;  -999;    -999;   71.67;-999;   21.8;    9.4;    7.4;-999;   0.0;   0;    4.883;-999;eor
      154;20150601;   3;   17.8;  13.7;  -999;    -999;   71.21;-999;   25.8;   10.5;    8.1;-999;  18.4;   4;   10.317;-999;eor
      154;20150602;   3;   19.2;  16.1;  -999;    -999;   74.92;-999;   26.2;   13.4;   12.3;-999;   0.0;   0;   10.583;-999;eor
      154;20150603;   3;   21.3;  15.2;  -999;    -999;   64.54;-999;   28.9;   12.9;   11.2;-999;   0.0;   0;   13.650;-999;eor
      154;20150604;   3;   20.8;  15.5;  -999;    -999;   66.21;-999;   27.4;   12.7;   10.9;-999;   0.0;   0;   14.817;-999;eor
      154;20150605;   3;   21.9;  16.5;  -999;    -999;   63.96;-999;   28.0;   15.6;   13.0;-999;   0.0;   0;   14.833;-999;eor
      154;20150606;   3;   22.4;  18.4;  -999;    -999;   69.04;-999;   30.3;   13.7;   12.3;-999;   2.0;   4;   10.850;-999;eor
      154;20150607;   3;   21.5;  18.3;  -999;    -999;   72.50;-999;   27.3;   15.1;   13.8;-999;   9.8;   4;   11.600;-999;eor
      154;20150608;   3;   17.4;  17.3;  -999;    -999;   87.13;-999;   22.4;   13.2;   13.3;-999;  16.8;   4;    1.350;-999;eor
      154;20150609;   3;   13.3;  14.0;  -999;    -999;   91.58;-999;   15.7;   11.7;   11.9;-999;   0.0;   0;    0.000;-999;eor
      154;20150610;   3;   15.1;  14.8;  -999;    -999;   86.71;-999;   17.6;   12.2;   12.4;-999;   0.0;   0;    0.033;-999;eor
      154;20150611;   3;   18.3;  17.2;  -999;    -999;   82.25;-999;   22.9;   13.0;   11.7;-999;   0.0;   0;    2.767;-999;eor
      154;20150612;   3;   21.6;  15.4;  -999;    -999;   64.17;-999;   29.1;   12.8;   10.8;-999;   0.0;   0;   13.767;-999;eor
      154;20150613;   3;   20.9;  17.6;  -999;    -999;   73.00;-999;   25.9;   15.2;   13.4;-999;   9.8;   4;    5.967;-999;eor
      154;20150614;   3;   19.7;  18.6;  -999;    -999;   82.04;-999;   25.0;   14.9;   13.9;-999;   1.5;   4;    6.883;-999;eor
      154;20150615;   3;   16.0;  16.4;  -999;    -999;   89.75;-999;   17.7;   14.5;   14.3;-999;   1.0;   4;    0.117;-999;eor
      154;20150616;   3;   14.3;  14.4;  -999;    -999;   88.25;-999;   17.5;   10.6;    9.0;-999;   0.9;   4;    0.033;-999;eor
      154;20150617;   3;   14.2;  12.2;  -999;    -999;   77.46;-999;   19.5;    9.6;    8.1;-999;   0.0;   0;    9.350;-999;eor
      154;20150618;   3;   14.3;  13.9;  -999;    -999;   85.63;-999;   17.3;   11.0;    9.4;-999;   5.8;   4;    0.000;-999;eor
      154;20150619;   3;   13.0;  12.4;  -999;    -999;   83.17;-999;   16.2;   10.7;    9.9;-999;   1.0;   4;    1.617;-999;eor
      154;20150620;   3;   10.5;  11.5;  -999;    -999;   90.50;-999;   13.5;    8.6;    8.4;-999;   9.3;   4;    1.600;-999;eor
      154;20150621;   3;   12.0;  11.8;  -999;    -999;   84.21;-999;   16.1;    8.7;    7.9;-999;   6.6;   4;    2.167;-999;eor
      154;20150622;   3;   15.0;  13.7;  -999;    -999;   81.75;-999;   21.8;   11.5;   10.6;-999;   5.4;   4;    5.033;-999;eor
      154;20150623;   3;   12.8;  10.9;  -999;    -999;   74.75;-999;   17.2;    9.4;    7.1;-999;   0.1;   4;    3.900;-999;eor
      154;20150624;   3;   13.5;  11.5;  -999;    -999;   76.25;-999;   20.0;    8.8;    6.3;-999;   0.1;   4;    6.817;-999;eor
      154;20150625;   3;   14.7;  11.6;  -999;    -999;   72.58;-999;   21.9;    6.6;    4.9;-999;   0.0;   0;   10.617;-999;eor
      154;20150626;   3;   17.3;  13.2;  -999;    -999;   69.54;-999;   24.5;    7.7;    6.0;-999;   0.0;   0;   10.417;-999;eor
      154;20150627;   3;   17.5;  16.3;  -999;    -999;   81.21;-999;   21.6;   14.2;   11.9;-999;   1.3;   4;    1.217;-999;eor
      154;20150628;   3;   17.7;  14.4;  -999;    -999;   73.13;-999;   23.1;   13.4;   11.3;-999;   0.0;   0;    8.583;-999;eor
      154;20150629;   3;   18.6;  14.9;  -999;    -999;   72.21;-999;   25.6;   12.5;   11.2;-999;   0.0;   0;    7.433;-999;eor
      154;20150630;   3;   20.3;  14.2;  -999;    -999;   64.63;-999;   28.8;   11.4;    9.9;-999;   0.0;   0;   14.700;-999;eor
      154;20150701;   3;   21.5;  16.1;  -999;    -999;   65.88;-999;   28.5;   12.7;   11.2;-999;   0.0;   0;   14.900;-999;eor
      154;20150702;   3;   22.2;  17.6;  -999;    -999;   67.83;-999;   29.4;   13.0;   11.4;-999;   0.0;   0;   14.833;-999;eor
      154;20150703;   3;   23.5;  18.8;  -999;    -999;   67.25;-999;   31.7;   13.7;   12.0;-999;   0.0;   0;   13.983;-999;eor
      154;20150704;   3;   24.7;  19.6;  -999;    -999;   66.08;-999;   33.2;   16.1;   14.6;-999;   0.0;   0;   13.550;-999;eor
      154;20150705;   3;   25.5;  18.0;  -999;    -999;   60.42;-999;   33.5;   16.3;   15.1;-999;   4.0;   4;   13.600;-999;eor
      154;20150706;   3;   23.6;  21.7;  -999;    -999;   75.67;-999;   29.9;   18.7;   17.6;-999;   0.0;   0;    9.167;-999;eor
      154;20150707;   3;   26.0;  20.9;  -999;    -999;   65.63;-999;   34.4;   17.2;   16.0;-999;   5.8;   4;   14.183;-999;eor
      154;20150708;   3;   18.1;  18.6;  -999;    -999;   89.04;-999;   22.4;   14.7;   14.0;-999;   2.7;   4;    1.667;-999;eor
      154;20150709;   3;   15.3;  14.1;  -999;    -999;   82.00;-999;   19.4;   11.0;   10.4;-999;   5.4;   4;    2.433;-999;eor
      154;20150710;   3;   15.4;  11.6;  -999;    -999;   69.75;-999;   23.1;    7.6;    6.7;-999;   0.0;   0;   14.717;-999;eor
      154;20150711;   3;   18.0;  15.2;  -999;    -999;   76.29;-999;   29.1;    8.3;    7.2;-999;   7.0;   4;   11.900;-999;eor
      154;20150712;   3;   21.5;  14.8;  -999;    -999;   61.71;-999;   28.0;   13.2;   12.3;-999;   0.9;   4;   11.367;-999;eor
      154;20150713;   3;   17.2;  16.5;  -999;    -999;   84.25;-999;   20.7;   15.3;   14.3;-999;   2.6;   4;    0.083;-999;eor
      154;20150714;   3;   20.3;  18.2;  -999;    -999;   78.21;-999;   26.1;   15.8;   15.5;-999;   0.0;   0;    2.883;-999;eor
      154;20150715;   3;   21.1;  17.3;  -999;    -999;   71.58;-999;   27.7;   16.0;   15.0;-999;   0.0;   0;   10.817;-999;eor
      154;20150716;   3;   23.1;  17.5;  -999;    -999;   65.50;-999;   30.5;   13.5;   12.4;-999;   0.0;   0;   13.867;-999;eor
      154;20150717;   3;   24.5;  18.3;  -999;    -999;   63.79;-999;   33.7;   15.0;   14.0;-999;   0.0;   0;   11.267;-999;eor
      154;20150718;   3;   22.4;  17.1;  -999;    -999;   67.13;-999;   31.6;   13.9;   12.6;-999;   0.0;   0;    9.683;-999;eor
      154;20150719;   3;   23.1;  18.4;  -999;    -999;   69.50;-999;   31.6;   15.3;   14.6;-999;   7.4;   4;   11.550;-999;eor
      154;20150720;   3;   22.3;  20.3;  -999;    -999;   77.46;-999;   29.1;   17.4;   16.6;-999;   0.0;   0;   10.217;-999;eor
      154;20150721;   3;   24.0;  20.0;  -999;    -999;   70.75;-999;   33.8;   15.8;   15.0;-999;   0.0;   0;   14.433;-999;eor
      154;20150722;   3;   23.9;  19.5;  -999;    -999;   69.63;-999;   33.2;   15.5;   14.5;-999;   0.9;   4;    9.950;-999;eor
      154;20150723;   3;   21.7;  20.4;  -999;    -999;   78.96;-999;   25.5;   17.4;   16.2;-999;   0.8;   4;    2.800;-999;eor
      154;20150724;   3;   22.4;  19.6;  -999;    -999;   73.88;-999;   28.7;   15.8;   14.9;-999;   0.2;   4;    7.533;-999;eor
      154;20150725;   3;   20.2;  14.9;  -999;    -999;   62.75;-999;   25.6;   12.8;   10.1;-999;   0.0;   0;    2.150;-999;eor
      154;20150726;   3;   16.5;  11.0;  -999;    -999;   60.67;-999;   22.7;    7.8;    5.9;-999;   9.4;   4;   12.017;-999;eor
      154;20150727;   3;   17.7;  14.0;  -999;    -999;   72.75;-999;   25.2;   12.2;   11.0;-999;   0.1;   4;    9.533;-999;eor
      154;20150728;   3;   17.7;  13.2;  -999;    -999;   65.67;-999;   20.9;   12.4;   11.7;-999;   5.0;   4;    0.083;-999;eor
      154;20150729;   3;   15.6;  14.5;  -999;    -999;   82.83;-999;   21.2;   11.0;    9.3;-999;   2.0;   4;    4.033;-999;eor
      154;20150730;   3;   14.7;  11.9;  -999;    -999;   73.54;-999;   21.1;    7.6;    6.3;-999;   0.0;   0;    9.400;-999;eor
      154;20150731;   3;   17.0;  11.0;  -999;    -999;   60.50;-999;   23.0;    9.3;    7.8;-999;   0.0;   0;   12.933;-999;eor
      154;20150801;   3;   17.1;  13.9;  -999;    -999;   72.63;-999;   22.9;    9.4;    8.4;-999;   4.3;   4;    3.700;-999;eor
      154;20150802;   3;   16.2;  16.2;  -999;    -999;   88.88;-999;   22.2;   11.5;   10.3;-999;   1.7;   4;    3.517;-999;eor
      154;20150803;   3;   19.0;  15.3;  -999;    -999;   72.88;-999;   26.9;    9.5;    8.6;-999;   0.0;   0;   14.050;-999;eor
      154;20150804;   3;   22.4;  16.4;  -999;    -999;   64.79;-999;   31.8;   11.5;   10.4;-999;   0.0;   0;   11.033;-999;eor
      154;20150805;   3;   21.7;  17.8;  -999;    -999;   71.75;-999;   29.0;   14.0;   12.8;-999;   0.0;   0;   13.883;-999;eor
      154;20150806;   3;   23.3;  17.0;  -999;    -999;   65.04;-999;   33.5;   14.0;   13.0;-999;   0.0;   0;   13.717;-999;eor
      154;20150807;   3;   23.8;  17.2;  -999;    -999;   63.92;-999;   34.3;   13.2;   11.7;-999;   0.0;   0;   13.517;-999;eor
      154;20150808;   3;   24.6;  17.4;  -999;    -999;   61.63;-999;   34.4;   15.9;   14.9;-999;   1.7;   4;   10.700;-999;eor
      154;20150809;   3;   24.5;  18.9;  -999;    -999;   64.96;-999;   31.9;   16.1;   15.2;-999;   0.0;   0;   13.017;-999;eor
      154;20150810;   3;   22.8;  18.2;  -999;    -999;   68.25;-999;   30.4;   16.0;   14.3;-999;   0.0;   0;   11.550;-999;eor
      154;20150811;   3;   22.6;  18.4;  -999;    -999;   70.67;-999;   30.5;   15.5;   14.4;-999;   0.0;   0;    8.983;-999;eor
      154;20150812;   3;   22.7;  15.7;  -999;    -999;   63.17;-999;   32.3;   14.1;   12.6;-999;   0.0;   0;   12.483;-999;eor
      154;20150813;   3;   24.7;  14.8;  -999;    -999;   53.33;-999;   33.6;   13.8;   12.6;-999;   0.0;   0;   12.633;-999;eor
      154;20150814;   3;   23.4;  17.2;  -999;    -999;   62.50;-999;   32.4;   16.6;   14.5;-999;   3.0;   4;   10.067;-999;eor
      154;20150815;   3;   19.4;  17.8;  -999;    -999;   81.33;-999;   26.0;   15.4;   15.4;-999;  28.2;   4;    4.017;-999;eor
      154;20150816;   3;   16.3;  16.7;  -999;    -999;   90.54;-999;   19.4;   14.5;   14.5;-999;   1.1;   4;    0.400;-999;eor
      154;20150817;   3;   14.8;  15.8;  -999;    -999;   93.88;-999;   15.9;   13.6;   13.2;-999;   6.1;   4;    0.000;-999;eor
      154;20150818;   3;   16.4;  14.1;  -999;    -999;   77.92;-999;   22.4;   10.1;    9.2;-999;   0.0;   0;    5.233;-999;eor
      154;20150819;   3;   15.4;  14.1;  -999;    -999;   80.96;-999;   17.4;   13.3;   13.0;-999;   0.4;   4;    0.000;-999;eor
      154;20150820;   3;   15.0;  14.6;  -999;    -999;   86.25;-999;   20.3;   12.6;   12.4;-999;  20.4;   4;    0.767;-999;eor
      154;20150821;   3;   15.1;  14.4;  -999;    -999;   85.50;-999;   21.2;   10.2;    9.1;-999;   0.0;   0;    3.750;-999;eor
      154;20150822;   3;   16.0;  12.4;  -999;    -999;   71.46;-999;   23.0;    8.0;    7.1;-999;   0.0;   0;     -999;-999;eor
      154;20150823;   3;   17.5;  14.1;  -999;    -999;   72.08;-999;   25.6;    9.8;    7.9;-999;   6.3;   4;    9.650;-999;eor
      154;20150824;   3;   20.1;  16.7;  -999;    -999;   73.71;-999;   27.8;   13.6;   13.2;-999;   1.1;   4;    8.350;-999;eor
      154;20150825;   3;   14.9;  12.8;  -999;    -999;   77.17;-999;   20.9;    8.2;    7.0;-999;   0.3;   4;    6.167;-999;eor
      154;20150826;   3;   15.9;  12.1;  -999;    -999;   72.21;-999;   24.8;    6.8;    5.7;-999;   0.0;   0;   13.150;-999;eor
      154;20150827;   3;   18.8;  15.2;  -999;    -999;   74.17;-999;   28.8;    9.8;    8.7;-999;   0.0;   0;   11.650;-999;eor
      154;20150828;   3;   20.9;  16.7;  -999;    -999;   72.04;-999;   30.5;   12.1;   11.0;-999;   0.0;   0;   12.617;-999;eor
      154;20150829;   3;   21.4;  18.4;  -999;    -999;   75.21;-999;   29.8;   13.5;   12.4;-999;   0.0;   0;   12.417;-999;eor
      154;20150830;   3;   22.9;  19.7;  -999;    -999;   73.88;-999;   32.9;   14.7;   13.5;-999;   0.0;   0;   12.317;-999;eor
      154;20150831;   3;   23.2;  17.7;  -999;    -999;   67.50;-999;   32.5;   15.5;   14.3;-999;   0.0;   0;   11.733;-999;eor
      154;20150901;   3;   20.9;  16.3;  -999;    -999;   70.79;-999;   31.1;   14.5;   13.3;-999;  13.3;   4;    8.183;-999;eor
      154;20150902;   3;   14.3;  15.5;  -999;    -999;   94.67;-999;   15.9;   12.0;   11.1;-999;   4.3;   4;    0.000;-999;eor
      154;20150903;   3;   14.4;  15.3;  -999;    -999;   93.29;-999;   16.9;   12.1;   11.8;-999;  17.4;   4;    0.000;-999;eor
      154;20150904;   3;   14.1;  13.7;  -999;    -999;   86.25;-999;   18.8;   11.1;   10.8;-999;   5.2;   4;    2.283;-999;eor
      154;20150905;   3;   11.6;  12.0;  -999;    -999;   87.96;-999;   14.4;    9.9;    9.2;-999;   1.2;   4;    0.117;-999;eor
      154;20150906;   3;   10.0;  10.4;  -999;    -999;   84.50;-999;   13.1;    5.9;    4.7;-999;   1.0;   4;    1.317;-999;eor
      154;20150907;   3;   10.4;   9.9;  -999;    -999;   79.38;-999;   14.2;    4.8;    3.6;-999;   7.9;   4;    0.033;-999;eor
      154;20150908;   3;   12.2;  11.2;  -999;    -999;   80.50;-999;   17.6;    8.8;    7.9;-999;   0.0;   0;    7.283;-999;eor
      154;20150909;   3;   11.6;  10.2;  -999;    -999;   76.75;-999;   17.6;    6.1;    5.1;-999;   0.0;   0;    6.200;-999;eor
      154;20150910;   3;   10.1;  10.5;  -999;    -999;   85.46;-999;   16.6;    6.0;    3.8;-999;   0.0;   0;    3.033;-999;eor
      154;20150911;   3;   11.4;  10.9;  -999;    -999;   82.50;-999;   20.7;    3.7;    2.5;-999;   3.0;   4;    9.467;-999;eor
      154;20150912;   3;   15.7;  12.5;  -999;    -999;   73.29;-999;   23.8;    6.2;    5.1;-999;   0.0;   0;   11.567;-999;eor
      154;20150913;   3;   16.3;  13.9;  -999;    -999;   76.79;-999;   23.9;    8.2;    6.9;-999;   0.4;   4;    9.117;-999;eor
      154;20150914;   3;   13.5;  13.8;  -999;    -999;   88.96;-999;   17.3;    9.9;    8.3;-999;   5.9;   4;    0.117;-999;eor
      154;20150915;   3;   14.3;  12.7;  -999;    -999;   79.88;-999;   18.9;    8.8;    7.6;-999;   0.0;   0;    3.267;-999;eor
      154;20150916;   3;   20.7;  12.5;  -999;    -999;   54.96;-999;   28.4;   10.8;    9.0;-999;   0.0;   0;    8.783;-999;eor
      154;20150917;   3;   19.0;  12.3;  -999;    -999;   60.58;-999;   31.4;   11.4;    9.5;-999;   0.2;   4;    7.267;-999;eor
      154;20150918;   3;   13.8;  12.6;  -999;    -999;   80.50;-999;   19.2;    7.5;    6.0;-999;   0.4;   4;    4.517;-999;eor
      154;20150919;   3;   13.3;  12.9;  -999;    -999;   85.54;-999;   18.5;    8.5;    6.4;-999;   0.3;   4;    1.317;-999;eor
      154;20150920;   3;   12.0;  12.3;  -999;    -999;   88.21;-999;   15.4;    9.4;    7.9;-999;   0.0;   0;    1.033;-999;eor
      154;20150921;   3;   12.3;  10.3;  -999;    -999;   74.71;-999;   17.7;    5.9;    4.3;-999;   0.0;   0;   10.633;-999;eor
      154;20150922;   3;   12.6;  11.2;  -999;    -999;   77.46;-999;   19.4;    4.8;    3.2;-999;   5.6;   4;    6.717;-999;eor
      154;20150923;   3;    9.7;  10.8;  -999;    -999;   89.92;-999;   12.7;    8.0;    7.5;-999;   3.0;   4;    0.000;-999;eor
      154;20150924;   3;   10.0;  10.7;  -999;    -999;   87.88;-999;   14.9;    6.7;    5.3;-999;   0.0;   0;    2.350;-999;eor
      154;20150925;   3;   11.7;  11.5;  -999;    -999;   84.38;-999;   16.4;    8.2;    8.1;-999;   0.0;   0;    1.467;-999;eor
      154;20150926;   3;   12.3;  12.3;  -999;    -999;   86.83;-999;   15.0;   10.2;    9.8;-999;   0.0;   0;    0.000;-999;eor
      154;20150927;   3;   11.1;  10.0;  -999;    -999;   75.75;-999;   14.6;    7.9;    5.5;-999;   0.0;   0;    3.850;-999;eor
      154;20150928;   3;    9.1;   8.8;  -999;    -999;   76.83;-999;   14.2;    5.4;    2.1;-999;   0.0;   0;    0.500;-999;eor
      154;20150929;   3;    9.5;   8.2;  -999;    -999;   70.00;-999;   14.6;    4.5;    1.2;-999;   0.0;   0;    8.817;-999;eor
      154;20150930;   3;    9.0;   7.5;  -999;    -999;   66.50;-999;   13.6;    5.1;    3.0;-999;   0.0;   0;    9.633;-999;eor
      154;20151001;   3;    9.6;   7.8;  -999;    -999;   66.83;-999;   16.6;    2.9;    0.3;-999;   0.0;   0;   11.017;   0;eor
      154;20151002;   3;   11.3;   9.8;  -999;    -999;   73.88;-999;   17.8;    3.6;    1.0;-999;   0.0;   0;   10.450;   0;eor
      154;20151003;   3;   13.4;  11.7;  -999;    -999;   77.79;-999;   21.9;    6.4;    4.7;-999;   0.0;   0;    8.750;   0;eor
      154;20151004;   3;    9.4;  10.5;  -999;    -999;   88.83;-999;   14.4;    2.9;    0.6;-999;   0.1;   4;    2.050;   0;eor
      154;20151005;   3;   10.9;  10.3;  -999;    -999;   80.50;-999;   19.0;    2.5;    0.2;-999;   0.6;   4;    9.883;   0;eor
      154;20151006;   3;   15.1;  14.2;  -999;    -999;   83.58;-999;   21.5;   10.6;   10.0;-999;  12.9;   4;    3.150;   0;eor
      154;20151007;   3;   13.0;  14.6;  -999;    -999;   97.50;-999;   14.5;   11.6;   11.4;-999;  17.9;   4;    0.000;   0;eor
      154;20151008;   3;   12.0;  12.8;  -999;    -999;   91.29;-999;   14.6;   10.7;    9.9;-999;   0.0;   0;    0.817;   0;eor
      154;20151009;   3;   10.9;  11.7;  -999;    -999;   90.29;-999;   16.1;    7.4;    5.9;-999;   0.0;   0;    5.017;   0;eor
      154;20151010;   3;   10.7;  11.4;  -999;    -999;   88.04;-999;   12.8;    8.4;    7.0;-999;   0.2;   4;    0.017;   0;eor
      154;20151011;   3;    7.0;   8.9;  -999;    -999;   88.50;-999;    9.2;    3.1;    1.0;-999;   0.0;   4;    0.150;   0;eor
      154;20151012;   3;    4.8;   7.3;  -999;    -999;   85.29;-999;   11.1;    0.7;   -1.3;-999;   0.0;   0;    4.900;   0;eor
      154;20151013;   3;    5.1;   8.4;  -999;    -999;   94.88;-999;    7.1;    3.1;    2.3;-999;  10.5;   4;    0.000;   0;eor
      154;20151014;   3;    5.9;   8.5;  -999;    -999;   91.96;-999;    7.8;    4.4;    4.2;-999;   6.5;   4;    0.000;   0;eor
      154;20151015;   3;    5.3;   8.3;  -999;    -999;   93.08;-999;    6.1;    4.3;    4.3;-999;   0.5;   4;    0.000;   0;eor
      154;20151016;   3;    4.5;   7.8;  -999;    -999;   92.58;-999;    5.9;    3.3;    2.8;-999;   1.8;   4;    0.000;   0;eor
      154;20151017;   3;    5.8;   8.0;  -999;    -999;   87.00;-999;    9.6;    3.6;    2.9;-999;   0.9;   4;    0.650;   0;eor
      154;20151018;   3;    6.0;   8.8;  -999;    -999;   93.88;-999;    9.0;    4.6;    4.1;-999;   6.5;   4;    0.017;   0;eor
      154;20151019;   3;    5.3;   8.3;  -999;    -999;   93.33;-999;    7.6;   -0.2;   -1.9;-999;   0.1;   4;    0.000;   0;eor
      154;20151020;   3;    4.9;   7.8;  -999;    -999;   90.58;-999;    9.2;    0.3;   -0.8;-999;   0.0;   0;    2.983;   0;eor
      154;20151021;   3;    6.1;   8.3;  -999;    -999;   88.54;-999;   11.0;    2.0;   -0.3;-999;   0.0;   0;    4.883;   0;eor
      154;20151022;   3;    7.6;   8.8;  -999;    -999;   85.75;-999;   10.9;    4.9;    4.3;-999;   1.9;   4;    2.083;   0;eor
      154;20151023;   3;    8.7;  10.8;  -999;    -999;   95.79;-999;   11.9;    4.9;    1.7;-999;   0.6;   4;    0.183;   0;eor
      154;20151024;   3;    7.4;   9.7;  -999;    -999;   94.21;-999;   13.9;    4.3;    1.5;-999;   0.0;   0;    5.450;   0;eor
      154;20151025;   3;    8.5;  10.0;  -999;    -999;   89.71;-999;   14.1;    2.8;    1.2;-999;   0.0;   0;    2.033;   0;eor
      154;20151026;   3;    8.9;  10.5;  -999;    -999;   91.88;-999;   13.5;    5.1;    1.7;-999;   0.0;   0;    4.350;   0;eor
      154;20151027;   3;    7.7;  10.1;  -999;    -999;   95.54;-999;    9.4;    6.5;    6.5;-999;   0.0;   0;    0.000;   0;eor
      154;20151028;   3;    7.2;   9.5;  -999;    -999;   93.00;-999;   10.9;    3.1;    0.9;-999;   0.0;   0;    1.117;   0;eor
      154;20151029;   3;    8.0;  10.5;  -999;    -999;   97.00;-999;   10.9;    4.1;    4.2;-999;   0.0;   0;    0.000;   0;eor
      154;20151030;   3;    8.3;  10.1;  -999;    -999;   92.50;-999;    9.0;    7.5;    6.5;-999;   0.0;   0;    0.000;   0;eor
      154;20151031;   3;    8.0;   9.6;  -999;    -999;   89.13;-999;   14.2;    1.4;   -1.7;-999;   0.0;   0;    5.617;   0;eor
      154;20151101;   3;    5.8;   7.8;  -999;    -999;   85.79;-999;   15.0;   -1.1;   -3.2;-999;   0.0;   0;    9.283;   0;eor
      154;20151102;   3;    4.5;   6.7;  -999;    -999;   81.46;-999;   15.7;   -3.2;   -5.9;-999;   0.0;   0;    9.300;   0;eor
      154;20151103;   3;    4.6;   7.1;  -999;    -999;   84.50;-999;   14.6;   -2.9;   -5.7;-999;   0.0;   0;    8.967;   0;eor
      154;20151104;   3;    8.7;   9.1;  -999;    -999;   82.67;-999;   17.8;    0.8;   -1.2;-999;   0.0;   0;    5.117;   0;eor
      154;20151105;   3;    8.0;   9.2;  -999;    -999;   86.67;-999;   16.3;    2.3;   -0.4;-999;   0.0;   0;    5.800;   0;eor
      154;20151106;   3;    8.8;   9.5;  -999;    -999;   85.17;-999;   18.4;    1.4;   -1.0;-999;   0.0;   0;    6.983;   0;eor
      154;20151107;   3;   10.4;  11.3;  -999;    -999;   89.08;-999;   16.2;    4.8;    2.2;-999;   1.2;   4;    0.650;   0;eor
      154;20151108;   3;   12.1;  12.5;  -999;    -999;   88.54;-999;   18.7;    6.1;    3.8;-999;   0.0;   0;    6.467;   0;eor
      154;20151109;   3;   12.8;  11.4;  -999;    -999;   78.88;-999;   19.0;    4.2;    2.5;-999;   0.0;   0;    0.850;   0;eor
      154;20151110;   3;   13.5;  10.5;  -999;    -999;   69.42;-999;   18.9;    8.5;    5.8;-999;   0.0;   0;    4.417;   0;eor
      154;20151111;   3;    9.0;   8.6;  -999;    -999;   77.04;-999;   16.9;    1.8;   -0.9;-999;   0.0;   0;    7.267;   0;eor
      154;20151112;   3;    5.9;   8.2;  -999;    -999;   88.00;-999;   13.5;    0.2;   -2.3;-999;   0.0;   0;    6.500;   0;eor
      154;20151113;   3;    6.6;   8.2;  -999;    -999;   84.54;-999;   15.2;   -0.6;   -2.6;-999;   1.2;   4;    4.383;   0;eor
      154;20151114;   3;    8.2;   8.4;  -999;    -999;   77.04;-999;   11.6;    5.6;    3.4;-999;   0.4;   4;    2.467;   0;eor
      154;20151115;   3;   13.3;   8.6;  -999;    -999;   58.25;-999;   18.7;    5.6;    4.9;-999;   0.0;   0;    3.067;   0;eor
      154;20151116;   3;   12.6;   9.2;  -999;    -999;   64.79;-999;   19.3;    3.7;    0.9;-999;   0.0;   0;    7.433;   0;eor
      154;20151117;   3;    9.3;   9.1;  -999;    -999;   77.79;-999;   13.8;    3.7;    0.5;-999;   0.5;   4;    0.683;   0;eor
      154;20151118;   3;   13.2;   9.2;  -999;    -999;   60.75;-999;   16.6;    4.8;    0.4;-999;   0.0;   0;    8.517;   0;eor
      154;20151119;   3;   12.6;   8.4;  -999;    -999;   57.04;-999;   16.4;    5.7;    1.0;-999;   0.2;   4;    3.683;   0;eor
      154;20151120;   3;   10.2;  10.5;  -999;    -999;   85.92;-999;   16.5;    2.6;    2.6;-999;  46.7;   4;    0.000;   0;eor
      154;20151121;   3;    2.1;   6.5;  -999;    -999;   90.96;-999;    4.5;   -0.8;   -1.7;-999;   0.2;   4;    0.700;   0;eor
      154;20151122;   3;   -0.1;   5.6;  -999;    -999;   91.29;-999;    2.0;   -1.1;   -2.4;-999;   0.4;   4;    0.000;   0;eor
      154;20151123;   3;   -0.4;   5.0;  -999;    -999;   84.58;-999;    2.9;   -4.9;   -7.5;-999;   0.0;   0;    2.317;   0;eor
      154;20151124;   3;   -2.9;   4.2;  -999;    -999;   86.92;-999;    2.4;   -7.0;   -9.7;-999;   0.0;   0;    8.317;   0;eor
      154;20151125;   3;    0.3;   5.6;  -999;    -999;   89.00;-999;    3.6;   -3.8;   -4.2;-999;   2.1;   4;    0.000;   0;eor
      154;20151126;   3;    0.9;   6.4;  -999;    -999;   97.63;-999;    2.9;   -0.7;   -1.8;-999;   0.8;   4;    0.000;   1;eor
      154;20151127;   3;   -0.4;   5.9;  -999;    -999;   98.88;-999;    2.4;   -1.5;   -3.6;-999;   0.0;   0;    0.550;   0;eor
      154;20151128;   3;    0.3;   5.9;  -999;    -999;   93.63;-999;    1.8;   -1.9;   -3.9;-999;   1.4;   4;    2.233;   0;eor
      154;20151129;   3;    3.5;   6.5;  -999;    -999;   82.00;-999;    9.6;   -1.5;   -4.1;-999;   1.7;   4;    0.000;   0;eor
      154;20151130;   3;    9.7;   7.5;  -999;    -999;   62.54;-999;   10.8;    8.6;    6.6;-999;   0.1;   4;    0.000;   0;eor
      154;20151201;   3;    8.7;   8.8;  -999;    -999;   78.75;-999;   10.5;    7.0;    6.0;-999;   1.5;   4;    0.000;   0;eor
      154;20151202;   3;    7.9;   8.8;  -999;    -999;   82.79;-999;    9.3;    6.2;    4.3;-999;   0.0;   0;    0.000;   0;eor
      154;20151203;   3;    4.0;   7.3;  -999;    -999;   88.54;-999;    8.4;   -2.7;   -5.1;-999;   0.0;   0;    4.550;   0;eor
      154;20151204;   3;    3.3;   6.9;  -999;    -999;   87.75;-999;   10.0;   -4.2;   -6.5;-999;   0.4;   4;    5.067;   0;eor
      154;20151205;   3;    4.5;   8.1;  -999;    -999;   95.17;-999;   11.1;   -1.6;   -3.6;-999;   0.0;   0;    6.033;   0;eor
      154;20151206;   3;    2.4;   6.6;  -999;    -999;   91.08;-999;   13.4;   -3.0;   -4.8;-999;   0.0;   0;    7.933;   0;eor
      154;20151207;   3;    4.1;   6.9;  -999;    -999;   85.46;-999;   11.6;   -1.1;   -3.1;-999;   0.0;   0;    7.900;   0;eor
      154;20151208;   3;    0.6;   6.0;  -999;    -999;   93.71;-999;    7.6;   -3.1;   -5.1;-999;   0.0;   0;    6.133;   0;eor
      154;20151209;   3;    1.6;   6.7;  -999;    -999;   96.08;-999;    4.8;   -3.3;   -4.9;-999;   7.8;   4;    0.000;   0;eor
      154;20151210;   3;    0.5;   6.1;  -999;    -999;   96.54;-999;    6.5;   -3.1;   -4.7;-999;   0.0;   0;    7.017;   0;eor
      154;20151211;   3;    0.3;   5.5;  -999;    -999;   88.46;-999;    6.1;   -5.8;   -7.7;-999;   0.0;   0;    5.900;   0;eor
      154;20151212;   3;    3.3;   5.7;  -999;    -999;   74.96;-999;    9.2;   -3.5;   -6.0;-999;   0.0;   0;    3.683;   0;eor
      154;20151213;   3;    0.7;   5.4;  -999;    -999;   84.83;-999;    7.3;   -4.9;   -7.4;-999;   0.0;   0;    6.950;   0;eor
      154;20151214;   3;   -0.5;   5.3;  -999;    -999;   90.29;-999;    5.8;   -3.9;   -6.1;-999;   0.0;   0;    7.133;   0;eor
      154;20151215;   3;    0.9;   5.8;  -999;    -999;   89.75;-999;    7.2;   -3.4;   -5.8;-999;   0.0;   0;    1.433;   0;eor
      154;20151216;   3;    3.4;   7.1;  -999;    -999;   89.75;-999;    6.7;   -1.0;   -2.5;-999;   7.7;   4;    0.000;   0;eor
      154;20151217;   3;    6.6;   9.4;  -999;    -999;   95.75;-999;   10.5;   -0.5;   -2.1;-999;   1.2;   4;    0.317;   0;eor
      154;20151218;   3;    3.1;   7.7;  -999;    -999;   99.25;-999;    8.8;   -1.2;   -3.0;-999;   0.7;   4;    0.300;   0;eor
      154;20151219;   3;    3.5;   7.5;  -999;    -999;   94.88;-999;   10.3;   -0.8;   -2.6;-999;   0.0;   0;    4.517;   0;eor
      154;20151220;   3;    1.8;   6.6;  -999;    -999;   94.08;-999;   10.5;   -2.4;   -4.0;-999;   0.0;   0;    7.667;   0;eor
      154;20151221;   3;    3.0;   7.2;  -999;    -999;   93.63;-999;    7.5;   -2.2;   -3.5;-999;   0.0;   0;    0.000;   0;eor
      154;20151222;   3;    5.2;   7.6;  -999;    -999;   86.63;-999;   13.2;   -1.1;   -2.7;-999;   0.0;   0;    6.717;   0;eor
      154;20151223;   3;    4.6;   7.0;  -999;    -999;   83.17;-999;   11.7;   -2.1;   -4.1;-999;   0.0;   0;    7.333;   0;eor
      154;20151224;   3;    2.2;   6.3;  -999;    -999;   88.21;-999;    8.8;   -2.4;   -4.5;-999;   0.0;   0;    6.950;   0;eor
      154;20151225;   3;    2.8;   6.5;  -999;    -999;   87.08;-999;   13.3;   -1.9;   -3.6;-999;   0.0;   0;    7.267;   0;eor
      154;20151226;   3;    1.2;   5.8;  -999;    -999;   87.54;-999;   10.8;   -3.0;   -5.0;-999;   0.0;   0;    7.767;   0;eor
      154;20151227;   3;    0.8;   5.6;  -999;    -999;   87.54;-999;   10.2;   -4.1;   -6.0;-999;   0.0;   0;    7.750;   0;eor
      154;20151228;   3;    0.1;   5.3;  -999;    -999;   87.63;-999;    9.1;   -4.6;   -7.1;-999;   0.0;   0;    7.750;   0;eor
      154;20151229;   3;   -1.7;   5.1;  -999;    -999;   93.29;-999;    5.4;   -5.8;   -8.0;-999;   0.0;   0;    7.617;   0;eor
      154;20151230;   3;    0.0;   5.8;  -999;    -999;   94.92;-999;    2.4;   -3.2;   -3.4;-999;   0.0;   0;    1.733;   0;eor
      154;20151231;   3;    0.2;   5.8;  -999;    -999;   93.21;-999;    2.8;   -2.6;   -2.1;-999;   7.4;   4;    2.000;   0;eor
      154;20160101;   3;    2.4;   7.2;  -999;    -999;   98.83;-999;    4.5;    0.6;    0.7;-999;   0.3;   4;    0.000;   0;eor
      154;20160102;   3;    0.0;   6.1;  -999;    -999;   99.50;-999;    1.0;   -0.9;   -0.9;-999;   5.8;   4;    0.000;   0;eor
      154;20160103;   3;   -1.6;   5.3;  -999;    -999;   97.42;-999;   -0.5;   -3.7;   -3.7;-999;   2.8;   4;    0.000;   6;eor
      154;20160104;   3;   -0.2;   5.8;  -999;    -999;   95.00;-999;    3.9;   -4.5;   -4.3;-999;   1.0;   4;    0.850;   3;eor
      154;20160105;   3;    0.3;   5.9;  -999;    -999;   94.25;-999;    4.2;   -3.0;   -6.1;-999;   0.0;   0;    0.000;   2;eor
      154;20160106;   3;    0.4;   5.8;  -999;    -999;   93.42;-999;    5.7;   -2.2;   -4.4;-999;   2.7;   4;    3.000;   2;eor
      154;20160107;   3;    2.5;   6.7;  -999;    -999;   91.71;-999;    5.8;    0.5;   -0.2;-999;   3.1;   4;    3.833;   1;eor
      154;20160108;   3;    4.1;   6.7;  -999;    -999;   81.79;-999;    7.4;    0.7;   -2.7;-999;   4.5;   4;    3.150;   0;eor
      154;20160109;   3;    4.3;   8.0;  -999;    -999;   96.79;-999;    6.5;    2.4;    1.5;-999;   5.8;   4;    0.000;   0;eor
      154;20160110;   1;    3.2;   7.4;  -999;    -999;   96.46;-999;    5.8;   -0.4;   -1.6;-999;   1.9;   4;    0.817;   0;eor
      154;20160111;   1;    4.7;   7.7;  -999;    -999;   90.38;-999;    6.9;    2.9;    1.4;-999;   2.9;   4;    0.000;   0;eor
      154;20160112;   1;    3.5;   6.5;  -999;    -999;   82.92;-999;    5.5;    0.6;   -0.3;-999;   5.2;   4;    0.167;   0;eor
      154;20160113;   1;    2.6;   5.6;  -999;    -999;   76.46;-999;    3.6;    1.0;    0.0;-999;   0.3;   4;    0.000;   0;eor
      154;20160114;   1;    0.3;   4.8;  -999;    -999;   76.83;-999;    3.1;   -4.2;   -7.5;-999;   0.1;   4;    6.400;   0;eor
      154;20160115;   1;    0.5;   4.8;  -999;    -999;   75.58;-999;    1.3;   -1.4;   -1.6;-999;   1.6;   4;    0.833;   1;eor
      154;20160116;   1;   -1.4;   5.2;  -999;    -999;   93.46;-999;   -0.5;   -2.4;   -5.6;-999;   1.8;   4;    0.083;   3;eor
      154;20160117;   1;   -3.0;   4.5;  -999;    -999;   91.38;-999;   -1.1;   -5.5;   -9.4;-999;   2.3;   4;    0.417;  10;eor
      154;20160118;   1;   -7.6;   3.2;  -999;    -999;   91.04;-999;   -4.0;  -15.0;  -20.9;-999;   0.0;   0;    5.667;  17;eor
      154;20160119;   1;   -7.6;   3.1;  -999;    -999;   88.71;-999;   -3.8;  -13.2;  -16.6;-999;   0.0;   0;    0.017;   8;eor
      154;20160120;   1;   -3.9;   3.9;  -999;    -999;   85.67;-999;    1.1;   -7.1;  -13.2;-999;   0.0;   4;    7.383;   6;eor
      154;20160121;   1;   -3.6;   4.1;  -999;    -999;   87.46;-999;    1.5;   -9.4;  -14.2;-999;   0.2;   4;    0.300;   6;eor
      154;20160122;   1;   -9.6;   2.7;  -999;    -999;   91.63;-999;   -4.6;  -14.1;  -18.4;-999;   0.2;   4;    5.450;   4;eor
      154;20160123;   1;   -2.1;   5.3;  -999;    -999;   94.29;-999;    4.0;  -13.7;  -17.0;-999;   3.2;   4;    0.000;   4;eor
      154;20160124;   1;   -0.7;   5.5;  -999;    -999;   93.63;-999;    3.6;   -5.4;   -8.2;-999;   3.1;   4;    1.117;   3;eor
      154;20160125;   1;    2.1;   6.7;  -999;    -999;   93.46;-999;    8.3;   -1.9;   -3.4;-999;   0.1;   4;    2.533;   2;eor
      154;20160126;   1;    1.5;   6.3;  -999;    -999;   92.58;-999;   11.2;   -2.6;   -4.5;-999;   0.0;   0;    4.817;   2;eor
      154;20160127;   1;    3.0;   6.5;  -999;    -999;   87.17;-999;   10.9;   -2.1;   -3.7;-999;   0.0;   0;    1.300;   0;eor
      154;20160128;   1;    6.4;   7.8;  -999;    -999;   81.17;-999;   12.3;    0.4;   -1.4;-999;   5.8;   4;    0.000;   0;eor
      154;20160129;   1;    4.7;   8.3;  -999;    -999;   95.75;-999;    9.4;   -1.2;   -2.7;-999;   0.2;   4;    2.633;   0;eor
      154;20160130;   1;    3.5;   7.0;  -999;    -999;   89.21;-999;   11.2;   -2.9;   -4.8;-999;   8.3;   4;    7.367;   0;eor
      154;20160131;   1;    2.1;   7.0;  -999;    -999;   98.54;-999;    8.8;    0.2;    0.0;-999;  27.0;   4;    0.000;   2;eor
      154;20160201;   1;   11.2;  10.2;  -999;    -999;   76.71;-999;   14.4;    7.1;    3.7;-999;   0.0;   0;    1.417;   0;eor
      154;20160202;   1;    7.7;   8.4;  -999;    -999;   80.42;-999;   12.1;    3.6;    0.6;-999;   0.5;   4;    4.733;   0;eor
      154;20160203;   1;    3.5;   7.0;  -999;    -999;   89.79;-999;    9.3;   -0.5;   -1.9;-999;   7.0;   4;    0.000;   0;eor
      154;20160204;   1;    1.3;   5.9;  -999;    -999;   88.25;-999;    3.4;   -0.3;   -2.0;-999;   3.4;   4;    0.067;   0;eor
      154;20160205;   1;    2.7;   7.2;  -999;    -999;   95.88;-999;    6.4;   -1.1;   -3.4;-999;   0.3;   4;    0.050;   0;eor
      154;20160206;   1;    4.1;   6.7;  -999;    -999;   82.21;-999;   13.1;   -3.2;   -5.5;-999;   0.0;   0;    7.750;   0;eor
      154;20160207;   1;    9.6;   5.8;  -999;    -999;   49.88;-999;   14.7;    0.6;   -2.1;-999;   1.4;   4;    1.350;   0;eor
      154;20160208;   1;    6.9;   7.3;  -999;    -999;   74.88;-999;   11.9;   -0.2;   -2.1;-999;   2.1;   4;    4.133;   0;eor
