STATIONS_ID; MESS_DATUM; QUALITAETS_NIVEAU; LUFTTEMPERATUR;DAMPFDRUCK;BEDECKUNGSGRAD;LUFTDRUCK_STATIONSHOEHE;REL_FEUCHTE; WINDGESCHWINDIGKEIT; LUFTTEMPERATUR_MAXIMUM;LUFTTEMPERATUR_MINIMUM;LUFTTEMP_AM_ERDB_MINIMUM; WINDSPITZE_MAXIMUM; NIEDERSCHLAGSHOEHE;NIEDERSCHLAGSHOEHE_IND;SONNENSCHEINDAUER; SCHNEEHOEHE;eor
       73;20140808;   3;   19.6;  16.0;  -999;    -999;   74.92;-999;   28.7;   11.3;   10.3;-999;   0.1;   4;   13.117;   0;eor
       73;20140809;   3;   19.9;  17.7;  -999;    -999;   78.71;-999;   28.7;   12.5;   11.2;-999;   0.0;   0;    5.950;   0;eor
       73;20140810;   3;   22.1;  18.3;  -999;    -999;   72.17;-999;   30.9;   12.9;   11.1;-999;   0.1;   4;   11.317;   0;eor
       73;20140811;   3;   18.0;  20.1;  -999;    -999;   97.50;-999;   20.7;   15.1;   14.2;-999;  18.8;   4;    0.000;   0;eor
       73;20140812;   3;   16.8;  15.9;  -999;    -999;   83.67;-999;   21.5;   14.6;   13.7;-999;   0.0;   0;    3.617;   0;eor
       73;20140813;   3;   15.1;  16.3;  -999;    -999;   94.46;-999;   17.5;   13.0;   11.5;-999;   7.0;   4;    0.017;   0;eor
       73;20140814;   3;   15.2;  14.0;  -999;    -999;   82.21;-999;   20.9;   10.3;    9.0;-999;   0.0;   4;    2.750;   0;eor
       73;20140815;   3;   14.1;  13.6;  -999;    -999;   85.63;-999;   20.1;   10.3;    8.6;-999;   0.2;   4;    4.433;   0;eor
       73;20140816;   3;   13.5;  14.0;  -999;    -999;   90.50;-999;   18.6;   10.9;   10.0;-999;   9.6;   4;    2.850;   0;eor
       73;20140817;   3;   14.8;  13.3;  -999;    -999;   81.75;-999;   22.6;    9.3;    8.2;-999;   0.0;   0;    7.550;   0;eor
       73;20140818;   3;   16.0;  13.5;  -999;    -999;   75.92;-999;   24.0;    8.0;    6.9;-999;   0.4;   4;    7.417;   0;eor
       73;20140819;   3;   15.6;  15.1;  -999;    -999;   85.92;-999;   22.1;   10.9;    9.4;-999;   0.1;   4;    3.933;   0;eor
       73;20140820;   3;   14.9;  13.9;  -999;    -999;   82.88;-999;   18.2;   12.6;   12.0;-999;   0.0;   0;    0.283;   0;eor
       73;20140821;   3;   14.3;  12.5;  -999;    -999;   79.88;-999;   21.5;    7.6;    6.4;-999;   0.0;   0;    6.550;   0;eor
       73;20140822;   3;   14.4;  12.5;  -999;    -999;   79.13;-999;   23.1;    6.3;    4.8;-999;   0.0;   0;    8.100;   0;eor
       73;20140823;   3;   14.9;  13.8;  -999;    -999;   82.79;-999;   20.7;    8.3;    6.7;-999;   1.5;   4;    3.050;   0;eor
       73;20140824;   3;   12.5;  12.0;  -999;    -999;   84.17;-999;   18.4;    6.1;    5.1;-999;   1.2;   4;    5.133;   0;eor
       73;20140825;   3;   13.8;  11.8;  -999;    -999;   77.67;-999;   21.5;    6.1;    4.5;-999;   7.4;   4;    5.750;   0;eor
       73;20140826;   3;   15.5;  16.6;  -999;    -999;   94.08;-999;   22.5;   12.1;   12.1;-999;  14.6;   4;    1.117;   0;eor
       73;20140827;   3;   14.9;  14.9;  -999;    -999;   89.54;-999;   20.8;    9.1;    7.2;-999;   3.1;   4;    4.733;   0;eor
       73;20140828;   3;   14.3;  13.5;  -999;    -999;   85.79;-999;   23.2;    8.9;    7.2;-999;   0.0;   0;    7.700;   0;eor
       73;20140829;   3;   16.0;  16.0;  -999;    -999;   88.29;-999;   23.9;    9.5;    7.8;-999;   2.7;   4;    4.067;   0;eor
       73;20140830;   3;   17.7;  18.6;  -999;    -999;   91.92;-999;   22.9;   14.0;   11.9;-999;   0.2;   4;    3.850;   0;eor
       73;20140831;   3;   14.5;  15.7;  -999;    -999;   95.21;-999;   17.8;   11.4;   11.3;-999;  10.6;   4;    0.033;   0;eor
       73;20140901;   3;   13.2;  14.4;  -999;    -999;   95.17;-999;   16.2;   11.3;   10.6;-999;   0.7;   4;    0.000;   0;eor
       73;20140902;   3;   14.2;  14.8;  -999;    -999;   91.67;-999;   18.8;   11.4;   11.1;-999;   0.0;   0;    0.200;   0;eor
       73;20140903;   3;   15.7;  15.9;  -999;    -999;   89.50;-999;   19.3;   13.3;   12.9;-999;   0.0;   0;    0.283;   0;eor
       73;20140904;   3;   19.2;  17.8;  -999;    -999;   80.54;-999;   25.6;   14.6;   12.6;-999;   0.0;   0;    7.050;   0;eor
       73;20140905;   3;   18.2;  18.3;  -999;    -999;   88.25;-999;   23.3;   12.0;   11.0;-999;   0.0;   0;    6.100;   0;eor
       73;20140906;   3;   19.0;  18.2;  -999;    -999;   84.46;-999;   25.5;   13.8;   12.5;-999;   0.0;   0;    9.233;   0;eor
       73;20140907;   3;   18.2;  17.1;  -999;    -999;   83.96;-999;   27.1;   12.2;   11.2;-999;   0.0;   0;    8.767;   0;eor
       73;20140908;   3;   18.7;  17.6;  -999;    -999;   83.83;-999;   27.0;   12.3;   11.0;-999;   0.0;   0;   10.517;   0;eor
       73;20140909;   3;   17.5;  17.3;  -999;    -999;   87.58;-999;   24.5;   10.7;    9.6;-999;   0.0;   0;    4.583;   0;eor
       73;20140910;   3;   14.8;  13.6;  -999;    -999;   83.42;-999;   23.1;    8.7;    8.0;-999;   0.0;   0;    8.583;   0;eor
       73;20140911;   3;   12.8;  14.0;  -999;    -999;   94.58;-999;   17.7;    9.4;    8.7;-999;   8.1;   4;    0.917;   0;eor
       73;20140912;   3;   12.3;  14.1;  -999;    -999;   98.58;-999;   13.6;    9.0;    7.9;-999;   2.5;   4;    0.000;   0;eor
       73;20140913;   3;   13.1;  15.2;  -999;    -999;   99.46;-999;   15.9;    9.2;    8.4;-999;   5.2;   4;    0.000;   0;eor
       73;20140914;   3;   15.8;  17.4;  -999;    -999;   97.21;-999;   19.3;   14.1;   14.1;-999;   5.6;   4;    0.517;   0;eor
       73;20140915;   3;   16.1;  16.5;  -999;    -999;   91.08;-999;   22.4;   11.7;   10.4;-999;   0.0;   0;    4.467;   0;eor
       73;20140916;   3;   15.5;  15.1;  -999;    -999;   86.54;-999;   23.5;    9.3;    9.1;-999;   0.0;   0;   10.867;   0;eor
       73;20140917;   3;   16.1;  14.1;  -999;    -999;   79.92;-999;   24.4;    8.6;    7.2;-999;   0.0;   0;   11.900;   0;eor
       73;20140918;   3;   15.9;  14.6;  -999;    -999;   82.50;-999;   23.5;    9.3;    7.6;-999;   0.0;   0;    9.017;   0;eor
       73;20140919;   3;   18.2;  17.0;  -999;    -999;   82.75;-999;   25.7;   12.8;   11.5;-999;   6.0;   4;    8.233;   0;eor
       73;20140920;   3;   16.5;  18.0;  -999;    -999;   95.71;-999;   22.4;   12.7;   11.6;-999;   2.1;   4;    2.467;   0;eor
       73;20140921;   3;   15.0;  16.8;  -999;    -999;   98.29;-999;   18.6;   12.0;   11.1;-999;  12.2;   4;    0.750;   0;eor
       73;20140922;   3;   11.0;  11.8;  -999;    -999;   90.29;-999;   16.0;    7.2;    6.3;-999;   4.3;   4;    4.050;   0;eor
       73;20140923;   3;    9.6;  10.0;  -999;    -999;   85.25;-999;   16.3;    3.1;    2.3;-999;   0.0;   0;    4.500;   0;eor
       73;20140924;   3;    9.5;  10.6;  -999;    -999;   88.67;-999;   18.6;    1.3;    0.3;-999;   0.8;   4;    8.783;   0;eor
       73;20140925;   3;   11.6;  12.6;  -999;    -999;   92.08;-999;   15.4;    8.0;    7.1;-999;   0.7;   4;    0.650;   0;eor
       73;20140926;   3;   12.3;  13.5;  -999;    -999;   94.50;-999;   14.6;    9.2;    9.1;-999;   0.4;   4;    0.083;   0;eor
       73;20140927;   3;   13.8;  14.1;  -999;    -999;   90.17;-999;   21.0;    7.9;    6.5;-999;   0.0;   4;    4.683;   0;eor
       73;20140928;   3;   12.2;  12.9;  -999;    -999;   90.71;-999;   21.6;    5.5;    4.4;-999;   0.0;   4;    7.983;   0;eor
       73;20140929;   3;   11.6;  13.3;  -999;    -999;   96.25;-999;   20.9;    6.3;    5.5;-999;   0.1;   4;    4.500;   0;eor
       73;20140930;   3;   13.8;  15.7;  -999;    -999;   98.38;-999;   18.4;    9.8;   10.1;-999;  30.7;   4;    0.117;   0;eor
       73;20141001;   3;   15.0;  16.9;  -999;    -999;   98.67;-999;   18.7;   11.7;   10.8;-999;  11.7;   4;    1.500;   0;eor
       73;20141002;   3;   14.6;  15.3;  -999;    -999;   92.67;-999;   20.4;   10.0;    8.6;-999;   0.0;   0;    4.550;   0;eor
       73;20141003;   3;   12.1;  12.5;  -999;    -999;   89.50;-999;   19.7;    6.5;    6.0;-999;   0.0;   0;    6.967;   0;eor
       73;20141004;   3;   11.2;  12.0;  -999;    -999;   90.21;-999;   17.7;    5.6;    4.2;-999;   0.0;   0;    7.633;   0;eor
       73;20141005;   3;   12.3;  12.6;  -999;    -999;   88.42;-999;   15.3;    9.7;    8.7;-999;   0.0;   0;    0.550;   0;eor
       73;20141006;   3;   10.9;  11.9;  -999;    -999;   91.33;-999;   18.6;    5.5;    4.8;-999;   0.0;   0;    8.550;   0;eor
       73;20141007;   3;   12.5;  12.5;  -999;    -999;   86.42;-999;   18.9;    5.4;    4.4;-999;   0.0;   0;    6.733;   0;eor
       73;20141008;   3;   14.0;  14.2;  -999;    -999;   89.46;-999;   19.1;    9.7;    8.3;-999;   0.0;   0;    4.733;   0;eor
       73;20141009;   3;   14.9;  15.3;  -999;    -999;   90.79;-999;   21.7;   11.2;    9.1;-999;   0.0;   0;    7.067;   0;eor
       73;20141010;   3;   14.6;  15.8;  -999;    -999;   95.25;-999;   21.9;   10.7;    8.7;-999;   0.0;   0;    1.933;   0;eor
       73;20141011;   3;   14.6;  15.8;  -999;    -999;   95.00;-999;   17.6;   10.1;    8.5;-999;   0.0;   4;    0.067;   0;eor
       73;20141012;   3;   14.0;  15.5;  -999;    -999;   96.71;-999;   20.6;   10.8;    8.3;-999;   0.0;   4;    4.700;   0;eor
       73;20141013;   3;   15.0;  16.3;  -999;    -999;   95.58;-999;   20.2;   11.4;    9.3;-999;   2.3;   4;    3.867;   0;eor
       73;20141014;   3;   13.8;  14.7;  -999;    -999;   93.38;-999;   19.2;    7.8;    6.4;-999;   0.4;   4;    4.567;   0;eor
       73;20141015;   3;   12.6;  14.0;  -999;    -999;   95.54;-999;   18.0;    8.2;    7.5;-999;   3.3;   4;    3.067;   0;eor
       73;20141016;   3;   13.8;  15.2;  -999;    -999;   96.00;-999;   18.6;   10.9;   10.1;-999;  15.4;   4;    1.250;   0;eor
       73;20141017;   3;   12.6;  14.4;  -999;    -999;   98.58;-999;   15.0;    8.5;    7.2;-999;  21.4;   4;    0.117;   0;eor
       73;20141018;   3;   11.4;  13.2;  -999;    -999;   97.08;-999;   17.2;    6.9;    5.8;-999;   0.0;   0;    5.200;   0;eor
       73;20141019;   3;   10.8;  12.5;  -999;    -999;   95.71;-999;   19.1;    5.2;    4.2;-999;   0.0;   0;    5.433;   0;eor
       73;20141020;   3;   13.0;  14.7;  -999;    -999;   97.00;-999;   19.7;    7.2;    6.4;-999;  12.4;   4;    0.950;   0;eor
       73;20141021;   3;   12.1;  13.6;  -999;    -999;   96.04;-999;   14.8;    8.2;    6.4;-999;   1.8;   4;    2.067;   0;eor
       73;20141022;   3;    6.4;   8.7;  -999;    -999;   90.13;-999;    8.2;    4.7;    4.5;-999;  14.1;   4;    0.000;   0;eor
       73;20141023;   3;    8.7;  10.7;  -999;    -999;   95.42;-999;   10.6;    7.2;    7.1;-999;   0.4;   4;    0.000;   0;eor
       73;20141024;   3;    7.7;  10.0;  -999;    -999;   95.42;-999;   11.4;    4.8;    3.3;-999;   0.0;   0;    0.133;   0;eor
       73;20141025;   3;    5.8;   8.8;  -999;    -999;   95.58;-999;    7.6;    1.6;    0.3;-999;   0.9;   4;    0.000;   0;eor
       73;20141026;   3;    7.4;   9.7;  -999;    -999;   94.42;-999;   11.8;    3.3;    2.1;-999;   0.0;   0;    3.417;   0;eor
       73;20141027;   3;    5.8;   8.8;  -999;    -999;   94.79;-999;    7.9;    1.6;    0.5;-999;   0.0;   0;    0.000;   0;eor
       73;20141028;   3;    5.1;   7.9;  -999;    -999;   90.00;-999;   10.4;    1.0;    0.1;-999;   0.0;   0;    5.900;   0;eor
       73;20141029;   3;    7.2;   9.4;  -999;    -999;   92.29;-999;   11.5;    3.6;    3.9;-999;   0.0;   0;    3.067;   0;eor
       73;20141030;   3;    7.8;  10.5;  -999;    -999;   99.21;-999;    9.4;    6.1;    5.1;-999;   0.4;   4;    0.000;   0;eor
       73;20141031;   3;    7.5;  10.2;  -999;    -999;   98.17;-999;   11.2;    4.0;    3.5;-999;   0.0;   0;    0.000;   0;eor
       73;20141101;   3;    8.0;  10.4;  -999;    -999;   95.79;-999;   15.2;    3.4;    3.3;-999;   0.0;   0;    5.633;   0;eor
       73;20141102;   3;    7.2;  10.1;  -999;    -999;   98.17;-999;   13.5;    3.7;    3.4;-999;   0.0;   0;    3.933;   0;eor
       73;20141103;   3;    6.1;   9.4;  -999;    -999;  100.00;-999;    7.6;    5.0;    5.4;-999;   0.0;   0;    0.000;   0;eor
       73;20141104;   3;    9.0;   9.8;  -999;    -999;   85.58;-999;   15.1;    4.4;    3.6;-999;   0.0;   0;    8.333;   0;eor
       73;20141105;   3;    9.5;  10.5;  -999;    -999;   88.71;-999;   13.4;    7.5;    5.2;-999;   0.6;   4;    0.133;   0;eor
       73;20141106;   3;    6.6;   9.4;  -999;    -999;   96.17;-999;    8.3;    5.2;    5.4;-999;   0.0;   0;    0.000;   0;eor
       73;20141107;   3;    7.1;   9.8;  -999;    -999;   97.21;-999;    8.4;    6.3;    6.3;-999;   0.1;   4;    0.000;   0;eor
       73;20141108;   3;    7.2;   9.9;  -999;    -999;   96.75;-999;   11.1;    2.4;    0.8;-999;   0.0;   0;    3.817;   0;eor
       73;20141109;   3;    6.1;   9.6;  -999;    -999;   99.92;-999;    8.1;    0.6;   -0.1;-999;   0.0;   0;    0.000;   0;eor
       73;20141110;   3;    7.8;  10.5;  -999;    -999;   99.21;-999;    8.5;    7.1;    7.2;-999;   0.0;   4;    0.000;   0;eor
       73;20141111;   3;    9.2;  11.3;  -999;    -999;   96.96;-999;   12.9;    7.1;    7.0;-999;   0.0;   0;    3.633;   0;eor
       73;20141112;   3;   11.4;  12.2;  -999;    -999;   90.33;-999;   17.3;    8.1;    5.6;-999;   0.1;   4;    7.567;   0;eor
       73;20141113;   3;    8.8;  11.2;  -999;    -999;   98.67;-999;    9.7;    5.0;    3.6;-999;   0.0;   0;    0.000;   0;eor
       73;20141114;   3;    6.1;   9.4;  -999;    -999;   99.33;-999;   10.9;    3.2;    3.6;-999;   0.0;   0;    2.833;   0;eor
       73;20141115;   3;    7.3;   9.8;  -999;    -999;   95.25;-999;   14.2;    3.6;    2.9;-999;   0.0;   0;    6.617;   0;eor
       73;20141116;   3;    7.3;   9.3;  -999;    -999;   90.46;-999;    9.9;    0.9;   -0.9;-999;   0.0;   0;    0.800;   0;eor
       73;20141117;   3;    4.3;   8.0;  -999;    -999;   95.33;-999;   11.4;   -0.5;   -1.3;-999;   6.0;   4;    3.233;   0;eor
       73;20141118;   3;    5.5;   9.0;  -999;    -999;   98.50;-999;    6.5;    2.9;    2.8;-999;  22.1;   4;    0.000;   0;eor
       73;20141119;   3;    6.1;   9.2;  -999;    -999;   97.54;-999;    6.5;    5.7;    5.3;-999;   3.8;   4;    0.000;   0;eor
       73;20141120;   3;    6.1;   8.5;  -999;    -999;   90.21;-999;    8.4;    4.7;    3.5;-999;   0.0;   0;    0.233;   0;eor
       73;20141121;   3;    5.0;   7.2;  -999;    -999;   82.42;-999;    8.4;    1.4;   -0.3;-999;   0.0;   0;    6.733;   0;eor
       73;20141122;   3;    3.2;   6.9;  -999;    -999;   89.67;-999;    6.1;    0.5;   -0.4;-999;   0.0;   0;    5.950;   0;eor
       73;20141123;   3;    3.8;   7.6;  -999;    -999;   93.83;-999;    5.1;    1.8;    0.2;-999;   0.0;   0;    0.000;   0;eor
       73;20141124;   3;    4.8;   8.0;  -999;    -999;   92.75;-999;    5.9;    3.8;    4.0;-999;   0.0;   0;    0.000;   0;eor
       73;20141125;   3;    4.7;   7.6;  -999;    -999;   88.00;-999;    6.5;    1.4;   -1.5;-999;   0.0;   0;    0.533;   0;eor
       73;20141126;   3;    2.3;   6.0;  -999;    -999;   83.71;-999;    5.6;   -0.9;   -3.2;-999;   0.0;   0;    4.317;   0;eor
       73;20141127;   3;    2.9;   6.4;  -999;    -999;   84.83;-999;    6.6;   -0.1;   -1.6;-999;   0.0;   0;    4.133;   0;eor
       73;20141128;   3;    1.5;   6.0;  -999;    -999;   88.08;-999;    3.2;   -0.3;   -1.8;-999;   0.0;   0;    0.700;   0;eor
       73;20141129;   3;    1.8;   6.2;  -999;    -999;   88.58;-999;    3.2;   -0.4;   -1.8;-999;   0.0;   0;    0.000;   0;eor
       73;20141130;   3;    2.9;   6.6;  -999;    -999;   88.29;-999;    3.7;    2.0;    2.0;-999;   0.0;   0;    0.000;   0;eor
       73;20141201;   3;    3.4;   6.6;  -999;    -999;   85.00;-999;    5.1;    2.2;    1.0;-999;   0.9;   4;    0.000;   0;eor
       73;20141202;   3;    2.5;   6.6;  -999;    -999;   90.96;-999;    3.3;    1.7;    1.9;-999;   0.0;   0;    0.000;   0;eor
       73;20141203;   3;    2.9;   6.9;  -999;    -999;   91.83;-999;    4.0;    1.7;    1.8;-999;   0.0;   0;    0.000;   0;eor
       73;20141204;   3;    3.8;   7.5;  -999;    -999;   93.75;-999;    5.3;    1.5;    0.5;-999;   0.0;   0;    0.000;   0;eor
       73;20141205;   3;    3.6;   7.6;  -999;    -999;   96.33;-999;    4.1;    3.0;    3.1;-999;   0.1;   4;    0.000;   0;eor
       73;20141206;   3;    3.2;   7.3;  -999;    -999;   95.17;-999;    3.9;    2.5;    2.6;-999;   0.1;   4;    0.000;   0;eor
       73;20141207;   3;    4.1;   7.8;  -999;    -999;   94.83;-999;    4.9;    3.4;    3.4;-999;   0.8;   4;    0.000;   0;eor
       73;20141208;   3;    2.6;   6.9;  -999;    -999;   93.75;-999;    3.8;    0.3;   -0.7;-999;   3.8;   4;    0.000;   0;eor
       73;20141209;   3;    0.4;   5.9;  -999;    -999;   94.17;-999;    2.4;   -0.9;   -1.5;-999;   0.0;   0;    0.717;   0;eor
       73;20141210;   3;   -0.6;   5.2;  -999;    -999;   89.17;-999;    0.6;   -1.9;   -1.4;-999;   1.2;   4;    0.000;   0;eor
       73;20141211;   3;    4.4;   7.0;  -999;    -999;   84.21;-999;    6.9;    0.6;    0.8;-999;   0.4;   4;    0.300;   0;eor
       73;20141212;   3;    5.8;   6.7;  -999;    -999;   73.08;-999;   10.3;    1.1;   -1.2;-999;   0.0;   0;    7.133;   0;eor
       73;20141213;   3;    3.2;   6.6;  -999;    -999;   85.04;-999;    6.7;    0.3;   -1.9;-999;   0.0;   0;    0.400;   0;eor
       73;20141214;   3;    5.0;   7.4;  -999;    -999;   84.42;-999;    8.7;    2.2;    1.4;-999;   0.0;   0;    2.367;   0;eor
       73;20141215;   3;    4.9;   7.9;  -999;    -999;   90.92;-999;    5.8;    3.6;    2.4;-999;   0.6;   4;    0.000;   0;eor
       73;20141216;   3;    5.3;   8.4;  -999;    -999;   94.79;-999;    7.0;    4.1;    2.9;-999;   3.4;   4;    0.000;   0;eor
       73;20141217;   3;    3.5;   7.4;  -999;    -999;   94.21;-999;    5.0;   -0.2;   -2.0;-999;   3.4;   4;    0.050;   0;eor
       73;20141218;   3;    7.9;  10.2;  -999;    -999;   94.58;-999;   10.9;    4.9;    4.7;-999;   4.6;   4;    0.200;   0;eor
       73;20141219;   3;   10.5;  10.5;  -999;    -999;   83.25;-999;   13.0;    6.9;    4.1;-999;   5.7;   4;    5.467;   0;eor
       73;20141220;   3;    5.5;   7.3;  -999;    -999;   80.92;-999;    8.1;    1.1;    0.9;-999;   5.6;   4;    3.183;   0;eor
       73;20141221;   3;    4.0;   6.9;  -999;    -999;   84.96;-999;    6.2;    1.1;    0.2;-999;   0.0;   0;    0.833;   0;eor
       73;20141222;   3;    5.2;   7.2;  -999;    -999;   81.00;-999;    8.1;    3.6;    1.1;-999;   0.0;   0;    0.033;   0;eor
       73;20141223;   3;    4.1;   6.6;  -999;    -999;   81.17;-999;    9.6;   -1.8;   -4.3;-999;   0.0;   0;    6.167;   0;eor
       73;20141224;   3;    2.2;   6.1;  -999;    -999;   85.13;-999;    7.1;   -3.6;   -5.9;-999;   0.0;   0;    4.400;   0;eor
       73;20141225;   3;    5.0;   6.9;  -999;    -999;   78.67;-999;    7.7;    2.1;    0.2;-999;   0.9;   4;    0.650;   0;eor
       73;20141226;   3;    0.6;   5.7;  -999;    -999;   88.88;-999;    3.1;   -2.9;   -6.0;-999;   0.6;   4;    1.817;   0;eor
       73;20141227;   3;   -2.9;   4.5;  -999;    -999;   91.25;-999;   -1.9;   -4.6;   -7.0;-999;   5.9;   4;    0.000;   0;eor
       73;20141228;   3;   -4.4;   3.8;  -999;    -999;   83.21;-999;   -0.5;  -15.3;  -18.5;-999;   0.1;   4;    0.717;  10;eor
       73;20141229;   3;   -9.9;   2.7;  -999;    -999;   91.13;-999;   -5.9;  -16.3;  -21.0;-999;   2.0;   4;    0.000;  10;eor
       73;20141230;   3;   -7.5;   3.3;  -999;    -999;   93.63;-999;   -4.6;  -13.1;  -11.6;-999;   2.9;   4;    0.000;  12;eor
       73;20141231;   3;   -3.1;   4.7;  -999;    -999;   96.00;-999;   -1.4;   -4.9;   -2.8;-999;   0.6;   4;    0.000;  17;eor
       73;20150101;   3;   -0.5;   5.7;  -999;    -999;   96.00;-999;    0.8;   -2.1;   -2.1;-999;   0.0;   0;    0.000;  17;eor
       73;20150102;   3;   -0.9;   5.6;  -999;    -999;   97.13;-999;    2.4;   -4.3;   -6.9;-999;   9.4;   4;    0.100;  13;eor
       73;20150103;   3;    0.9;   6.0;  -999;    -999;   93.00;-999;    3.6;   -1.6;   -2.3;-999;  12.2;   4;    0.217;   6;eor
       73;20150104;   3;    1.1;   6.0;  -999;    -999;   91.04;-999;    1.8;    0.3;   -0.6;-999;   0.4;   4;    0.000;   6;eor
       73;20150105;   3;    0.7;   5.5;  -999;    -999;   84.75;-999;    1.9;   -1.5;   -2.0;-999;   0.0;   0;    0.000;   5;eor
       73;20150106;   3;   -0.7;   5.2;  -999;    -999;   89.46;-999;    3.2;   -3.0;   -4.7;-999;   0.0;   0;    4.067;   4;eor
       73;20150107;   3;   -1.9;   5.1;  -999;    -999;   95.96;-999;    0.2;   -4.3;   -5.2;-999;   1.7;   4;    0.000;   4;eor
       73;20150108;   3;    1.1;   6.3;  -999;    -999;   94.92;-999;    6.0;   -2.8;   -3.1;-999;   1.3;   4;    0.233;   4;eor
       73;20150109;   3;    5.5;   7.6;  -999;    -999;   83.92;-999;    8.8;    0.7;   -0.9;-999;   5.5;   4;    0.000;   0;eor
       73;20150110;   3;   12.7;  11.4;  -999;    -999;   77.79;-999;   16.2;    8.1;    7.3;-999;   5.2;   4;    2.983;   0;eor
       73;20150111;   3;    3.6;   6.9;  -999;    -999;   85.79;-999;    8.3;    1.0;    0.2;-999;   3.3;   4;    1.533;   0;eor
       73;20150112;   3;    3.2;   6.0;  -999;    -999;   77.71;-999;    5.5;   -1.3;   -3.5;-999;   0.0;   0;    0.467;   0;eor
       73;20150113;   3;    1.6;   5.7;  -999;    -999;   83.83;-999;    8.0;   -3.2;   -4.9;-999;   0.0;   0;    7.767;   0;eor
       73;20150114;   3;    2.7;   6.4;  -999;    -999;   86.63;-999;    5.7;   -0.8;   -2.8;-999;   2.8;   4;    0.050;   0;eor
       73;20150115;   3;    1.8;   6.1;  -999;    -999;   87.54;-999;    4.7;   -0.9;   -3.3;-999;   0.0;   0;    0.633;   0;eor
       73;20150116;   3;    1.9;   6.4;  -999;    -999;   90.63;-999;    4.4;   -1.7;   -3.5;-999;   0.1;   4;    1.750;   0;eor
       73;20150117;   3;    2.0;   6.8;  -999;    -999;   96.33;-999;    3.0;    0.2;   -1.9;-999;   4.2;   4;    0.000;   0;eor
       73;20150118;   3;    2.2;   6.7;  -999;    -999;   94.17;-999;    3.9;    1.5;    0.6;-999;   0.2;   4;    0.033;   0;eor
       73;20150119;   3;    1.6;   6.1;  -999;    -999;   88.50;-999;    3.9;   -1.6;   -3.8;-999;   0.0;   0;    1.150;   0;eor
       73;20150120;   3;   -0.5;   5.5;  -999;    -999;   93.50;-999;    0.8;   -2.8;   -4.9;-999;   0.0;   4;    0.000;   0;eor
       73;20150121;   3;    0.2;   5.5;  -999;    -999;   88.58;-999;    2.3;   -2.2;   -4.5;-999;   0.0;   0;    1.483;   0;eor
       73;20150122;   3;   -0.6;   5.6;  -999;    -999;   95.92;-999;    2.6;   -3.7;   -5.3;-999;   0.1;   4;    1.950;   0;eor
       73;20150123;   3;    1.0;   6.4;  -999;    -999;   97.42;-999;    1.9;    0.1;    0.0;-999;   2.0;   4;    0.000;   0;eor
       73;20150124;   3;    0.0;   5.6;  -999;    -999;   92.42;-999;    0.4;   -0.4;   -0.9;-999;   0.1;   4;    0.000;   2;eor
       73;20150125;   3;    0.7;   5.6;  -999;    -999;   87.63;-999;    2.5;   -0.3;   -0.9;-999;   0.7;   4;    0.333;   0;eor
       73;20150126;   3;    0.0;   5.7;  -999;    -999;   94.38;-999;    1.6;   -1.2;   -3.5;-999;   5.7;   4;    0.000;   0;eor
       73;20150127;   3;    0.5;   6.0;  -999;    -999;   94.00;-999;    1.9;   -0.8;   -1.9;-999;   0.8;   4;    0.450;   5;eor
       73;20150128;   3;    0.7;   5.7;  -999;    -999;   89.58;-999;    3.2;   -1.2;   -2.6;-999;   4.3;   4;    1.550;   2;eor
       73;20150129;   3;    0.7;   5.9;  -999;    -999;   91.71;-999;    3.1;   -1.0;   -2.3;-999;   0.3;   4;    3.500;   3;eor
       73;20150130;   3;   -0.3;   5.2;  -999;    -999;   85.79;-999;    1.8;   -3.8;   -5.1;-999;   0.9;   4;    0.000;   0;eor
       73;20150131;   3;   -0.7;   5.1;  -999;    -999;   88.38;-999;    4.1;   -4.2;   -6.1;-999;   0.0;   0;    3.083;   1;eor
       73;20150201;   3;   -0.9;   5.1;  -999;    -999;   89.46;-999;    2.8;   -3.1;   -5.0;-999;   1.5;   4;    3.150;   0;eor
       73;20150202;   3;   -0.8;   5.4;  -999;    -999;   94.71;-999;    1.6;   -3.3;   -7.1;-999;   2.4;   4;    1.933;   6;eor
       73;20150203;   3;   -4.5;   3.9;  -999;    -999;   90.00;-999;    1.2;  -10.3;  -12.4;-999;   0.0;   0;    6.783;   8;eor
       73;20150204;   3;   -7.1;   3.4;  -999;    -999;   94.04;-999;   -1.3;  -11.4;  -12.6;-999;   0.0;   0;    6.000;   8;eor
       73;20150205;   3;   -2.3;   3.9;  -999;    -999;   77.00;-999;    1.6;   -7.2;   -7.9;-999;   0.0;   0;    4.133;   7;eor
       73;20150206;   3;   -2.7;   3.5;  -999;    -999;   70.17;-999;    0.0;   -6.7;  -10.0;-999;   0.0;   0;    2.233;   5;eor
       73;20150207;   3;   -4.2;   3.3;  -999;    -999;   74.58;-999;    1.0;   -7.7;   -9.2;-999;   0.4;   4;    8.517;   5;eor
       73;20150208;   3;   -1.9;   4.3;  -999;    -999;   81.08;-999;    1.4;   -5.2;  -10.7;-999;   1.6;   4;    3.200;   9;eor
       73;20150209;   3;   -1.2;   4.7;  -999;    -999;   83.75;-999;    1.5;   -3.7;   -4.4;-999;   1.7;   4;    0.000;  13;eor
       73;20150210;   3;    1.7;   6.0;  -999;    -999;   87.63;-999;    2.9;    0.9;    0.0;-999;   0.0;   0;    0.000;  11;eor
       73;20150211;   3;    1.0;   5.9;  -999;    -999;   89.54;-999;    2.4;    0.0;   -0.1;-999;   0.0;   0;    0.000;   5;eor
       73;20150212;   3;   -0.1;   5.5;  -999;    -999;   91.25;-999;    0.6;   -0.9;   -0.7;-999;   0.0;   0;    0.000;   4;eor
       73;20150213;   3;   -0.9;   5.5;  -999;    -999;   95.50;-999;    0.0;   -1.3;   -1.2;-999;   0.0;   0;    0.000;   4;eor
       73;20150214;   3;   -1.7;   5.1;  -999;    -999;   94.58;-999;    0.4;   -5.0;   -5.7;-999;   0.0;   0;    0.200;   0;eor
       73;20150215;   3;   -1.3;   5.0;  -999;    -999;   90.29;-999;    5.2;   -6.9;   -7.3;-999;   0.0;   0;    8.317;   0;eor
       73;20150216;   3;   -3.2;   4.7;  -999;    -999;   96.75;-999;    1.1;   -5.5;   -6.4;-999;   0.0;   0;    4.283;   0;eor
       73;20150217;   3;   -2.9;   4.8;  -999;    -999;   95.38;-999;   -0.1;   -7.4;   -7.5;-999;   0.0;   0;    7.850;   0;eor
       73;20150218;   3;   -0.5;   5.5;  -999;    -999;   93.38;-999;    0.0;   -0.7;   -0.8;-999;   0.0;   0;    0.000;   0;eor
       73;20150219;   3;   -1.2;   5.1;  -999;    -999;   90.54;-999;   -0.1;   -3.8;   -4.7;-999;   0.0;   0;    0.000;   0;eor
       73;20150220;   3;   -0.6;   5.3;  -999;    -999;   90.67;-999;    7.2;   -5.2;   -5.2;-999;   0.0;   0;    6.367;   0;eor
       73;20150221;   3;    1.0;   5.5;  -999;    -999;   83.58;-999;    8.1;   -4.1;   -5.6;-999;   0.0;   0;    6.067;   0;eor
       73;20150222;   3;    2.2;   6.5;  -999;    -999;   91.46;-999;    6.2;   -0.6;   -2.0;-999;   0.0;   4;    1.067;   0;eor
       73;20150223;   3;    3.5;   6.9;  -999;    -999;   88.92;-999;    7.9;    1.4;    0.7;-999;   2.4;   4;    3.683;   0;eor
       73;20150224;   3;    3.6;   7.2;  -999;    -999;   91.42;-999;    7.0;    1.6;   -0.1;-999;   1.0;   4;    0.233;   0;eor
       73;20150225;   3;    1.9;   6.2;  -999;    -999;   88.75;-999;    6.5;   -1.1;   -2.8;-999;   0.0;   0;    1.333;   0;eor
       73;20150226;   3;    1.1;   5.7;  -999;    -999;   87.58;-999;    8.3;   -2.2;   -4.6;-999;   0.0;   0;    6.700;   0;eor
       73;20150227;   3;    2.1;   6.0;  -999;    -999;   84.04;-999;    9.1;   -3.5;   -5.7;-999;   0.0;   0;    9.383;   0;eor
       73;20150228;   3;    2.6;   6.7;  -999;    -999;   91.83;-999;    3.9;   -0.4;   -2.2;-999;   0.5;   4;    0.000;   0;eor
       73;20150301;   3;    1.9;   7.0;  -999;    -999;   99.04;-999;    5.0;   -1.5;   -2.2;-999;   4.6;   4;    0.000;   0;eor
       73;20150302;   3;    5.3;   8.1;  -999;    -999;   89.75;-999;    8.4;    0.5;    0.0;-999;   3.8;   4;    0.300;   0;eor
       73;20150303;   3;    3.0;   5.7;  -999;    -999;   76.13;-999;    8.8;   -1.7;   -4.4;-999;   0.8;   4;    8.267;   0;eor
       73;20150304;   3;    3.6;   6.1;  -999;    -999;   77.58;-999;    7.8;    0.2;   -2.3;-999;   0.0;   0;    3.100;   0;eor
       73;20150305;   3;    2.0;   5.7;  -999;    -999;   80.79;-999;    6.1;   -1.3;   -4.1;-999;   0.1;   4;    1.783;   0;eor
       73;20150306;   3;    3.2;   6.0;  -999;    -999;   78.08;-999;    8.9;   -0.4;   -2.9;-999;   0.0;   0;    4.433;   0;eor
       73;20150307;   3;    4.4;   6.1;  -999;    -999;   74.83;-999;   10.0;   -0.4;   -2.6;-999;   0.0;   0;    7.967;   0;eor
       73;20150308;   3;    4.6;   6.0;  -999;    -999;   72.58;-999;   13.1;   -2.7;   -4.6;-999;   0.0;   0;   10.233;   0;eor
       73;20150309;   3;    4.5;   5.3;  -999;    -999;   67.29;-999;   13.1;   -1.9;   -3.9;-999;   0.0;   0;    8.983;   0;eor
       73;20150310;   3;    4.6;   5.9;  -999;    -999;   72.67;-999;   14.8;   -3.3;   -5.3;-999;   1.0;   4;   10.133;   0;eor
       73;20150311;   3;    5.6;   6.7;  -999;    -999;   73.71;-999;    9.3;    0.2;   -2.0;-999;   0.7;   4;    6.083;   0;eor
       73;20150312;   3;    4.0;   5.8;  -999;    -999;   73.46;-999;    8.2;    0.1;   -1.3;-999;   0.0;   0;    2.983;   0;eor
       73;20150313;   3;    4.0;   5.4;  -999;    -999;   66.83;-999;    5.5;    1.8;   -0.4;-999;   0.0;   0;    0.000;   0;eor
       73;20150314;   3;    4.0;   6.3;  -999;    -999;   77.29;-999;    6.2;    2.2;    1.9;-999;   0.0;   0;    0.000;   0;eor
       73;20150315;   3;    6.2;   6.0;  -999;    -999;   65.29;-999;   12.1;    0.8;   -1.7;-999;   0.0;   0;   10.017;   0;eor
       73;20150316;   3;    7.8;   6.1;  -999;    -999;   59.04;-999;   14.5;    0.4;   -2.5;-999;   0.0;   0;    5.067;   0;eor
       73;20150317;   3;   10.2;   6.8;  -999;    -999;   56.21;-999;   16.7;    3.1;    0.1;-999;   0.0;   0;    7.500;   0;eor
       73;20150318;   3;    7.0;   6.1;  -999;    -999;   64.08;-999;   16.0;   -1.1;   -3.4;-999;   0.0;   0;   11.400;   0;eor
       73;20150319;   3;    5.7;   5.7;  -999;    -999;   65.75;-999;   14.7;   -2.0;   -4.1;-999;   0.0;   0;   11.233;   0;eor
       73;20150320;   3;    4.4;   5.3;  -999;    -999;   68.04;-999;   14.4;   -1.9;   -4.1;-999;   0.0;   0;   10.917;   0;eor
       73;20150321;   3;    5.8;   6.2;  -999;    -999;   69.54;-999;   15.0;   -4.0;   -6.0;-999;   1.0;   4;    7.650;   0;eor
       73;20150322;   3;    5.6;   7.2;  -999;    -999;   79.79;-999;    8.1;    2.8;   -0.3;-999;   0.0;   0;    0.000;   0;eor
       73;20150323;   3;    3.5;   6.4;  -999;    -999;   81.71;-999;   10.4;   -1.9;   -3.9;-999;   0.0;   0;    7.033;   0;eor
       73;20150324;   3;    5.1;   7.3;  -999;    -999;   84.04;-999;   15.1;   -1.9;   -3.5;-999;   0.0;   0;    6.400;   0;eor
       73;20150325;   3;    9.2;   7.7;  -999;    -999;   68.50;-999;   15.7;   -0.5;   -2.1;-999;   0.0;   0;    5.983;   0;eor
       73;20150326;   3;    7.7;   8.7;  -999;    -999;   82.54;-999;   10.0;    5.3;    4.5;-999;   5.3;   4;    0.000;   0;eor
       73;20150327;   3;    6.5;   7.7;  -999;    -999;   80.58;-999;   10.6;    4.7;    3.9;-999;   0.0;   4;    1.550;   0;eor
       73;20150328;   3;    6.5;   6.6;  -999;    -999;   69.75;-999;   12.0;    2.6;    0.5;-999;   2.0;   4;    5.233;   0;eor
       73;20150329;   3;    9.3;   9.8;  -999;    -999;   84.04;-999;   13.0;    4.2;    3.9;-999;   9.1;   4;    0.350;   0;eor
       73;20150330;   3;    6.6;   7.9;  -999;    -999;   81.08;-999;   10.8;    1.7;   -0.1;-999;   8.3;   4;    2.550;   0;eor
       73;20150331;   3;    7.8;  -999;  -999;    -999;    -999;-999;   14.6;    3.2;    2.4;-999;  -999;-999;    0.350;   0;eor
       73;20150401;   3;    2.8;  -999;  -999;    -999;    -999;-999;    7.7;    0.0;    0.0;-999;  -999;-999;    3.500;   0;eor
       73;20150402;   3;    3.1;   6.6;  -999;    -999;   86.13;-999;    6.9;    0.0;   -1.0;-999;   1.9;   4;    1.300;   0;eor
       73;20150403;   3;    3.8;   5.8;  -999;    -999;   73.08;-999;    9.9;   -0.4;   -1.9;-999;   0.0;   0;    9.050;   0;eor
       73;20150404;   3;    3.8;   6.4;  -999;    -999;   79.50;-999;    7.6;    1.3;   -0.1;-999;   0.8;   4;    0.000;   0;eor
       73;20150405;   3;    3.1;   5.0;  -999;    -999;   68.29;-999;    9.1;   -2.3;   -3.9;-999;   0.0;   0;    7.917;   0;eor
       73;20150406;   3;    2.0;   5.6;  -999;    -999;   79.92;-999;    8.5;   -1.3;   -3.0;-999;   0.4;   4;    4.583;   0;eor
       73;20150407;   3;    3.9;   5.5;  -999;    -999;   70.25;-999;    9.8;   -1.8;   -3.3;-999;   0.0;   0;   11.167;   0;eor
       73;20150408;   3;    5.8;   6.8;  -999;    -999;   74.50;-999;   12.6;    0.5;   -1.4;-999;   0.0;   0;    3.317;   0;eor
       73;20150409;   3;    8.2;   8.3;  -999;    -999;   78.00;-999;   17.0;   -0.6;   -2.0;-999;   0.0;   0;   12.050;   0;eor
       73;20150410;   3;   10.7;   8.5;  -999;    -999;   70.38;-999;   21.2;    1.6;   -0.2;-999;   0.0;   0;   11.417;   0;eor
       73;20150411;   3;   12.0;   8.8;  -999;    -999;   66.67;-999;   19.5;    2.9;    1.5;-999;   0.0;   0;    9.333;   0;eor
       73;20150412;   3;   12.2;   9.8;  -999;    -999;   70.58;-999;   18.4;    5.0;    3.4;-999;   0.0;   0;    5.700;   0;eor
       73;20150413;   3;   10.3;   9.0;  -999;    -999;   73.08;-999;   18.1;    2.8;    1.3;-999;   0.6;   4;    5.033;   0;eor
       73;20150414;   3;   10.5;   7.7;  -999;    -999;   64.17;-999;   19.0;    2.6;    0.9;-999;   0.0;   0;    8.783;   0;eor
       73;20150415;   3;   13.0;   8.6;  -999;    -999;   63.46;-999;   23.9;    3.1;    1.3;-999;   0.0;   0;   12.767;   0;eor
       73;20150416;   3;   13.8;   9.3;  -999;    -999;   62.54;-999;   23.4;    4.5;    2.1;-999;   1.1;   4;    9.083;   0;eor
       73;20150417;   3;   11.2;  11.5;  -999;    -999;   84.92;-999;   16.1;    6.4;    5.0;-999;   6.2;   4;    0.700;   0;eor
       73;20150418;   3;    6.8;   6.2;  -999;    -999;   64.25;-999;   12.5;    0.3;   -1.4;-999;   0.0;   0;    8.933;   0;eor
       73;20150419;   3;    6.6;   6.4;  -999;    -999;   68.13;-999;   15.2;   -1.7;   -3.2;-999;   0.0;   0;   13.050;   0;eor
       73;20150420;   3;    9.3;   7.2;  -999;    -999;   66.08;-999;   18.6;   -0.3;   -1.6;-999;   0.0;   0;   13.017;   0;eor
       73;20150421;   3;   12.1;   7.2;  -999;    -999;   56.71;-999;   21.7;    2.1;    0.1;-999;   0.0;   0;   13.217;   0;eor
       73;20150422;   3;   11.5;   7.2;  -999;    -999;   58.13;-999;   20.8;    2.5;    0.1;-999;   0.4;   4;   11.700;   0;eor
       73;20150423;   3;    5.9;   8.0;  -999;    -999;   85.75;-999;    9.1;    1.9;    0.4;-999;   0.2;   4;    2.850;   0;eor
       73;20150424;   3;    8.3;   8.4;  -999;    -999;   80.17;-999;   17.3;    1.3;    1.8;-999;   0.0;   0;    8.983;   0;eor
       73;20150425;   3;   12.6;   9.8;  -999;    -999;   70.63;-999;   22.0;    1.7;   -0.2;-999;   2.8;   4;    8.717;   0;eor
       73;20150426;   3;   14.8;  12.9;  -999;    -999;   78.25;-999;   21.6;   10.0;    7.5;-999;   0.0;   0;    6.267;   0;eor
       73;20150427;   3;   16.7;  11.7;  -999;    -999;   64.75;-999;   24.4;    7.5;    6.0;-999;   0.0;   0;   12.567;   0;eor
       73;20150428;   3;    8.4;  10.2;  -999;    -999;   91.79;-999;   13.3;    3.3;    1.7;-999;   5.4;   4;    0.000;   0;eor
       73;20150429;   3;    8.2;   8.0;  -999;    -999;   75.75;-999;   14.1;    2.0;    0.5;-999;   0.0;   0;    9.450;   0;eor
       73;20150430;   3;    8.4;   9.6;  -999;    -999;   87.21;-999;   13.4;    3.8;    2.5;-999;  12.1;   4;    3.267;   0;eor
       73;20150501;   3;    9.2;  11.1;  -999;    -999;   95.17;-999;   10.9;    7.9;    7.9;-999;  14.2;   4;    0.000;-999;eor
       73;20150502;   3;   11.0;  11.4;  -999;    -999;   87.63;-999;   14.7;    8.4;    7.9;-999;   1.9;   4;    1.383;-999;eor
       73;20150503;   3;   12.6;  14.1;  -999;    -999;   96.25;-999;   14.8;    9.2;    9.1;-999;   4.0;   4;    0.000;-999;eor
       73;20150504;   3;   16.7;  16.4;  -999;    -999;   87.38;-999;   20.3;   12.9;   11.3;-999;   0.1;   4;    1.317;-999;eor
       73;20150505;   3;   19.1;  17.3;  -999;    -999;   79.50;-999;   26.9;   13.6;   12.2;-999;   2.9;   4;    6.950;-999;eor
       73;20150506;   3;   12.7;  13.9;  -999;    -999;   94.50;-999;   14.6;    8.3;    6.8;-999;  12.9;   4;    1.883;-999;eor
       73;20150507;   3;   12.6;  11.5;  -999;    -999;   80.83;-999;   19.2;    7.0;    5.6;-999;   0.0;   0;    7.700;-999;eor
       73;20150508;   3;   14.6;  11.9;  -999;    -999;   74.13;-999;   24.3;    6.2;    5.3;-999;   0.0;   0;   12.483;-999;eor
       73;20150509;   3;   12.9;  13.6;  -999;    -999;   91.96;-999;   18.3;    9.0;    8.0;-999;  11.7;   4;    0.817;-999;eor
       73;20150510;   3;   13.3;  12.0;  -999;    -999;   80.83;-999;   20.4;    7.1;    5.9;-999;   0.2;   4;    7.900;-999;eor
       73;20150511;   3;   13.8;  10.6;  -999;    -999;   70.17;-999;   21.7;    5.3;    4.1;-999;   0.0;   0;   11.900;-999;eor
       73;20150512;   3;   17.7;  13.1;  -999;    -999;   64.79;-999;   25.5;    9.3;    7.0;-999;   0.0;   0;   12.283;-999;eor
       73;20150513;   3;   17.4;  14.4;  -999;    -999;   73.33;-999;   22.8;   13.2;   11.5;-999;   1.5;   4;    7.417;-999;eor
       73;20150514;   3;   15.9;  13.5;  -999;    -999;   76.38;-999;   21.0;   11.6;   10.2;-999;   0.0;   0;    7.900;-999;eor
       73;20150515;   3;   13.8;  11.9;  -999;    -999;   75.96;-999;   18.3;    8.3;    6.7;-999;   0.0;   0;    0.883;-999;eor
       73;20150516;   3;   14.9;  10.4;  -999;    -999;   65.58;-999;   22.2;    5.8;    4.3;-999;   0.1;   4;   11.683;-999;eor
       73;20150517;   3;   14.1;  12.3;  -999;    -999;   77.21;-999;   19.1;   10.5;    9.3;-999;   0.1;   4;    4.100;-999;eor
       73;20150518;   3;   16.1;  12.8;  -999;    -999;   73.00;-999;   24.3;    6.9;    5.5;-999;   4.2;   4;   13.483;-999;eor
       73;20150519;   3;   14.1;  14.6;  -999;    -999;   91.17;-999;   17.6;   12.1;   11.2;-999;  18.5;   4;    0.433;-999;eor
       73;20150520;   3;    9.2;  11.3;  -999;    -999;   96.25;-999;   12.3;    7.6;    7.6;-999;  -999;-999;    0.000;-999;eor
       73;20150521;   3;    9.8;  -999;  -999;    -999;    -999;-999;   11.9;    7.8;    7.6;-999;   1.5;   4;    0.000;-999;eor
       73;20150522;   3;   12.2;  11.2;  -999;    -999;   79.83;-999;   16.3;    6.7;    5.2;-999;   0.0;   0;    3.533;-999;eor
       73;20150523;   3;   11.8;  12.1;  -999;    -999;   88.21;-999;   15.6;    9.7;    9.8;-999;  19.9;   4;    0.000;-999;eor
       73;20150524;   3;   11.9;  12.9;  -999;    -999;   92.75;-999;   14.9;    9.5;    9.6;-999;   1.6;   4;    0.000;-999;eor
       73;20150525;   3;   14.7;  13.5;  -999;    -999;   81.63;-999;   20.7;   10.5;   10.6;-999;   0.0;   4;    7.000;-999;eor
       73;20150526;   3;   13.3;  11.8;  -999;    -999;   77.54;-999;   18.2;    9.5;    8.3;-999;   0.0;   0;    3.983;-999;eor
       73;20150527;   3;   10.5;   9.5;  -999;    -999;   75.42;-999;   15.5;    4.7;    3.5;-999;   0.0;   0;    3.933;-999;eor
       73;20150528;   3;   12.5;  10.2;  -999;    -999;   73.13;-999;   20.6;    5.7;    5.3;-999;   0.0;   0;    9.333;-999;eor
       73;20150529;   3;   15.8;  12.2;  -999;    -999;   72.42;-999;   25.2;    7.3;    6.3;-999;   1.6;   4;   11.850;-999;eor
       73;20150530;   3;   14.4;  13.6;  -999;    -999;   83.67;-999;   20.4;    8.7;    7.8;-999;   0.0;   0;    7.733;-999;eor
       73;20150531;   3;   15.7;  13.0;  -999;    -999;   75.04;-999;   22.2;    7.7;    6.7;-999;   0.0;   0;    8.850;-999;eor
       73;20150601;   3;   19.0;  15.3;  -999;    -999;   72.92;-999;   27.5;   11.2;    9.9;-999;   8.3;   4;   11.217;-999;eor
       73;20150602;   3;   19.5;  17.7;  -999;    -999;   79.83;-999;   25.9;   14.4;   13.7;-999;   0.2;   4;   10.033;-999;eor
       73;20150603;   3;   21.3;  16.7;  -999;    -999;   69.33;-999;   29.5;   13.4;   12.1;-999;   0.2;   4;   12.783;-999;eor
       73;20150604;   3;   21.0;  16.2;  -999;    -999;   67.54;-999;   28.8;   13.4;   12.4;-999;   0.0;   0;   12.783;-999;eor
       73;20150605;   3;   21.4;  16.0;  -999;    -999;   64.63;-999;   28.7;   12.9;   11.4;-999;   0.0;   0;   13.367;-999;eor
       73;20150606;   3;   22.8;  16.5;  -999;    -999;   63.04;-999;   33.1;   12.0;   10.9;-999;   0.0;   4;   13.133;-999;eor
       73;20150607;   3;   22.5;  20.2;  -999;    -999;   75.33;-999;   29.1;   16.5;   15.7;-999;   0.0;   0;   12.583;-999;eor
       73;20150608;   3;   18.4;  17.9;  -999;    -999;   85.08;-999;   23.8;   13.8;   14.4;-999;  18.0;   4;    3.383;-999;eor
       73;20150609;   3;   14.1;  14.9;  -999;    -999;   92.54;-999;   16.3;   12.9;   13.0;-999;   0.8;   4;    0.000;-999;eor
       73;20150610;   3;   16.5;  15.2;  -999;    -999;   81.17;-999;   21.2;   11.7;   11.2;-999;   0.0;   0;    2.683;-999;eor
       73;20150611;   3;   19.8;  17.1;  -999;    -999;   74.83;-999;   26.1;   14.0;   13.5;-999;   0.0;   0;    7.550;-999;eor
       73;20150612;   3;   22.0;  18.7;  -999;    -999;   73.58;-999;   31.2;   14.1;   13.4;-999;   0.0;   0;   13.200;-999;eor
       73;20150613;   3;   21.5;  19.1;  -999;    -999;   76.29;-999;   28.9;   14.6;   14.1;-999;   0.0;   0;    9.400;-999;eor
       73;20150614;   3;   21.6;  19.2;  -999;    -999;   76.04;-999;   28.6;   15.6;   14.5;-999;   0.1;   4;    9.417;-999;eor
       73;20150615;   3;   16.4;  17.7;  -999;    -999;   94.67;-999;   19.2;   14.5;   14.3;-999;   8.5;   4;    0.000;-999;eor
       73;20150616;   3;   16.1;  -999;  -999;    -999;    -999;-999;   19.3;   11.0;    9.1;-999;   0.1;   4;    3.000;-999;eor
       73;20150617;   3;   14.6;  -999;  -999;    -999;    -999;-999;   21.2;    9.9;    8.7;-999;   0.0;   0;    9.000;-999;eor
       73;20150618;   3;   14.3;  14.7;  -999;    -999;   90.08;-999;   18.8;    9.3;    9.1;-999;   3.0;   4;    0.083;-999;eor
       73;20150619;   3;   13.6;  13.5;  -999;    -999;   86.33;-999;   17.2;   10.8;   10.2;-999;   0.1;   4;    1.450;-999;eor
       73;20150620;   3;   11.8;  12.3;  -999;    -999;   89.13;-999;   16.5;    8.5;    7.8;-999;   3.7;   4;    2.783;-999;eor
       73;20150621;   3;   12.8;  12.8;  -999;    -999;   87.21;-999;   16.3;    8.4;    7.5;-999;   0.9;   4;    0.733;-999;eor
       73;20150622;   3;   14.6;  14.4;  -999;    -999;   87.58;-999;   21.6;   11.2;   10.3;-999;  10.1;   4;    3.600;-999;eor
       73;20150623;   3;   13.5;  12.0;  -999;    -999;   78.75;-999;   18.6;    9.2;    8.2;-999;   0.7;   4;    7.467;-999;eor
       73;20150624;   3;   13.7;  12.3;  -999;    -999;   80.21;-999;   20.7;    8.0;    7.2;-999;   0.0;   0;    5.367;-999;eor
       73;20150625;   3;   15.1;  12.2;  -999;    -999;   74.04;-999;   23.7;    6.3;    5.6;-999;   0.0;   0;   11.583;-999;eor
       73;20150626;   3;   17.8;  14.3;  -999;    -999;   73.00;-999;   25.4;    8.5;    7.7;-999;   0.0;   0;   10.583;-999;eor
       73;20150627;   3;   17.6;  17.5;  -999;    -999;   86.96;-999;   22.5;   12.7;   12.1;-999;   2.7;   4;    1.950;-999;eor
       73;20150628;   3;   17.5;  15.2;  -999;    -999;   78.71;-999;   23.8;   11.6;   10.8;-999;   0.0;   0;    8.983;-999;eor
       73;20150629;   3;   18.2;  15.6;  -999;    -999;   77.29;-999;   27.0;   11.0;   10.2;-999;   0.0;   0;    8.350;-999;eor
       73;20150630;   3;   20.7;  17.2;  -999;    -999;   74.04;-999;   28.9;   12.1;   10.9;-999;   0.0;   0;   11.767;-999;eor
       73;20150701;   3;   22.5;  17.1;  -999;    -999;   67.83;-999;   30.7;   13.5;   12.6;-999;   0.0;   0;   13.250;-999;eor
       73;20150702;   3;   23.3;  18.7;  -999;    -999;   69.71;-999;   31.7;   13.8;   12.7;-999;   0.0;   0;   13.283;-999;eor
       73;20150703;   3;   24.3;  17.9;  -999;    -999;   64.29;-999;   33.0;   14.6;   13.4;-999;   0.0;   0;   12.933;-999;eor
       73;20150704;   3;   25.8;  19.2;  -999;    -999;   62.71;-999;   34.3;   17.1;   15.7;-999;   0.0;   0;   13.033;-999;eor
       73;20150705;   3;   26.1;  19.7;  -999;    -999;   63.63;-999;   35.4;   17.1;   16.0;-999;   0.2;   4;   13.033;-999;eor
       73;20150706;   3;   23.9;  21.9;  -999;    -999;   75.54;-999;   30.9;   17.3;   16.1;-999;   0.0;   0;    8.733;-999;eor
       73;20150707;   3;   26.4;  21.5;  -999;    -999;   66.13;-999;   35.5;   15.7;   14.6;-999;  12.1;   4;   13.200;-999;eor
       73;20150708;   3;   18.5;  17.8;  -999;    -999;   82.71;-999;   22.6;   11.8;   10.9;-999;   0.2;   4;    3.500;-999;eor
       73;20150709;   3;   15.1;  13.7;  -999;    -999;   80.13;-999;   20.4;    8.8;    8.1;-999;   0.6;   4;    3.367;-999;eor
       73;20150710;   3;   15.2;  11.6;  -999;    -999;   72.21;-999;   23.5;    7.0;    6.3;-999;   0.0;   0;   12.583;-999;eor
       73;20150711;   3;   18.4;  13.3;  -999;    -999;   67.38;-999;   28.4;    7.6;    7.1;-999;   0.0;   0;   13.267;-999;eor
       73;20150712;   3;   21.6;  14.4;  -999;    -999;   61.04;-999;   30.1;   11.8;   11.1;-999;   0.1;   4;   12.083;-999;eor
       73;20150713;   3;   18.1;  15.8;  -999;    -999;   76.67;-999;   21.4;   16.0;   16.0;-999;   4.8;   4;    0.033;-999;eor
       73;20150714;   3;   19.6;  19.3;  -999;    -999;   85.38;-999;   25.8;   15.6;   15.6;-999;   0.5;   4;    1.833;-999;eor
       73;20150715;   3;   21.1;  18.1;  -999;    -999;   74.96;-999;   28.0;   14.9;   13.8;-999;   0.0;   0;    9.767;-999;eor
       73;20150716;   3;   22.8;  17.3;  -999;    -999;   67.54;-999;   32.3;   13.6;   12.5;-999;   0.0;   0;   13.433;-999;eor
       73;20150717;   3;   25.6;  17.8;  -999;    -999;   60.04;-999;   35.1;   15.0;   14.2;-999;   0.0;   0;   12.067;-999;eor
       73;20150718;   3;   23.8;  18.2;  -999;    -999;   65.04;-999;   32.2;   15.3;   14.5;-999;   0.2;   4;   10.100;-999;eor
       73;20150719;   3;   23.8;  19.6;  -999;    -999;   70.54;-999;   33.3;   15.6;   14.6;-999;   8.0;   4;    7.683;-999;eor
       73;20150720;   3;   22.6;  20.6;  -999;    -999;   77.92;-999;   29.6;   17.8;   16.9;-999;   0.0;   0;    6.983;-999;eor
       73;20150721;   3;   24.8;  20.2;  -999;    -999;   69.71;-999;   33.8;   16.8;   15.9;-999;   0.0;   0;   11.317;-999;eor
       73;20150722;   3;   26.5;  18.6;  -999;    -999;   60.38;-999;   36.9;   16.1;   14.9;-999;   0.0;   0;   12.233;-999;eor
       73;20150723;   3;   22.0;  21.7;  -999;    -999;   81.83;-999;   26.8;   18.9;   17.8;-999;   5.5;   4;    6.067;-999;eor
       73;20150724;   3;   23.7;  22.1;  -999;    -999;   76.92;-999;   30.3;   17.0;   16.5;-999;   2.0;   4;    6.733;-999;eor
       73;20150725;   3;   21.7;  16.4;  -999;    -999;   64.13;-999;   28.0;   12.6;    9.4;-999;   0.0;   0;    3.967;-999;eor
       73;20150726;   3;   17.1;  11.0;  -999;    -999;   59.38;-999;   24.4;   10.3;    8.1;-999;   3.3;   4;   13.500;-999;eor
       73;20150727;   3;   17.0;  15.7;  -999;    -999;   82.42;-999;   25.0;   12.2;   11.0;-999;   1.7;   4;    6.317;-999;eor
       73;20150728;   3;   19.0;  13.4;  -999;    -999;   62.88;-999;   25.4;   12.7;   11.9;-999;   2.8;   4;    6.500;-999;eor
       73;20150729;   3;   15.7;  15.6;  -999;    -999;   87.79;-999;   22.1;   10.7;   10.2;-999;   6.4;   4;    3.217;-999;eor
       73;20150730;   3;   15.4;  12.0;  -999;    -999;   72.63;-999;   23.5;    7.8;    7.5;-999;   0.0;   0;   11.750;-999;eor
       73;20150731;   3;   17.3;  11.0;  -999;    -999;   61.21;-999;   25.4;   10.8;    9.5;-999;   0.0;   0;   12.283;-999;eor
       73;20150801;   3;   18.3;  14.2;  -999;    -999;   71.00;-999;   26.0;   10.0;    9.1;-999;   6.0;   4;    5.900;-999;eor
       73;20150802;   3;   18.1;  18.5;  -999;    -999;   89.08;-999;   23.0;   15.3;   14.6;-999;   0.7;   4;    2.383;-999;eor
       73;20150803;   3;   19.6;  17.1;  -999;    -999;   78.42;-999;   27.6;   13.7;   12.9;-999;   0.0;   0;    9.783;-999;eor
       73;20150804;   3;   22.8;  17.7;  -999;    -999;   67.67;-999;   32.6;   12.5;   11.7;-999;   0.0;   0;   12.633;-999;eor
       73;20150805;   3;   23.3;  18.0;  -999;    -999;   66.46;-999;   32.0;   15.9;   14.7;-999;   0.0;   0;   13.783;-999;eor
       73;20150806;   3;   24.0;  16.7;  -999;    -999;   63.42;-999;   34.6;   13.8;   13.1;-999;   0.0;   0;   13.767;-999;eor
       73;20150807;   3;   25.4;  16.6;  -999;    -999;   59.04;-999;   36.9;   14.5;   13.8;-999;   0.0;   0;   13.733;-999;eor
       73;20150808;   3;   25.9;  18.2;  -999;    -999;   59.79;-999;   36.8;   15.3;   14.3;-999;   0.0;   0;   11.450;-999;eor
       73;20150809;   3;   26.1;  18.9;  -999;    -999;   59.83;-999;   36.5;   18.1;   16.7;-999;   0.0;   0;   11.133;-999;eor
       73;20150810;   3;   24.6;  16.7;  -999;    -999;   59.08;-999;   34.5;   15.9;   13.6;-999;   0.0;   0;   13.433;-999;eor
       73;20150811;   3;   22.9;  16.4;  -999;    -999;   63.63;-999;   33.7;   13.0;   11.8;-999;   0.0;   0;   12.583;-999;eor
       73;20150812;   3;   24.2;  15.5;  -999;    -999;   58.38;-999;   35.4;   13.5;   12.6;-999;   0.0;   0;   13.150;-999;eor
       73;20150813;   3;   26.6;  15.3;  -999;    -999;   50.29;-999;   36.3;   15.7;   14.6;-999;   0.0;   0;   12.833;-999;eor
       73;20150814;   3;   24.3;  17.4;  -999;    -999;   61.25;-999;   34.6;   16.4;   14.5;-999;   1.6;   4;   11.200;-999;eor
       73;20150815;   3;   21.6;  19.3;  -999;    -999;   77.75;-999;   28.6;   16.5;   15.4;-999;   0.6;   4;    7.833;-999;eor
       73;20150816;   3;   17.7;  18.3;  -999;    -999;   90.25;-999;   19.4;   15.0;   13.9;-999;   0.9;   4;    0.000;-999;eor
       73;20150817;   3;   15.8;  17.0;  -999;    -999;   94.71;-999;   16.9;   13.4;   13.1;-999;   4.2;   4;    0.000;-999;eor
       73;20150818;   3;   16.7;  14.5;  -999;    -999;   79.21;-999;   24.2;   10.8;    9.9;-999;   0.0;   0;    9.600;-999;eor
       73;20150819;   3;   16.2;  14.4;  -999;    -999;   79.63;-999;   21.3;    9.6;    9.0;-999;   0.0;   0;    4.450;-999;eor
       73;20150820;   3;   16.2;  16.3;  -999;    -999;   89.00;-999;   21.7;   12.8;   12.0;-999;   2.2;   4;    2.033;-999;eor
       73;20150821;   3;   16.8;  14.9;  -999;    -999;   81.13;-999;   24.6;   11.3;   10.0;-999;   0.0;   0;    5.833;-999;eor
       73;20150822;   3;   17.8;  12.0;  -999;    -999;   64.42;-999;   26.5;    8.8;    7.8;-999;   0.0;   0;     -999;-999;eor
       73;20150823;   3;   19.2;  13.1;  -999;    -999;   63.25;-999;   28.9;    8.2;    6.8;-999;   2.7;   4;   12.267;-999;eor
       73;20150824;   3;   22.1;  16.8;  -999;    -999;   68.83;-999;   31.2;   15.5;   15.2;-999;   0.3;   4;   10.033;-999;eor
       73;20150825;   3;   16.9;  13.4;  -999;    -999;   71.54;-999;   22.9;   10.6;    8.6;-999;   0.0;   0;    4.767;-999;eor
       73;20150826;   3;   17.5;  10.2;  -999;    -999;   58.71;-999;   28.3;    7.9;    6.8;-999;   0.0;   0;   12.917;-999;eor
       73;20150827;   3;   20.0;  12.8;  -999;    -999;   60.33;-999;   32.1;    8.8;    7.3;-999;   0.0;   0;   11.317;-999;eor
       73;20150828;   3;   22.4;  16.1;  -999;    -999;   64.46;-999;   33.3;   12.6;   11.3;-999;   0.0;   0;   10.050;-999;eor
       73;20150829;   3;   24.2;  18.2;  -999;    -999;   64.83;-999;   34.4;   15.5;   14.3;-999;   0.0;   0;   12.533;-999;eor
       73;20150830;   3;   24.5;  18.5;  -999;    -999;   64.96;-999;   35.2;   15.2;   14.0;-999;   0.0;   0;   12.500;-999;eor
       73;20150831;   3;   24.8;  18.6;  -999;    -999;   64.50;-999;   35.0;   15.8;   14.7;-999;   0.0;   0;   11.933;-999;eor
       73;20150901;   3;   23.0;  16.4;  -999;    -999;   64.29;-999;   34.4;   14.6;   13.0;-999;   3.8;   4;    9.383;-999;eor
       73;20150902;   3;   15.8;  16.8;  -999;    -999;   93.71;-999;   18.4;   14.4;   13.8;-999;   3.8;   4;    0.017;-999;eor
       73;20150903;   3;   15.6;  16.4;  -999;    -999;   92.83;-999;   20.0;   13.4;   13.3;-999;   8.8;   4;    0.350;-999;eor
       73;20150904;   3;   15.8;  14.3;  -999;    -999;   81.58;-999;   22.0;   11.7;   10.6;-999;   0.0;   0;    6.350;-999;eor
       73;20150905;   3;   13.9;  12.2;  -999;    -999;   78.13;-999;   19.1;   11.5;   10.8;-999;   2.0;   4;    1.983;-999;eor
       73;20150906;   3;   12.4;  10.4;  -999;    -999;   73.17;-999;   17.6;    9.2;    7.6;-999;   0.2;   4;    3.683;-999;eor
       73;20150907;   3;   11.2;  11.4;  -999;    -999;   84.92;-999;   13.5;    7.7;    6.9;-999;   1.5;   4;    0.017;-999;eor
       73;20150908;   3;   12.9;  11.2;  -999;    -999;   78.46;-999;   19.3;    8.4;    7.2;-999;   0.0;   0;    8.167;-999;eor
       73;20150909;   3;   12.3;  10.6;  -999;    -999;   76.33;-999;   18.8;    5.7;    4.6;-999;   0.0;   0;    4.617;-999;eor
       73;20150910;   3;   11.6;   9.8;  -999;    -999;   74.63;-999;   19.9;    3.1;    2.3;-999;   0.0;   0;    9.500;-999;eor
       73;20150911;   3;   13.1;  10.7;  -999;    -999;   73.92;-999;   22.1;    4.0;    2.9;-999;   0.0;   0;   10.400;-999;eor
       73;20150912;   3;   16.4;  12.6;  -999;    -999;   71.13;-999;   25.5;    7.2;    5.8;-999;   0.0;   0;   10.600;-999;eor
       73;20150913;   3;   18.8;  14.2;  -999;    -999;   68.04;-999;   26.3;   10.0;    8.2;-999;   0.0;   0;   10.950;-999;eor
       73;20150914;   3;   15.1;  14.8;  -999;    -999;   86.29;-999;   19.8;   10.8;   10.2;-999;   2.7;   4;    0.617;-999;eor
       73;20150915;   3;   15.3;  13.7;  -999;    -999;   81.00;-999;   21.9;   10.3;    8.9;-999;   0.0;   0;    3.850;-999;eor
       73;20150916;   3;   19.0;  14.8;  -999;    -999;   71.08;-999;   28.1;    9.7;    8.1;-999;   0.0;   0;    9.783;-999;eor
       73;20150917;   3;   19.9;  14.6;  -999;    -999;   67.33;-999;   32.1;   11.6;    9.9;-999;   0.8;   4;    8.367;-999;eor
       73;20150918;   3;   14.4;  13.2;  -999;    -999;   81.88;-999;   20.5;    9.6;    8.6;-999;   0.0;   0;    2.550;-999;eor
       73;20150919;   3;   14.4;  12.2;  -999;    -999;   76.67;-999;   20.9;    8.6;    7.5;-999;   0.0;   0;    4.867;-999;eor
       73;20150920;   3;   12.8;  11.3;  -999;    -999;   77.63;-999;   19.6;    5.9;    4.0;-999;   0.0;   0;    3.950;-999;eor
       73;20150921;   3;   11.6;   9.4;  -999;    -999;   72.58;-999;   20.2;    2.7;    1.6;-999;   0.0;   0;   11.350;-999;eor
       73;20150922;   3;   13.0;  11.5;  -999;    -999;   77.71;-999;   20.3;    4.3;    2.9;-999;   2.9;   4;    5.283;-999;eor
       73;20150923;   3;   11.8;  12.1;  -999;    -999;   87.33;-999;   14.2;    9.8;    9.4;-999;   0.9;   4;    0.683;-999;eor
       73;20150924;   3;   11.4;  11.5;  -999;    -999;   86.29;-999;   17.1;    8.3;    7.4;-999;   0.0;   0;    1.033;-999;eor
       73;20150925;   3;   13.2;  12.1;  -999;    -999;   81.08;-999;   18.7;    9.5;    9.8;-999;   0.0;   0;    3.033;-999;eor
       73;20150926;   3;   13.0;  12.6;  -999;    -999;   84.54;-999;   16.7;   11.1;   10.3;-999;   0.0;   0;    0.000;-999;eor
       73;20150927;   3;   12.7;   8.9;  -999;    -999;   62.25;-999;   18.7;    7.7;    5.2;-999;   0.0;   0;    3.967;-999;eor
       73;20150928;   3;   12.1;   8.7;  -999;    -999;   63.25;-999;   18.1;    5.1;    2.3;-999;   0.0;   0;    3.667;-999;eor
       73;20150929;   3;   10.3;   8.3;  -999;    -999;   68.79;-999;   16.5;    2.0;    0.8;-999;   0.0;   0;    4.950;-999;eor
       73;20150930;   3;   10.2;   7.2;  -999;    -999;   59.38;-999;   15.8;    4.8;    1.7;-999;   0.0;   0;   10.033;-999;eor
       73;20151001;   3;   11.3;   7.4;  -999;    -999;   56.92;-999;   18.7;    4.3;    0.9;-999;   0.0;   0;   11.333;   0;eor
       73;20151002;   3;   11.4;   9.3;  -999;    -999;   70.83;-999;   21.1;    0.9;   -0.4;-999;   0.0;   0;   10.800;   0;eor
       73;20151003;   3;   14.3;  11.3;  -999;    -999;   71.42;-999;   22.6;    7.3;    5.4;-999;   0.0;   0;    6.617;   0;eor
       73;20151004;   3;   10.2;  11.7;  -999;    -999;   92.96;-999;   17.2;    5.0;    3.7;-999;   1.7;   4;    0.500;   0;eor
       73;20151005;   3;   10.4;  11.3;  -999;    -999;   89.67;-999;   17.7;    5.6;    5.6;-999;   0.0;   0;    5.583;   0;eor
       73;20151006;   3;   14.8;  13.3;  -999;    -999;   79.17;-999;   20.9;    9.0;    8.9;-999;   7.9;   4;    3.417;   0;eor
       73;20151007;   3;   13.8;  15.7;  -999;    -999;   99.17;-999;   15.1;   12.3;   12.1;-999;  20.9;   4;    0.000;   0;eor
       73;20151008;   3;   12.1;  13.3;  -999;    -999;   94.67;-999;   15.0;    9.9;    8.9;-999;   0.0;   0;    0.633;   0;eor
       73;20151009;   3;   10.6;  12.2;  -999;    -999;   95.17;-999;   17.5;    7.1;    6.9;-999;   0.0;   4;    4.283;   0;eor
       73;20151010;   3;   10.9;  11.5;  -999;    -999;   88.54;-999;   15.7;    6.8;    7.1;-999;   0.8;   4;    1.133;   0;eor
       73;20151011;   3;    8.7;   9.2;  -999;    -999;   81.33;-999;   13.2;    1.5;   -0.3;-999;   0.2;   4;    3.883;   0;eor
       73;20151012;   3;    5.3;   7.1;  -999;    -999;   80.75;-999;   13.2;   -1.1;   -2.3;-999;   0.0;   0;   10.133;   0;eor
       73;20151013;   3;    4.9;   7.8;  -999;    -999;   89.63;-999;    8.1;    2.0;    1.2;-999;   7.8;   4;    0.100;   0;eor
       73;20151014;   3;    5.8;   9.0;  -999;    -999;   97.17;-999;    7.6;    3.7;    4.1;-999;   5.7;   4;    0.000;   0;eor
       73;20151015;   3;    6.5;   9.4;  -999;    -999;   97.58;-999;    8.2;    5.0;    5.3;-999;   0.3;   4;    0.000;   0;eor
       73;20151016;   3;    5.6;   8.6;  -999;    -999;   94.33;-999;    7.4;    4.4;    4.3;-999;   1.9;   4;    0.117;   0;eor
       73;20151017;   3;    6.1;   8.6;  -999;    -999;   91.38;-999;    9.4;    3.0;    1.8;-999;   0.3;   4;    0.717;   0;eor
       73;20151018;   3;    6.7;   9.5;  -999;    -999;   96.63;-999;    9.1;    5.1;    4.9;-999;   4.0;   4;    0.000;   0;eor
       73;20151019;   3;    7.0;   9.6;  -999;    -999;   95.71;-999;    8.8;    4.4;    3.3;-999;   0.0;   0;    0.000;   0;eor
       73;20151020;   3;    6.1;   9.0;  -999;    -999;   95.38;-999;    8.8;    2.8;    1.6;-999;   1.0;   4;    0.350;   0;eor
       73;20151021;   3;    7.5;  10.1;  -999;    -999;   97.25;-999;   10.3;    6.4;    6.3;-999;   0.0;   4;    0.533;   0;eor
       73;20151022;   3;    8.7;   9.7;  -999;    -999;   87.17;-999;   12.0;    6.3;    6.2;-999;   0.2;   4;    1.467;   0;eor
       73;20151023;   3;    8.9;  11.0;  -999;    -999;   95.25;-999;   13.9;    4.0;    3.8;-999;   0.3;   4;    1.133;   0;eor
       73;20151024;   3;    7.8;   9.9;  -999;    -999;   93.67;-999;   13.7;    3.5;    2.6;-999;   0.0;   0;    5.967;   0;eor
       73;20151025;   3;    7.7;  10.3;  -999;    -999;   96.63;-999;   12.5;    2.6;    1.5;-999;   0.0;   0;    0.483;   0;eor
       73;20151026;   3;   10.4;  11.0;  -999;    -999;   87.29;-999;   16.6;    4.3;    1.9;-999;   0.0;   0;    9.367;   0;eor
       73;20151027;   3;    7.4;   9.6;  -999;    -999;   92.83;-999;   14.2;    2.6;    0.5;-999;   0.0;   0;    8.517;   0;eor
       73;20151028;   3;    6.1;   8.9;  -999;    -999;   94.33;-999;   14.4;    1.0;    1.4;-999;   0.0;   0;    4.350;   0;eor
       73;20151029;   3;    6.9;   9.9;  -999;    -999;   98.88;-999;    8.8;    3.0;    2.2;-999;   0.2;   4;    0.000;   0;eor
       73;20151030;   3;    7.9;  10.0;  -999;    -999;   93.67;-999;   10.2;    4.9;    3.4;-999;   0.0;   0;    0.000;   0;eor
       73;20151031;   3;    9.2;   9.2;  -999;    -999;   80.21;-999;   17.1;    3.5;    0.8;-999;   0.0;   0;    8.217;   0;eor
       73;20151101;   3;    8.6;   7.3;  -999;    -999;   66.96;-999;   18.2;    0.8;   -2.1;-999;   0.0;   0;    9.617;   0;eor
       73;20151102;   3;    6.5;   6.5;  -999;    -999;   68.96;-999;   14.9;   -1.3;   -3.9;-999;   0.0;   0;    9.567;   0;eor
       73;20151103;   3;    4.2;   6.9;  -999;    -999;   84.21;-999;   11.2;   -0.6;   -2.2;-999;   0.0;   0;    9.050;   0;eor
       73;20151104;   3;    4.3;   7.8;  -999;    -999;   93.08;-999;   11.7;   -1.0;   -2.3;-999;   0.0;   0;    2.867;   0;eor
       73;20151105;   3;    7.3;   9.1;  -999;    -999;   89.29;-999;   17.4;    2.0;    0.8;-999;   0.0;   0;    6.267;   0;eor
       73;20151106;   3;    7.0;   9.2;  -999;    -999;   91.29;-999;   14.0;    2.2;    1.6;-999;   2.5;   4;    3.850;   0;eor
       73;20151107;   3;   10.1;  12.1;  -999;    -999;   97.25;-999;   12.5;    5.2;    3.7;-999;   3.4;   4;    0.000;   0;eor
       73;20151108;   3;   11.8;  13.2;  -999;    -999;   94.96;-999;   14.8;    8.2;    6.3;-999;   0.0;   0;    0.017;   0;eor
       73;20151109;   3;   12.1;  12.9;  -999;    -999;   91.58;-999;   15.9;   10.2;    9.6;-999;   0.4;   4;    1.450;   0;eor
       73;20151110;   3;   12.1;  11.2;  -999;    -999;   79.71;-999;   15.6;    9.0;    6.1;-999;   0.2;   4;    1.367;   0;eor
       73;20151111;   3;   10.5;  11.2;  -999;    -999;   88.46;-999;   16.0;    5.3;    3.5;-999;   0.1;   4;    2.767;   0;eor
       73;20151112;   3;    6.4;   8.9;  -999;    -999;   92.54;-999;   12.7;    1.2;   -0.1;-999;   0.0;   0;    3.983;   0;eor
       73;20151113;   3;    3.5;   7.7;  -999;    -999;   96.21;-999;    9.9;   -0.5;   -0.9;-999;   2.9;   4;    2.367;   0;eor
       73;20151114;   3;    7.3;   8.0;  -999;    -999;   79.04;-999;   11.3;    2.9;    0.5;-999;   3.7;   4;    4.933;   0;eor
       73;20151115;   3;    9.2;   9.8;  -999;    -999;   84.25;-999;   13.4;    5.8;    5.1;-999;   1.5;   4;    0.950;   0;eor
       73;20151116;   3;    8.0;   9.5;  -999;    -999;   88.50;-999;   15.5;    2.8;    0.7;-999;   0.0;   0;    8.317;   0;eor
       73;20151117;   3;    8.3;   9.7;  -999;    -999;   88.08;-999;   14.0;    1.7;    0.8;-999;   0.2;   4;    0.067;   0;eor
       73;20151118;   3;   12.1;  10.2;  -999;    -999;   72.88;-999;   16.6;    2.7;    0.7;-999;   0.0;   0;    5.067;   0;eor
       73;20151119;   3;   10.6;   9.4;  -999;    -999;   74.33;-999;   15.8;    2.7;    0.6;-999;   9.5;   4;    0.950;   0;eor
       73;20151120;   3;    8.4;  10.0;  -999;    -999;   90.92;-999;   15.7;    3.2;    3.2;-999;  32.4;   4;    0.000;   0;eor
       73;20151121;   3;    2.8;   6.8;  -999;    -999;   90.42;-999;    7.1;   -0.5;   -1.8;-999;   0.9;   4;    2.617;   0;eor
       73;20151122;   3;    0.7;   5.7;  -999;    -999;   88.75;-999;    3.0;   -1.8;   -4.0;-999;   0.8;   4;    0.617;   0;eor
       73;20151123;   3;    0.1;   5.5;  -999;    -999;   89.17;-999;    2.4;   -1.8;   -4.8;-999;   1.5;   4;    1.117;   0;eor
       73;20151124;   3;   -1.0;   4.9;  -999;    -999;   87.29;-999;    3.0;   -3.7;   -5.2;-999;   0.0;   0;    7.050;   0;eor
       73;20151125;   3;   -0.7;   5.4;  -999;    -999;   92.92;-999;    0.8;   -2.9;   -3.9;-999;   0.6;   4;    0.000;   0;eor
       73;20151126;   3;    2.2;   6.5;  -999;    -999;   91.17;-999;    4.8;    0.1;   -0.9;-999;   0.0;   0;    0.550;   0;eor
       73;20151127;   3;    2.0;   6.4;  -999;    -999;   90.50;-999;    4.9;   -0.4;   -1.0;-999;   0.0;   0;    4.450;   0;eor
       73;20151128;   3;    1.1;   6.1;  -999;    -999;   92.54;-999;    3.0;   -1.1;   -2.7;-999;   2.2;   4;    1.267;   0;eor
       73;20151129;   3;    3.9;   6.9;  -999;    -999;   84.29;-999;    9.4;   -1.4;   -4.0;-999;   2.0;   4;    0.000;   0;eor
       73;20151130;   3;    9.7;   8.4;  -999;    -999;   70.04;-999;   10.3;    8.2;    7.2;-999;   2.7;   4;    0.000;   0;eor
       73;20151201;   3;    9.2;   9.8;  -999;    -999;   84.13;-999;   10.1;    8.4;    7.3;-999;   1.7;   4;    0.000;   0;eor
       73;20151202;   3;    8.6;   9.7;  -999;    -999;   86.42;-999;   10.3;    5.7;    4.5;-999;   0.0;   0;    0.000;   0;eor
       73;20151203;   3;    4.8;   7.7;  -999;    -999;   89.46;-999;    8.7;   -1.7;   -3.6;-999;   0.0;   0;    0.750;   0;eor
       73;20151204;   3;    1.1;   6.4;  -999;    -999;   95.88;-999;    4.8;   -2.7;   -3.8;-999;   0.1;   4;    0.500;   0;eor
       73;20151205;   3;    4.9;   8.1;  -999;    -999;   93.00;-999;    8.9;    1.2;    0.2;-999;   0.0;   0;    5.267;   0;eor
       73;20151206;   3;    1.8;   6.9;  -999;    -999;   99.46;-999;    3.9;   -0.5;   -0.4;-999;   0.1;   4;    0.117;   0;eor
       73;20151207;   3;    3.6;   7.3;  -999;    -999;   92.83;-999;   12.1;   -0.8;   -2.0;-999;   0.0;   0;    7.067;   0;eor
       73;20151208;   3;    1.1;   6.5;  -999;    -999;   98.21;-999;    2.1;   -0.9;   -1.5;-999;   0.0;   0;    0.000;   0;eor
       73;20151209;   3;    2.7;   7.2;  -999;    -999;   96.54;-999;    4.7;    1.3;    1.5;-999;   3.2;   4;    0.000;   0;eor
       73;20151210;   3;    2.8;   7.0;  -999;    -999;   93.79;-999;    4.3;    1.4;    1.1;-999;   0.0;   0;    0.000;   0;eor
       73;20151211;   3;    0.9;   5.8;  -999;    -999;   88.71;-999;    2.5;   -0.6;   -1.1;-999;   0.7;   4;    1.800;   0;eor
       73;20151212;   3;    4.9;   7.9;  -999;    -999;   90.38;-999;    8.2;    0.8;   -1.0;-999;   0.6;   4;    0.000;   0;eor
       73;20151213;   3;    1.8;   6.5;  -999;    -999;   92.25;-999;    4.4;   -1.7;   -3.8;-999;   0.0;   0;    0.750;   0;eor
       73;20151214;   3;    4.9;   7.9;  -999;    -999;   90.42;-999;    6.7;    3.2;    3.3;-999;   0.0;   0;    0.000;   0;eor
       73;20151215;   3;    3.6;   7.1;  -999;    -999;   89.46;-999;    5.3;    1.6;    0.2;-999;   0.0;   0;    0.467;   0;eor
       73;20151216;   3;    5.0;   8.0;  -999;    -999;   91.00;-999;    7.8;    1.4;   -0.5;-999;   3.5;   4;    0.600;   0;eor
       73;20151217;   3;    7.3;  -999;  -999;    -999;    -999;-999;    9.1;    5.7;    5.6;-999;  -999;-999;    0.000;   0;eor
       73;20151218;   3;    6.4;  -999;  -999;    -999;    -999;-999;    7.5;    4.4;    0.8;-999;   1.7;   4;    0.000;   0;eor
       73;20151219;   3;    5.4;   9.0;  -999;    -999;   99.86;-999;    7.1;    3.2;    1.5;-999;   0.0;   0;    0.000;   0;eor
       73;20151220;   3;    2.9;  -999;  -999;    -999;    -999;-999;    4.5;    1.9;    1.9;-999;   0.0;   0;    0.000;   0;eor
       73;20151221;   3;    3.6;  -999;  -999;    -999;    -999;-999;    4.6;    0.2;   -1.7;-999;   1.1;   4;    0.000;   0;eor
       73;20151222;   3;    5.9;   8.6;  -999;    -999;   92.63;-999;   14.2;    0.2;   -1.4;-999;   0.0;   0;    4.133;   0;eor
       73;20151223;   3;    4.3;   7.8;  -999;    -999;   92.54;-999;    9.6;   -0.9;   -2.5;-999;   0.0;   0;    5.183;   0;eor
       73;20151224;   3;    4.9;   8.0;  -999;    -999;   92.63;-999;   11.2;    0.8;   -0.6;-999;   0.0;   0;    6.533;   0;eor
       73;20151225;   3;    4.3;   7.5;  -999;    -999;   90.63;-999;   11.1;    0.8;   -1.6;-999;   0.0;   0;    6.600;   0;eor
       73;20151226;   3;    2.1;   6.6;  -999;    -999;   93.04;-999;    9.3;   -1.4;   -3.6;-999;   0.0;   0;    7.817;   0;eor
       73;20151227;   3;    0.9;   6.1;  -999;    -999;   93.25;-999;    9.0;   -2.7;   -4.6;-999;   0.0;   0;    7.083;   0;eor
       73;20151228;   3;    0.2;   5.8;  -999;    -999;   93.08;-999;    8.9;   -3.3;   -5.1;-999;   0.0;   0;    7.033;   0;eor
       73;20151229;   3;    1.2;   6.4;  -999;    -999;   95.33;-999;    6.6;   -3.3;   -5.4;-999;   0.0;   0;    1.517;   0;eor
       73;20151230;   3;    2.0;   6.3;  -999;    -999;   88.46;-999;    5.0;   -1.9;   -5.1;-999;   0.0;   0;    1.267;   0;eor
       73;20151231;   3;   -1.5;   4.3;  -999;    -999;   78.21;-999;    0.9;   -4.4;   -6.4;-999;   2.6;   4;    5.067;   0;eor
       73;20160101;   3;   -0.5;   5.8;  -999;    -999;   97.50;-999;    0.7;   -1.4;   -1.0;-999;   0.0;   0;    0.000;   0;eor
       73;20160102;   3;    0.0;   5.4;  -999;    -999;   88.71;-999;    2.4;   -1.3;   -1.2;-999;   0.5;   4;    2.067;   0;eor
       73;20160103;   3;   -3.1;   4.3;  -999;    -999;   87.13;-999;   -1.2;   -4.4;   -4.6;-999;   0.9;   4;    0.000;   2;eor
       73;20160104;   3;   -3.7;   4.2;  -999;    -999;   90.58;-999;   -1.8;   -5.2;   -5.5;-999;   8.6;   4;    0.000;   4;eor
       73;20160105;   3;   -2.7;   4.7;  -999;    -999;   93.04;-999;    0.2;   -8.4;  -12.1;-999;   0.6;   4;    0.483;  10;eor
       73;20160106;   3;   -2.0;   4.7;  -999;    -999;   88.63;-999;    0.6;   -3.6;   -7.2;-999;   1.2;   4;    1.233;  10;eor
       73;20160107;   3;    0.0;   5.9;  -999;    -999;   96.79;-999;    1.8;   -2.0;   -1.7;-999;   1.9;   4;    0.000;   9;eor
       73;20160108;   3;    1.8;   6.3;  -999;    -999;   90.38;-999;    7.0;   -1.5;   -3.8;-999;   2.5;   4;    5.650;   7;eor
       73;20160109;   3;    1.9;   6.6;  -999;    -999;   94.33;-999;    3.0;    0.8;    0.6;-999;   1.6;   4;    0.000;   0;eor
       73;20160110;   1;    1.9;   6.9;  -999;    -999;   98.67;-999;    3.1;    1.1;    1.0;-999;   6.8;   4;    0.000;   0;eor
       73;20160111;   1;    4.2;   7.9;  -999;    -999;   95.88;-999;    6.1;    3.2;    2.1;-999;   1.8;   4;    0.000;   0;eor
       73;20160112;   1;    5.0;   6.9;  -999;    -999;   79.21;-999;    6.3;    2.7;    0.9;-999;   0.8;   4;    0.183;   0;eor
       73;20160113;   1;    3.4;   6.4;  -999;    -999;   82.42;-999;    4.6;    2.3;    0.2;-999;   0.6;   4;    0.250;   0;eor
       73;20160114;   1;    1.1;   5.3;  -999;    -999;   81.50;-999;    4.6;   -2.3;   -4.8;-999;   0.0;   4;    7.783;   0;eor
       73;20160115;   1;    0.7;   5.6;  -999;    -999;   86.88;-999;    2.4;   -0.4;   -2.4;-999;   3.6;   4;    0.517;   0;eor
       73;20160116;   1;   -0.9;   5.1;  -999;    -999;   88.50;-999;    1.3;   -4.0;   -7.9;-999;   1.1;   4;    1.967;   6;eor
       73;20160117;   1;   -2.0;   4.4;  -999;    -999;   82.46;-999;    0.7;   -5.7;  -10.5;-999;   0.0;   0;    4.550;   8;eor
       73;20160118;   1;   -7.8;   3.1;  -999;    -999;   91.79;-999;   -3.9;  -11.9;  -14.0;-999;   0.0;   0;    1.850;   6;eor
       73;20160119;   1;   -9.1;   2.7;  -999;    -999;   87.08;-999;   -5.2;  -14.8;  -16.4;-999;   0.0;   0;    0.967;   6;eor
       73;20160120;   1;   -5.7;   3.5;  -999;    -999;   87.71;-999;   -1.9;  -10.0;  -12.2;-999;   1.5;   4;    1.967;   6;eor
       73;20160121;   1;   -5.7;   3.6;  -999;    -999;   88.92;-999;    1.8;  -14.3;  -18.4;-999;   0.0;   4;    6.800;   9;eor
       73;20160122;   1;   -9.8;   2.4;  -999;    -999;   82.83;-999;   -5.0;  -16.2;  -20.3;-999;   0.0;   0;    8.450;   8;eor
       73;20160123;   1;   -4.6;   4.1;  -999;    -999;   92.33;-999;    1.5;   -8.6;   -9.6;-999;   3.6;   4;    0.000;   8;eor
       73;20160124;   1;    0.7;   6.3;  -999;    -999;   98.00;-999;    2.7;   -0.4;   -2.4;-999;   2.5;   4;    0.000;   8;eor
       73;20160125;   1;    1.4;   6.7;  -999;    -999;   98.63;-999;    2.9;    0.4;    0.2;-999;   0.5;   4;    0.000;   5;eor
       73;20160126;   1;    1.3;   6.4;  -999;    -999;   95.46;-999;    6.5;   -1.6;   -3.2;-999;   0.0;   0;    4.683;   3;eor
       73;20160127;   1;    1.7;   6.6;  -999;    -999;   94.83;-999;    6.1;   -2.4;   -3.7;-999;   0.0;   0;    0.867;   0;eor
       73;20160128;   1;    5.5;   8.2;  -999;    -999;   90.83;-999;   10.1;    2.5;    1.8;-999;   4.0;   4;    0.017;   0;eor
       73;20160129;   1;    4.5;   7.7;  -999;    -999;   91.79;-999;    9.3;   -0.7;   -2.0;-999;   0.0;   0;    6.083;   0;eor
       73;20160130;   1;    4.3;   7.3;  -999;    -999;   87.71;-999;   12.0;   -1.8;   -2.7;-999;   1.8;   4;    6.233;   0;eor
       73;20160131;   1;    3.8;   7.1;  -999;    -999;   89.08;-999;    7.5;    2.3;    2.2;-999;  23.1;   4;    0.000;   0;eor
       73;20160201;   1;    8.8;  10.1;  -999;    -999;   87.67;-999;   12.6;    2.6;    2.5;-999;   3.3;   4;    0.000;   0;eor
       73;20160202;   1;    7.8;   8.8;  -999;    -999;   82.67;-999;   11.2;    4.8;    2.4;-999;   0.1;   4;    0.183;   0;eor
       73;20160203;   1;    4.4;   7.2;  -999;    -999;   86.21;-999;    9.2;    0.5;   -1.3;-999;   2.4;   4;    0.000;   0;eor
       73;20160204;   1;    2.1;   6.1;  -999;    -999;   85.58;-999;    3.9;    0.5;   -0.5;-999;   2.5;   4;    0.000;   0;eor
       73;20160205;   1;    2.7;   6.4;  -999;    -999;   86.71;-999;    4.9;    0.5;   -0.5;-999;   0.1;   4;    1.067;   0;eor
       73;20160206;   1;    3.5;   6.9;  -999;    -999;   88.13;-999;    8.9;   -0.9;   -1.9;-999;   0.0;   0;    7.383;   0;eor
       73;20160207;   1;    4.8;   7.0;  -999;    -999;   82.08;-999;   10.1;    0.9;   -0.4;-999;   0.0;   0;    6.467;   0;eor
       73;20160208;   1;    7.0;   7.8;  -999;    -999;   77.67;-999;   11.7;    1.9;    0.3;-999;   4.2;   4;    4.217;   0;eor
