STATIONS_ID; MESS_DATUM; QUALITAETS_NIVEAU; LUFTTEMPERATUR;DAMPFDRUCK;BEDECKUNGSGRAD;LUFTDRUCK_STATIONSHOEHE;REL_FEUCHTE; WINDGESCHWINDIGKEIT; LUFTTEMPERATUR_MAXIMUM;LUFTTEMPERATUR_MINIMUM;LUFTTEMP_AM_ERDB_MINIMUM; WINDSPITZE_MAXIMUM; NIEDERSCHLAGSHOEHE;NIEDERSCHLAGSHOEHE_IND;SONNENSCHEINDAUER; SCHNEEHOEHE;eor
       71;20140809;   3;   19.0;  15.8;  -999;    -999;   72.75;-999;   22.8;   15.6;   14.3;-999;   5.5;   4;    6.583;   0;eor
       71;20140810;   3;   19.7;  17.4;  -999;    -999;   77.96;-999;   25.8;   14.1;   13.3;-999;  13.2;   4;    5.400;   0;eor
       71;20140811;   3;   15.0;  13.8;  -999;    -999;   81.13;-999;   19.0;   11.8;   10.6;-999;   1.7;   4;    3.350;   0;eor
       71;20140812;   3;   14.7;  11.5;  -999;    -999;   69.54;-999;   19.5;   11.1;    9.1;-999;   0.1;   4;    5.350;   0;eor
       71;20140813;   3;   13.0;  12.5;  -999;    -999;   83.54;-999;   16.7;   10.3;    8.6;-999;   2.1;   4;    1.700;   0;eor
       71;20140814;   3;   12.5;  11.6;  -999;    -999;   80.38;-999;   16.9;    9.5;    7.6;-999;   3.1;   4;    2.433;   0;eor
       71;20140815;   3;   11.6;  11.5;  -999;    -999;   84.13;-999;   14.5;    9.6;    9.2;-999;   8.0;   4;    4.183;   0;eor
       71;20140816;   3;   11.7;  11.4;  -999;    -999;   83.83;-999;   16.2;    9.1;    6.7;-999;   2.8;   4;    4.783;   0;eor
       71;20140817;   3;   12.9;  10.5;  -999;    -999;   72.38;-999;   18.3;    6.5;    4.6;-999;   0.0;   0;    9.950;   0;eor
       71;20140818;   3;   13.5;  11.4;  -999;    -999;   74.63;-999;   17.9;    9.7;    7.2;-999;   0.4;   4;    3.233;   0;eor
       71;20140819;   3;   13.5;  10.9;  -999;    -999;   72.42;-999;   18.0;   10.2;    8.9;-999;   0.0;   0;    5.633;   0;eor
       71;20140820;   3;   11.6;  10.2;  -999;    -999;   76.58;-999;   15.9;    7.7;    5.2;-999;   0.0;   0;    2.350;   0;eor
       71;20140821;   3;   11.7;   9.8;  -999;    -999;   73.50;-999;   16.9;    6.5;    3.9;-999;   0.0;   0;    8.717;   0;eor
       71;20140822;   3;   12.9;   9.8;  -999;    -999;   67.88;-999;   18.4;    8.2;    5.9;-999;   0.0;   0;    6.450;   0;eor
       71;20140823;   3;   11.8;  10.4;  -999;    -999;   75.63;-999;   16.3;    7.7;    5.4;-999;   3.6;   4;    2.367;   0;eor
       71;20140824;   3;   10.3;   9.7;  -999;    -999;   78.17;-999;   14.7;    6.5;    4.1;-999;   0.0;   0;    7.233;   0;eor
       71;20140825;   3;   11.4;  10.0;  -999;    -999;   75.88;-999;   16.6;    5.4;    3.3;-999;   6.3;   4;    2.000;   0;eor
       71;20140826;   3;   14.3;  14.5;  -999;    -999;   88.67;-999;   18.4;   10.8;   10.2;-999;  10.5;   4;    0.817;   0;eor
       71;20140827;   3;   13.3;  14.4;  -999;    -999;   94.00;-999;   15.6;   11.6;    9.4;-999;   4.6;   4;    0.483;   0;eor
       71;20140828;   3;   15.3;  14.3;  -999;    -999;   83.79;-999;   21.3;    9.7;    8.5;-999;   0.0;   0;    5.617;   0;eor
       71;20140829;   3;   15.4;  16.4;  -999;    -999;   93.38;-999;   20.3;   12.4;   10.6;-999;  11.5;   4;    1.667;   0;eor
       71;20140830;   3;   15.8;  14.5;  -999;    -999;   82.13;-999;   21.0;   11.7;   10.0;-999;   0.1;   4;    9.283;   0;eor
       71;20140831;   3;   11.5;  13.0;  -999;    -999;   95.54;-999;   13.8;    9.8;    9.6;-999;  12.4;   4;    0.000;   0;eor
       71;20140901;   3;   10.8;  11.4;  -999;    -999;   88.33;-999;   13.5;    9.3;    8.8;-999;   0.0;   0;    0.567;   0;eor
       71;20140902;   3;   12.0;  11.9;  -999;    -999;   85.96;-999;   16.0;    9.3;    8.5;-999;   0.8;   4;    1.850;   0;eor
       71;20140903;   3;   13.1;  13.4;  -999;    -999;   88.58;-999;   14.9;   10.3;    9.3;-999;   0.0;   0;    0.000;   0;eor
       71;20140904;   3;   13.3;  13.9;  -999;    -999;   90.96;-999;   15.3;   11.8;    9.8;-999;   0.0;   0;    0.017;   0;eor
       71;20140905;   3;   16.1;  15.0;  -999;    -999;   83.63;-999;   21.3;   10.9;    9.2;-999;   0.0;   0;    2.400;   0;eor
       71;20140906;   3;   16.4;  15.7;  -999;    -999;   84.88;-999;   22.4;   12.0;    9.1;-999;   0.8;   4;    6.067;   0;eor
       71;20140907;   3;   15.3;  15.9;  -999;    -999;   91.38;-999;   21.4;   10.8;    8.9;-999;   8.4;   4;    4.517;   0;eor
       71;20140908;   3;   17.5;  16.7;  -999;    -999;   85.25;-999;   24.5;   12.3;   10.4;-999;   0.0;   0;    9.383;   0;eor
       71;20140909;   3;   16.2;  15.7;  -999;    -999;   86.54;-999;   21.1;   12.1;    9.7;-999;   0.2;   4;    5.900;   0;eor
       71;20140910;   3;   12.9;  13.0;  -999;    -999;   88.08;-999;   17.6;    8.5;    5.9;-999;   0.0;   0;    3.033;   0;eor
       71;20140911;   3;   10.4;  10.9;  -999;    -999;   87.63;-999;   15.1;    7.3;    6.1;-999;   0.3;   4;    2.783;   0;eor
       71;20140912;   3;    9.6;  11.8;  -999;    -999;   98.42;-999;   10.9;    8.5;    8.3;-999;  22.9;   4;    0.000;   0;eor
       71;20140913;   3;   12.6;  13.7;  -999;    -999;   94.21;-999;   16.2;   10.9;   10.8;-999;   5.1;   4;    0.783;   0;eor
       71;20140914;   3;   14.0;  14.4;  -999;    -999;   90.71;-999;   17.6;   10.7;    8.5;-999;   0.4;   4;    2.183;   0;eor
       71;20140915;   3;   14.8;  14.1;  -999;    -999;   84.67;-999;   20.7;   11.7;   10.2;-999;   0.0;   0;    4.017;   0;eor
       71;20140916;   3;   14.6;  14.5;  -999;    -999;   87.54;-999;   20.3;    9.4;    8.0;-999;   0.0;   4;    8.000;   0;eor
       71;20140917;   3;   15.6;  14.6;  -999;    -999;   84.08;-999;   24.1;    9.0;    8.0;-999;   0.0;   0;    9.417;   0;eor
       71;20140918;   3;   15.4;  15.7;  -999;    -999;   89.92;-999;   22.8;   11.8;   10.4;-999;   5.5;   4;    4.183;   0;eor
       71;20140919;   3;   16.8;  16.1;  -999;    -999;   85.21;-999;   22.4;   12.5;   11.5;-999;   1.9;   4;    4.633;   0;eor
       71;20140920;   3;   16.4;  15.5;  -999;    -999;   84.25;-999;   21.8;   12.6;   10.4;-999;   4.9;   4;    5.017;   0;eor
       71;20140921;   3;   13.3;  14.6;  -999;    -999;   95.50;-999;   16.5;   10.1;    9.8;-999;  36.1;   4;    0.550;   0;eor
       71;20140922;   3;    8.1;   9.7;  -999;    -999;   89.25;-999;   11.8;    3.4;    1.5;-999;   1.3;   4;    2.017;   0;eor
       71;20140923;   3;    7.4;   8.1;  -999;    -999;   81.25;-999;   14.3;    1.4;   -0.3;-999;   0.0;   0;   11.433;   0;eor
       71;20140924;   3;    9.5;   9.6;  -999;    -999;   81.67;-999;   16.9;    2.6;    0.3;-999;   4.6;   4;    6.750;   0;eor
       71;20140925;   3;    9.4;  10.2;  -999;    -999;   87.17;-999;   13.4;    5.9;    3.0;-999;   0.2;   4;    3.350;   0;eor
       71;20140926;   3;   10.6;  10.0;  -999;    -999;   80.83;-999;   16.8;    5.7;    3.0;-999;   0.0;   0;    8.133;   0;eor
       71;20140927;   3;   11.5;  11.9;  -999;    -999;   88.04;-999;   18.3;    6.5;    4.4;-999;   0.0;   0;    7.533;   0;eor
       71;20140928;   3;   14.1;  13.5;  -999;    -999;   85.75;-999;   21.7;    8.8;    6.6;-999;   0.0;   0;    9.517;   0;eor
       71;20140929;   3;   15.5;  12.8;  -999;    -999;   75.42;-999;   22.6;    9.0;    6.8;-999;   0.0;   0;   10.150;   0;eor
       71;20140930;   3;   14.9;  14.8;  -999;    -999;   87.46;-999;   18.2;   12.6;   10.5;-999;  10.9;   4;    0.133;   0;eor
       71;20141001;   3;   14.0;  14.0;  -999;    -999;   88.75;-999;   19.0;    9.9;    6.8;-999;   0.0;   0;    4.800;   0;eor
       71;20141002;   3;   13.0;  12.6;  -999;    -999;   84.96;-999;   18.6;    8.1;    5.7;-999;   0.0;   0;    9.533;   0;eor
       71;20141003;   3;   12.5;  11.5;  -999;    -999;   80.58;-999;   17.3;    8.5;    5.0;-999;   0.0;   0;   10.883;   0;eor
       71;20141004;   3;   10.6;  11.7;  -999;    -999;   91.88;-999;   15.9;    7.7;    5.2;-999;   0.0;   0;    2.167;   0;eor
       71;20141005;   3;   11.3;  12.4;  -999;    -999;   92.46;-999;   15.9;    6.8;    4.9;-999;   0.0;   0;    4.000;   0;eor
       71;20141006;   3;   12.0;  12.4;  -999;    -999;   88.75;-999;   16.5;    9.7;    7.4;-999;   0.7;   4;    2.983;   0;eor
       71;20141007;   3;   12.8;  12.1;  -999;    -999;   82.04;-999;   16.1;   10.0;    8.3;-999;   4.3;   4;    0.217;   0;eor
       71;20141008;   3;   14.6;  13.3;  -999;    -999;   80.83;-999;   19.3;   10.7;    9.6;-999;   0.3;   4;    4.683;   0;eor
       71;20141009;   3;   17.5;  11.8;  -999;    -999;   61.17;-999;   23.4;   11.6;    8.8;-999;   0.7;   4;    7.533;   0;eor
       71;20141010;   3;   13.7;  14.7;  -999;    -999;   93.38;-999;   16.0;   11.7;    9.8;-999;   2.7;   4;    0.000;   0;eor
       71;20141011;   3;   13.3;  14.5;  -999;    -999;   94.88;-999;   16.9;   11.3;    9.8;-999;   6.3;   4;    0.700;   0;eor
       71;20141012;   3;   13.1;  14.0;  -999;    -999;   93.46;-999;   16.7;   10.9;    9.0;-999;   0.0;   0;    0.000;   0;eor
       71;20141013;   3;   12.7;  12.9;  -999;    -999;   87.96;-999;   15.5;   10.4;    7.8;-999;   1.4;   4;    0.000;   0;eor
       71;20141014;   3;   12.8;  11.8;  -999;    -999;   81.58;-999;   18.5;    8.6;    6.3;-999;   0.2;   4;    9.000;   0;eor
       71;20141015;   3;   13.3;  12.5;  -999;    -999;   82.13;-999;   17.9;   10.0;    9.3;-999;   3.2;   4;    3.717;   0;eor
       71;20141016;   3;   12.9;  13.7;  -999;    -999;   92.33;-999;   15.0;   11.1;    9.6;-999;  18.1;   4;    0.917;   0;eor
       71;20141017;   3;   11.2;  12.2;  -999;    -999;   92.29;-999;   15.6;    7.4;    5.8;-999;   0.7;   4;    1.800;   0;eor
       71;20141018;   3;   13.1;  12.4;  -999;    -999;   84.38;-999;   21.9;    6.1;    4.8;-999;   0.0;   0;   10.100;   0;eor
       71;20141019;   3;   15.4;  12.6;  -999;    -999;   74.00;-999;   22.1;    7.4;    5.7;-999;   0.0;   0;    9.400;   0;eor
       71;20141020;   3;   15.8;  14.8;  -999;    -999;   83.21;-999;   20.0;   12.6;   10.2;-999;  20.0;   4;    3.050;   0;eor
       71;20141021;   3;   11.0;  11.5;  -999;    -999;   86.71;-999;   15.3;    3.8;    2.5;-999;   7.9;   4;    2.533;   0;eor
       71;20141022;   3;    3.3;   7.1;  -999;    -999;   92.21;-999;    4.5;    1.2;    0.9;-999;   5.5;   4;    0.017;   0;eor
       71;20141023;   3;    5.1;   8.0;  -999;    -999;   91.21;-999;    7.7;    2.6;   -0.2;-999;   0.0;   0;    2.250;   0;eor
       71;20141024;   3;    5.1;   7.8;  -999;    -999;   88.79;-999;   10.3;    0.2;   -1.6;-999;   1.3;   4;    7.117;   0;eor
       71;20141025;   3;    8.0;   9.5;  -999;    -999;   89.00;-999;   12.0;    3.7;    2.2;-999;   0.2;   4;    0.117;   0;eor
       71;20141026;   3;    9.5;  10.4;  -999;    -999;   88.46;-999;   14.4;    5.0;    2.5;-999;   0.0;   0;    5.317;   0;eor
       71;20141027;   3;    5.3;   8.5;  -999;    -999;   95.63;-999;    6.9;    3.2;    3.1;-999;   0.0;   0;    0.267;   0;eor
       71;20141028;   3;    5.4;   8.2;  -999;    -999;   91.29;-999;    9.1;    2.8;    0.6;-999;   0.0;   0;    1.767;   0;eor
       71;20141029;   3;    6.4;   8.4;  -999;    -999;   88.29;-999;   13.7;    1.1;   -0.7;-999;   0.0;   0;    8.250;   0;eor
       71;20141030;   3;    9.0;  10.3;  -999;    -999;   89.71;-999;   13.9;    4.2;    3.5;-999;   0.0;   0;    0.817;   0;eor
       71;20141031;   3;    9.4;  10.2;  -999;    -999;   87.79;-999;   17.2;    4.3;    3.5;-999;   0.0;   0;    8.800;   0;eor
       71;20141101;   3;   10.7;  10.3;  -999;    -999;   82.08;-999;   19.8;    5.2;    3.1;-999;   0.0;   0;    8.883;   0;eor
       71;20141102;   3;   10.3;   9.4;  -999;    -999;   76.58;-999;   18.6;    3.1;    1.8;-999;   0.0;   0;    8.917;   0;eor
       71;20141103;   3;   10.7;   8.7;  -999;    -999;   69.08;-999;   17.1;    4.2;    2.1;-999;   0.0;   0;    4.433;   0;eor
       71;20141104;   3;    9.3;   9.0;  -999;    -999;   77.13;-999;   13.4;    6.6;    4.3;-999;   1.1;   4;    1.933;   0;eor
       71;20141105;   3;    4.0;   7.9;  -999;    -999;   96.21;-999;    7.5;    0.8;    0.5;-999;  22.0;   4;    0.000;   0;eor
       71;20141106;   3;    3.7;   7.4;  -999;    -999;   92.75;-999;    6.2;    1.8;   -0.4;-999;   0.0;   0;    0.117;   0;eor
       71;20141107;   3;    5.8;   7.6;  -999;    -999;   83.04;-999;   10.9;    2.6;    2.8;-999;   0.0;   4;    5.967;   0;eor
       71;20141108;   3;    6.1;   7.9;  -999;    -999;   84.96;-999;   11.0;    1.2;   -0.1;-999;   0.0;   0;    7.950;   0;eor
       71;20141109;   3;    5.6;   8.0;  -999;    -999;   89.00;-999;   12.2;    1.1;    0.6;-999;   0.0;   0;    4.967;   0;eor
       71;20141110;   3;    5.1;   8.5;  -999;    -999;   95.83;-999;    8.4;    2.1;    0.8;-999;   1.0;   4;    0.000;   0;eor
       71;20141111;   3;    5.4;   8.5;  -999;    -999;   94.46;-999;    9.5;    1.8;    0.6;-999;   0.0;   0;    2.333;   0;eor
       71;20141112;   3;    7.0;   9.5;  -999;    -999;   94.29;-999;    9.0;    4.3;    2.1;-999;  10.4;   4;    0.000;   0;eor
       71;20141113;   3;    7.6;  10.2;  -999;    -999;   98.04;-999;    8.7;    7.1;    6.7;-999;   0.3;   4;    0.000;   0;eor
       71;20141114;   3;    6.3;   9.2;  -999;    -999;   96.58;-999;    8.1;    4.9;    3.7;-999;   0.0;   0;    4.117;   0;eor
       71;20141115;   3;    6.3;   9.2;  -999;    -999;   95.67;-999;    9.5;    3.4;    1.7;-999;  24.1;   4;    1.933;   0;eor
       71;20141116;   3;    5.7;   8.2;  -999;    -999;   89.54;-999;    9.4;    3.7;    2.7;-999;   0.4;   4;    2.083;   0;eor
       71;20141117;   3;    5.2;   8.3;  -999;    -999;   93.54;-999;    7.6;    3.3;    1.2;-999;   2.1;   4;    0.000;   0;eor
       71;20141118;   3;    4.7;   8.1;  -999;    -999;   94.08;-999;    6.3;    4.0;    2.0;-999;   8.4;   4;    0.050;   0;eor
       71;20141119;   3;    4.2;   7.8;  -999;    -999;   94.13;-999;    7.5;    1.1;   -0.5;-999;   1.5;   4;    0.483;   0;eor
       71;20141120;   3;    3.1;   7.3;  -999;    -999;   95.96;-999;    7.0;    1.2;    0.6;-999;   0.1;   4;    2.233;   0;eor
       71;20141121;   3;    4.7;   8.0;  -999;    -999;   93.17;-999;    9.2;    2.9;    2.0;-999;   0.0;   0;    1.583;   0;eor
       71;20141122;   3;    6.8;   8.9;  -999;    -999;   90.33;-999;   14.5;    2.6;    1.2;-999;   0.0;   0;    5.667;   0;eor
       71;20141123;   3;    5.9;   8.4;  -999;    -999;   90.42;-999;   14.4;    0.6;   -0.4;-999;   0.0;   0;    7.017;   0;eor
       71;20141124;   3;    8.9;   9.7;  -999;    -999;   86.04;-999;   15.5;    4.1;    3.4;-999;   0.0;   0;    5.967;   0;eor
       71;20141125;   3;    5.9;   9.1;  -999;    -999;   97.46;-999;    7.1;    2.9;    3.1;-999;   0.0;   0;    0.000;   0;eor
       71;20141126;   3;    4.1;   8.0;  -999;    -999;   97.92;-999;    6.0;    2.5;    2.7;-999;   0.0;   0;    0.000;   0;eor
       71;20141127;   3;    4.5;   8.3;  -999;    -999;   97.83;-999;    7.8;    1.3;    1.2;-999;   0.0;   0;    1.600;   0;eor
       71;20141128;   3;    1.4;   6.6;  -999;    -999;   97.25;-999;    4.9;   -0.4;   -0.3;-999;   0.0;   0;    6.717;   0;eor
       71;20141129;   3;    0.1;   6.1;  -999;    -999;   99.13;-999;    3.0;   -1.1;   -0.9;-999;   0.0;   0;    4.267;   0;eor
       71;20141130;   3;   -0.2;   6.0;  -999;    -999;   99.04;-999;    2.2;   -1.4;   -1.8;-999;   0.4;   4;    1.133;   0;eor
       71;20141201;   3;    0.4;   6.2;  -999;    -999;   97.96;-999;    1.2;   -1.0;   -0.8;-999;   0.3;   4;    0.000;   0;eor
       71;20141202;   3;    0.9;   6.4;  -999;    -999;   97.83;-999;    1.9;   -0.2;    0.1;-999;   1.4;   4;    0.000;   0;eor
       71;20141203;   3;    0.2;   6.2;  -999;    -999;   99.50;-999;    1.3;   -0.3;   -0.1;-999;   0.6;   4;    0.000;   0;eor
       71;20141204;   3;    0.1;   6.0;  -999;    -999;   98.08;-999;    1.3;   -1.0;   -1.4;-999;   0.0;   0;    0.000;   0;eor
       71;20141205;   3;   -0.9;   5.7;  -999;    -999;   99.96;-999;    0.1;   -2.4;   -2.3;-999;   0.1;   4;    0.000;   0;eor
       71;20141206;   3;    0.5;   6.3;  -999;    -999;   99.79;-999;    1.2;    0.0;    0.1;-999;   1.8;   4;    0.000;   0;eor
       71;20141207;   3;    0.1;   6.1;  -999;    -999;   99.50;-999;    0.7;   -1.1;   -3.0;-999;   0.7;   4;    0.000;   0;eor
       71;20141208;   3;    0.3;   6.0;  -999;    -999;   95.79;-999;    2.2;   -2.9;   -7.2;-999;   2.4;   4;    0.000;   0;eor
       71;20141209;   3;   -1.1;   5.5;  -999;    -999;   98.21;-999;    1.2;   -4.7;   -7.0;-999;   0.0;   0;    0.133;   0;eor
       71;20141210;   3;   -0.7;   5.3;  -999;    -999;   91.08;-999;    2.8;   -4.9;   -7.4;-999;   0.6;   4;    0.100;   0;eor
       71;20141211;   3;    2.8;   6.4;  -999;    -999;   86.25;-999;    4.0;    1.2;    0.3;-999;   0.8;   4;    0.083;   0;eor
       71;20141212;   3;    4.5;   6.5;  -999;    -999;   76.92;-999;    7.6;    1.4;   -1.0;-999;   0.0;   4;    2.900;   0;eor
       71;20141213;   3;    5.9;   6.6;  -999;    -999;   71.13;-999;    9.6;   -0.3;   -2.6;-999;   0.3;   4;    3.800;   0;eor
       71;20141214;   3;    7.6;   8.5;  -999;    -999;   81.38;-999;    9.0;    6.2;    5.0;-999;   0.3;   4;    0.000;   0;eor
       71;20141215;   3;    6.8;   9.0;  -999;    -999;   90.88;-999;    8.1;    2.8;    0.7;-999;   1.0;   4;    0.000;   0;eor
       71;20141216;   3;    3.3;   7.2;  -999;    -999;   92.92;-999;    5.1;    1.8;    0.7;-999;   1.1;   4;    0.000;   0;eor
       71;20141217;   3;    2.4;   6.6;  -999;    -999;   89.96;-999;    5.3;   -0.1;   -1.5;-999;   1.5;   4;    0.000;   0;eor
       71;20141218;   3;    7.9;   9.5;  -999;    -999;   89.25;-999;   10.4;    4.3;    1.8;-999;   0.2;   4;    0.000;   0;eor
       71;20141219;   3;    8.1;   8.7;  -999;    -999;   80.75;-999;   10.6;    5.6;    3.8;-999;   3.8;   4;    0.333;   0;eor
       71;20141220;   3;    3.0;   6.3;  -999;    -999;   82.50;-999;    5.8;    0.8;    0.1;-999;   1.1;   4;    0.983;   0;eor
       71;20141221;   3;    2.2;   5.8;  -999;    -999;   81.33;-999;    4.4;    1.2;   -1.0;-999;   0.0;   0;    3.883;   0;eor
       71;20141222;   3;    5.4;   6.4;  -999;    -999;   71.79;-999;    9.7;    0.6;   -1.8;-999;   0.0;   0;    5.000;   0;eor
       71;20141223;   3;    7.8;   3.9;  -999;    -999;   39.29;-999;   14.4;    0.5;   -2.7;-999;   0.0;   0;    6.883;   0;eor
       71;20141224;   3;    5.3;   5.7;  -999;    -999;   64.13;-999;    8.1;    0.1;   -3.7;-999;   1.9;   4;    3.967;   0;eor
       71;20141225;   3;    2.4;   6.6;  -999;    -999;   89.71;-999;    5.4;   -0.2;   -1.0;-999;   1.6;   4;    0.000;   0;eor
       71;20141226;   3;   -0.8;   5.5;  -999;    -999;   96.54;-999;    0.3;   -3.1;   -2.5;-999;   7.8;   4;    0.000;   0;eor
       71;20141227;   3;   -1.2;   5.3;  -999;    -999;   94.71;-999;    1.2;   -2.6;   -2.0;-999;  11.1;   4;    0.000;  11;eor
       71;20141228;   3;   -6.6;   3.6;  -999;    -999;   93.25;-999;   -1.8;  -15.1;   -1.0;-999;   1.0;   4;    0.000;  20;eor
       71;20141229;   3;   -9.1;   3.1;  -999;    -999;   93.58;-999;   -4.6;  -16.3;   -7.2;-999;   6.1;   4;    0.000;  21;eor
       71;20141230;   3;   -3.7;   4.6;  -999;    -999;   97.54;-999;   -2.1;   -4.8;   -5.1;-999;   5.7;   4;    0.000;  27;eor
       71;20141231;   3;   -2.4;   5.0;  -999;    -999;   97.21;-999;   -1.5;   -4.0;   -7.6;-999;   0.0;   4;    0.000;  30;eor
       71;20150101;   3;   -2.8;   4.8;  -999;    -999;   96.63;-999;    1.0;   -5.7;  -10.1;-999;   0.0;   0;    2.767;  27;eor
       71;20150102;   3;   -0.8;   5.4;  -999;    -999;   90.75;-999;    5.3;   -7.5;   -9.5;-999;   0.7;   4;    0.050;  26;eor
       71;20150103;   3;    2.8;   7.1;  -999;    -999;   93.58;-999;    7.5;   -1.1;   -2.0;-999;  16.0;   4;    0.000;  18;eor
       71;20150104;   3;   -0.2;   5.3;  -999;    -999;   88.04;-999;    1.6;   -1.6;   -2.7;-999;   0.0;   4;    0.633;   6;eor
       71;20150105;   3;   -1.8;   4.1;  -999;    -999;   78.38;-999;    5.8;   -6.0;   -7.7;-999;   0.0;   0;    7.133;   4;eor
       71;20150106;   3;   -0.8;   4.0;  -999;    -999;   70.33;-999;    4.9;   -5.4;   -6.7;-999;   0.0;   0;    5.900;   2;eor
       71;20150107;   3;    0.6;   5.6;  -999;    -999;   88.21;-999;    3.0;   -2.9;   -3.9;-999;   0.2;   4;    1.717;   2;eor
       71;20150108;   3;    4.4;   7.1;  -999;    -999;   84.71;-999;    6.8;    0.3;   -1.8;-999;   3.9;   4;    0.000;   1;eor
       71;20150109;   3;    6.1;   7.7;  -999;    -999;   81.29;-999;    9.7;    2.7;    0.7;-999;   1.8;   4;    0.000;   0;eor
       71;20150110;   3;   10.5;  10.0;  -999;    -999;   79.29;-999;   12.5;    8.6;    7.8;-999;   8.3;   4;    3.350;   0;eor
       71;20150111;   3;    1.1;   5.9;  -999;    -999;   87.96;-999;    8.6;   -0.5;   -1.3;-999;   0.4;   4;    0.767;   0;eor
       71;20150112;   3;    4.0;   3.9;  -999;    -999;   51.04;-999;    8.7;    0.7;    0.3;-999;   0.0;   0;    1.817;   0;eor
       71;20150113;   3;    7.9;   4.1;  -999;    -999;   39.42;-999;   12.7;   -1.1;   -3.0;-999;   4.3;   4;    7.483;   0;eor
       71;20150114;   3;    3.5;   6.7;  -999;    -999;   85.75;-999;    9.1;   -1.1;   -3.0;-999;   5.6;   4;    0.033;   0;eor
       71;20150115;   3;    3.7;   6.0;  -999;    -999;   76.63;-999;    6.5;   -1.3;   -2.4;-999;   0.0;   0;    0.000;   0;eor
       71;20150116;   3;    5.6;   7.0;  -999;    -999;   78.21;-999;    9.3;    0.9;    0.3;-999;   8.6;   4;    0.433;   0;eor
       71;20150117;   3;    0.3;   6.1;  -999;    -999;   98.29;-999;    1.1;   -0.7;   -1.9;-999;   3.6;   4;    0.000;   3;eor
       71;20150118;   3;   -2.0;   4.9;  -999;    -999;   92.79;-999;   -0.4;   -3.5;   -6.8;-999;   0.0;   0;    0.800;   4;eor
       71;20150119;   3;   -1.4;   5.0;  -999;    -999;   89.92;-999;    1.1;   -4.5;   -7.2;-999;   2.3;   4;    0.867;   3;eor
       71;20150120;   3;   -1.0;   5.6;  -999;    -999;   98.29;-999;   -0.3;   -1.8;   -2.4;-999;   1.7;   4;    0.000;   5;eor
       71;20150121;   3;   -2.0;   5.1;  -999;    -999;   96.63;-999;   -1.4;   -3.0;   -2.9;-999;   0.0;   0;    0.133;   6;eor
       71;20150122;   3;   -2.8;   4.8;  -999;    -999;   96.79;-999;   -1.3;   -3.2;   -3.3;-999;   0.3;   4;    0.000;   5;eor
       71;20150123;   3;   -2.3;   5.1;  -999;    -999;   97.96;-999;   -1.6;   -3.2;   -3.1;-999;   0.0;   4;    0.000;   5;eor
       71;20150124;   3;   -2.0;   5.1;  -999;    -999;   96.33;-999;   -0.3;   -2.9;   -2.9;-999;   4.6;   4;    0.000;   3;eor
       71;20150125;   3;   -2.0;   5.0;  -999;    -999;   94.21;-999;   -0.7;   -3.2;   -6.9;-999;   0.5;   4;    0.000;   6;eor
       71;20150126;   3;   -1.7;   5.0;  -999;    -999;   93.54;-999;    0.6;   -2.9;   -4.3;-999;   9.1;   4;    0.000;   5;eor
       71;20150127;   3;   -0.8;   5.5;  -999;    -999;   95.21;-999;    0.2;   -1.4;   -1.5;-999;   3.1;   4;    0.000;  11;eor
       71;20150128;   3;   -0.3;   5.4;  -999;    -999;   89.88;-999;    2.3;   -1.7;   -2.5;-999;   3.5;   4;    0.167;  17;eor
       71;20150129;   3;    0.0;   5.5;  -999;    -999;   89.83;-999;    2.1;   -2.9;   -5.5;-999;   7.2;   4;    0.333;  15;eor
       71;20150130;   3;   -1.2;   4.9;  -999;    -999;   86.96;-999;    1.2;   -3.6;   -5.2;-999;   1.2;   4;    3.167;  18;eor
       71;20150131;   3;   -1.2;   4.6;  -999;    -999;   81.63;-999;    0.9;   -2.9;   -6.7;-999;   0.3;   4;    3.167;  18;eor
       71;20150201;   3;   -2.0;   4.5;  -999;    -999;   85.88;-999;   -0.6;   -3.0;   -7.7;-999;   1.6;   4;    0.183;  17;eor
       71;20150202;   3;   -2.7;   4.8;  -999;    -999;   94.75;-999;   -1.0;   -8.5;   -3.9;-999;   5.9;   4;    0.017;  20;eor
       71;20150203;   3;   -6.8;   3.3;  -999;    -999;   89.83;-999;   -0.4;  -10.5;  -13.2;-999;   0.0;   0;    7.217;  32;eor
       71;20150204;   3;   -6.1;   3.4;  -999;    -999;   88.46;-999;   -2.2;   -7.9;  -13.6;-999;   0.0;   0;    4.517;  32;eor
       71;20150205;   3;   -4.9;   3.5;  -999;    -999;   83.79;-999;   -4.0;   -5.6;   -6.1;-999;   0.4;   4;    0.000;  28;eor
       71;20150206;   3;   -4.9;   3.4;  -999;    -999;   80.54;-999;   -3.7;   -6.3;   -6.5;-999;   0.0;   0;    0.167;  21;eor
       71;20150207;   3;   -6.2;   2.9;  -999;    -999;   76.88;-999;   -0.6;   -9.5;  -13.6;-999;   0.1;   4;    8.267;  21;eor
       71;20150208;   3;   -4.3;   3.9;  -999;    -999;   86.50;-999;   -1.1;   -8.9;  -12.9;-999;   1.6;   4;    0.017;  20;eor
       71;20150209;   3;   -3.0;   4.2;  -999;    -999;   85.17;-999;   -0.8;   -6.9;   -8.8;-999;   0.1;   4;    0.000;  21;eor
       71;20150210;   3;   -0.4;   5.1;  -999;    -999;   86.63;-999;    3.5;   -2.8;   -7.6;-999;   0.0;   0;    4.017;  22;eor
       71;20150211;   3;   -1.9;   5.0;  -999;    -999;   94.79;-999;    0.8;   -6.4;   -8.1;-999;   0.0;   0;    5.800;  22;eor
       71;20150212;   3;   -2.2;   4.4;  -999;    -999;   84.54;-999;    9.8;   -8.7;  -10.5;-999;   0.0;   0;    9.400;  20;eor
       71;20150213;   3;   -0.3;   4.3;  -999;    -999;   74.79;-999;   10.0;   -5.9;   -8.7;-999;   0.0;   0;    8.900;  19;eor
       71;20150214;   3;    1.0;   4.9;  -999;    -999;   76.50;-999;    8.8;   -3.3;   -5.8;-999;   0.0;   0;    5.783;  18;eor
       71;20150215;   3;   -2.6;   4.5;  -999;    -999;   88.67;-999;    3.5;   -5.8;   -7.1;-999;   0.0;   0;    2.550;  17;eor
       71;20150216;   3;   -2.2;   4.4;  -999;    -999;   85.88;-999;    6.0;   -7.7;  -10.4;-999;   0.0;   0;    9.383;  16;eor
       71;20150217;   3;   -3.6;   4.5;  -999;    -999;   95.79;-999;   -0.3;   -6.9;  -10.7;-999;   0.0;   0;    6.300;  15;eor
       71;20150218;   3;   -2.9;   4.7;  -999;    -999;   95.33;-999;   -0.8;   -3.8;   -3.7;-999;   0.0;   0;    0.733;  13;eor
       71;20150219;   3;   -0.7;   4.9;  -999;    -999;   83.92;-999;    6.0;   -4.8;   -7.0;-999;   0.0;   0;    8.883;  13;eor
       71;20150220;   3;    2.5;   4.3;  -999;    -999;   61.79;-999;    9.3;   -5.0;   -7.3;-999;   0.0;   0;    9.833;  13;eor
       71;20150221;   3;    1.7;   5.6;  -999;    -999;   81.75;-999;    4.2;   -0.9;   -2.9;-999;   3.1;   4;    0.350;  13;eor
       71;20150222;   3;   -0.4;   5.4;  -999;    -999;   92.33;-999;    2.5;   -3.2;   -6.4;-999;   0.1;   4;    1.217;  13;eor
       71;20150223;   3;    0.3;   5.7;  -999;    -999;   89.79;-999;    3.4;   -5.0;   -7.6;-999;   4.5;   4;    0.000;  13;eor
       71;20150224;   3;    1.0;   5.4;  -999;    -999;   82.46;-999;    2.7;   -1.4;   -4.1;-999;   0.6;   4;    0.000;  12;eor
       71;20150225;   3;    0.6;   4.9;  -999;    -999;   78.63;-999;    5.1;   -3.3;   -6.1;-999;   0.0;   0;    6.050;  14;eor
       71;20150226;   3;    0.0;   4.0;  -999;    -999;   69.38;-999;    5.9;   -5.5;   -7.2;-999;   0.2;   4;   10.167;  10;eor
       71;20150227;   3;    0.5;   5.7;  -999;    -999;   89.38;-999;    1.6;   -1.0;   -1.4;-999;  11.1;   4;    0.000;  10;eor
       71;20150228;   3;    0.1;   5.6;  -999;    -999;   90.50;-999;    2.9;   -2.7;   -4.4;-999;   1.1;   4;    6.483;  12;eor
       71;20150301;   3;    3.7;   7.0;  -999;    -999;   86.25;-999;    7.6;   -2.4;   -4.2;-999;   6.1;   4;    0.433;   0;eor
       71;20150302;   3;    3.1;   6.9;  -999;    -999;   90.04;-999;    7.4;   -0.4;   -2.2;-999;   6.9;   4;    0.167;   0;eor
       71;20150303;   3;    2.9;   4.9;  -999;    -999;   66.58;-999;    7.7;   -1.5;   -3.4;-999;   2.3;   4;    9.150;   1;eor
       71;20150304;   3;    0.9;   5.1;  -999;    -999;   78.58;-999;    3.8;   -0.7;   -2.3;-999;   0.0;   4;    3.583;   1;eor
       71;20150305;   3;    0.3;   4.6;  -999;    -999;   74.42;-999;    3.2;   -1.8;   -3.7;-999;   0.1;   4;    3.117;   0;eor
       71;20150306;   3;    0.8;   4.5;  -999;    -999;   71.63;-999;    6.6;   -3.4;   -6.0;-999;   0.0;   0;    7.483;   0;eor
       71;20150307;   3;    2.3;   4.5;  -999;    -999;   65.46;-999;    9.7;   -4.2;   -5.6;-999;   0.0;   0;    9.050;   0;eor
       71;20150308;   3;    5.7;   4.6;  -999;    -999;   57.21;-999;   15.0;   -2.0;   -3.8;-999;   0.0;   0;   10.000;   0;eor
       71;20150309;   3;    6.9;   5.3;  -999;    -999;   56.75;-999;   15.1;    1.1;   -1.2;-999;   0.0;   0;   10.300;   0;eor
       71;20150310;   3;    6.1;   6.3;  -999;    -999;   68.17;-999;   12.0;   -0.6;   -3.3;-999;   1.3;   4;    6.500;   0;eor
       71;20150311;   3;    3.8;   5.9;  -999;    -999;   72.75;-999;    7.8;   -1.6;   -4.7;-999;   0.0;   0;    7.450;   0;eor
       71;20150312;   3;    1.5;   4.4;  -999;    -999;   65.79;-999;    6.7;   -3.3;   -6.4;-999;   0.0;   0;    7.233;   0;eor
       71;20150313;   3;    1.3;   4.6;  -999;    -999;   69.92;-999;    6.3;   -2.2;   -5.4;-999;   0.0;   0;    9.100;   0;eor
       71;20150314;   3;    0.6;   5.2;  -999;    -999;   81.17;-999;    3.3;   -2.8;   -5.4;-999;   0.0;   0;    0.033;   0;eor
       71;20150315;   3;    2.8;   5.7;  -999;    -999;   77.50;-999;    8.0;   -1.1;   -3.0;-999;   0.0;   0;    6.883;   0;eor
       71;20150316;   3;    6.9;   5.4;  -999;    -999;   58.79;-999;   14.7;    0.6;   -0.3;-999;   0.0;   0;    8.050;   0;eor
       71;20150317;   3;    8.6;   6.3;  -999;    -999;   60.71;-999;   16.6;    0.6;   -1.7;-999;   0.0;   0;    8.833;   0;eor
       71;20150318;   3;    8.9;   6.9;  -999;    -999;   62.54;-999;   15.5;    3.3;    0.5;-999;   0.0;   0;    9.733;   0;eor
       71;20150319;   3;    7.6;   6.0;  -999;    -999;   60.79;-999;   13.8;    2.2;   -1.0;-999;   0.0;   0;    9.100;   0;eor
       71;20150320;   3;    6.2;   4.7;  -999;    -999;   53.58;-999;   13.0;   -0.6;   -2.9;-999;   0.0;   0;   11.317;   0;eor
       71;20150321;   3;    5.1;   5.6;  -999;    -999;   65.92;-999;   10.9;    0.2;   -2.2;-999;   0.1;   4;    1.150;   0;eor
       71;20150322;   3;    2.5;   6.0;  -999;    -999;   81.42;-999;    4.8;    0.4;   -1.4;-999;   0.0;   0;    0.233;   0;eor
       71;20150323;   3;    4.7;   6.7;  -999;    -999;   79.33;-999;   11.3;    0.5;   -1.5;-999;   0.0;   0;    5.650;   0;eor
       71;20150324;   3;    6.5;   6.6;  -999;    -999;   70.92;-999;   14.0;   -0.3;   -2.6;-999;   0.0;   0;    5.433;   0;eor
       71;20150325;   3;    6.6;   7.3;  -999;    -999;   76.63;-999;   13.9;    1.2;    0.0;-999;   0.6;   4;    6.300;   0;eor
       71;20150326;   3;    2.8;   6.8;  -999;    -999;   90.88;-999;    4.2;    1.5;    1.4;-999;   1.3;   4;    0.000;   0;eor
       71;20150327;   3;    4.2;   5.9;  -999;    -999;   72.46;-999;    7.3;    1.8;    0.1;-999;   0.0;   0;    3.350;   0;eor
       71;20150328;   3;    5.3;   6.1;  -999;    -999;   70.04;-999;   11.8;   -1.0;   -3.6;-999;   0.8;   4;    6.600;   0;eor
       71;20150329;   3;    7.8;   8.9;  -999;    -999;   83.83;-999;    8.7;    6.5;    6.0;-999;  20.7;   4;    0.000;   0;eor
       71;20150330;   3;    5.5;   7.5;  -999;    -999;   83.00;-999;    7.6;    3.6;    2.1;-999;   6.8;   4;    0.067;   0;eor
       71;20150331;   3;    7.4;   8.0;  -999;    -999;   76.75;-999;   11.2;    2.4;    1.1;-999;  14.7;   4;    1.117;   0;eor
       71;20150401;   3;    1.2;   5.4;  -999;    -999;   82.25;-999;    4.1;   -1.1;   -1.0;-999;   0.9;   4;    2.800;   5;eor
       71;20150402;   3;    1.9;   6.3;  -999;    -999;   89.92;-999;    4.0;   -0.2;   -1.7;-999;  11.2;   4;    0.000;   0;eor
       71;20150403;   3;    3.0;   5.5;  -999;    -999;   76.21;-999;    9.1;   -4.1;   -6.0;-999;   3.2;   4;    8.967;   0;eor
       71;20150404;   3;    1.5;   6.4;  -999;    -999;   93.75;-999;    2.1;    0.4;   -0.6;-999;   7.2;   4;    0.000;   0;eor
       71;20150405;   3;    1.2;   4.2;  -999;    -999;   64.88;-999;    5.6;   -1.5;   -4.2;-999;   0.0;   0;    5.950;   0;eor
       71;20150406;   3;    0.8;   4.2;  -999;    -999;   64.88;-999;    4.4;   -3.5;   -6.9;-999;   0.0;   0;    2.283;   0;eor
       71;20150407;   3;    2.5;   4.3;  -999;    -999;   61.00;-999;    8.9;   -3.5;   -6.3;-999;   0.0;   0;   12.317;   0;eor
       71;20150408;   3;    6.0;   4.9;  -999;    -999;   54.88;-999;   13.3;   -2.2;   -4.8;-999;   0.0;   0;   12.300;   0;eor
       71;20150409;   3;    9.8;   6.8;  -999;    -999;   59.42;-999;   17.5;    2.1;    0.1;-999;   0.0;   0;   11.717;   0;eor
       71;20150410;   3;   11.9;   6.0;  -999;    -999;   48.54;-999;   19.4;    3.3;    1.5;-999;   0.0;   0;   10.633;   0;eor
       71;20150411;   3;   10.9;   7.6;  -999;    -999;   59.29;-999;   13.7;    8.9;    6.8;-999;   0.2;   4;    1.967;   0;eor
       71;20150412;   3;   11.1;   8.6;  -999;    -999;   67.50;-999;   16.6;    4.3;    2.5;-999;   0.0;   0;    9.000;   0;eor
       71;20150413;   3;   10.6;   8.1;  -999;    -999;   65.29;-999;   16.2;    3.6;    2.1;-999;   0.0;   0;    8.083;   0;eor
       71;20150414;   3;   11.1;   7.6;  -999;    -999;   60.96;-999;   18.0;    3.7;    1.1;-999;   0.0;   0;   11.383;   0;eor
       71;20150415;   3;   14.7;   6.1;  -999;    -999;   42.00;-999;   22.9;    5.3;    3.1;-999;   0.0;   0;   11.850;   0;eor
       71;20150416;   3;   15.2;   6.6;  -999;    -999;   39.96;-999;   20.5;    8.6;    6.0;-999;   1.3;   4;    3.550;   0;eor
       71;20150417;   3;   10.4;  10.6;  -999;    -999;   84.71;-999;   14.2;    4.8;    3.5;-999;   6.0;   4;    0.383;   0;eor
       71;20150418;   3;    5.0;   5.2;  -999;    -999;   61.29;-999;    9.1;    1.1;   -1.2;-999;   0.0;   0;    8.717;   0;eor
       71;20150419;   3;    7.3;   4.6;  -999;    -999;   47.21;-999;   13.8;    0.8;   -0.4;-999;   0.0;   0;   12.950;   0;eor
       71;20150420;   3;    9.7;   5.3;  -999;    -999;   46.50;-999;   15.4;    2.0;   -1.0;-999;   0.0;   0;   12.883;   0;eor
       71;20150421;   3;   11.8;   6.2;  -999;    -999;   47.63;-999;   19.3;    4.7;    1.2;-999;   0.0;   0;   12.867;   0;eor
       71;20150422;   3;   11.0;   6.1;  -999;    -999;   49.13;-999;   18.7;    3.4;    0.7;-999;   0.0;   0;   12.817;   0;eor
       71;20150423;   3;    7.2;   5.5;  -999;    -999;   57.96;-999;   13.9;    0.1;   -2.8;-999;   0.0;   0;   13.050;   0;eor
       71;20150424;   3;   10.2;   5.7;  -999;    -999;   50.58;-999;   18.7;    0.4;   -1.9;-999;   0.0;   0;   12.283;   0;eor
       71;20150425;   3;   11.1;   9.4;  -999;    -999;   70.42;-999;   16.3;    5.2;    3.2;-999;   2.3;   4;    0.433;   0;eor
       71;20150426;   3;   13.4;  10.8;  -999;    -999;   71.71;-999;   18.1;    8.2;    6.6;-999;   0.0;   0;    5.117;   0;eor
       71;20150427;   3;   12.1;  11.3;  -999;    -999;   80.71;-999;   17.1;    7.0;    5.6;-999;   7.4;   4;    2.483;   0;eor
       71;20150428;   3;    4.9;   7.3;  -999;    -999;   84.58;-999;    8.5;    0.5;   -2.4;-999;   1.5;   4;    1.417;   0;eor
       71;20150429;   3;    6.9;   6.4;  -999;    -999;   67.00;-999;   12.8;   -0.5;   -2.6;-999;   0.0;   0;   10.433;   0;eor
       71;20150430;   3;    8.1;   7.5;  -999;    -999;   71.33;-999;   13.6;    5.1;    2.9;-999;   8.7;   4;    4.083;   0;eor
       71;20150501;   3;    7.2;   9.9;  -999;    -999;   96.88;-999;    9.5;    5.4;    5.0;-999;  36.7;   4;    0.000;-999;eor
       71;20150502;   3;    9.5;  11.0;  -999;    -999;   92.21;-999;   13.2;    6.7;    6.8;-999;  10.0;   4;    0.833;-999;eor
       71;20150503;   3;   13.1;  13.9;  -999;    -999;   91.17;-999;   16.6;    9.4;    8.9;-999;   3.1;   4;    0.083;-999;eor
       71;20150504;   3;   15.3;  14.2;  -999;    -999;   82.00;-999;   19.2;   11.8;   10.8;-999;   0.1;   4;    1.717;-999;eor
       71;20150505;   3;   16.2;  12.2;  -999;    -999;   67.96;-999;   21.5;   10.8;    9.7;-999;   5.2;   4;    1.200;-999;eor
       71;20150506;   3;   11.7;  10.1;  -999;    -999;   74.79;-999;   16.3;    7.4;    4.9;-999;   0.0;   4;    3.700;-999;eor
       71;20150507;   3;   10.7;   7.8;  -999;    -999;   63.33;-999;   16.4;    5.2;    2.2;-999;   0.0;   0;   10.533;-999;eor
       71;20150508;   3;   14.2;   8.6;  -999;    -999;   56.08;-999;   20.8;    6.3;    4.7;-999;   0.1;   4;   11.483;-999;eor
       71;20150509;   3;   13.5;  10.9;  -999;    -999;   70.67;-999;   17.6;    9.7;    7.7;-999;   0.0;   0;    4.433;-999;eor
       71;20150510;   3;   13.2;   9.1;  -999;    -999;   61.83;-999;   18.8;    7.4;    4.5;-999;   0.0;   0;   11.833;-999;eor
       71;20150511;   3;   15.8;  10.4;  -999;    -999;   61.33;-999;   24.4;    6.5;    5.3;-999;   0.0;   0;   12.383;-999;eor
       71;20150512;   3;   19.5;  10.8;  -999;    -999;   51.96;-999;   26.6;   10.3;    8.0;-999;   0.0;   0;   10.717;-999;eor
       71;20150513;   3;   16.7;  13.2;  -999;    -999;   70.00;-999;   22.1;   11.5;    9.7;-999;   3.1;   4;    5.850;-999;eor
       71;20150514;   3;   13.5;  12.8;  -999;    -999;   83.08;-999;   17.0;   10.6;    9.8;-999;   7.6;   4;    1.050;-999;eor
       71;20150515;   3;    8.4;  10.7;  -999;    -999;   96.42;-999;   11.2;    6.2;    4.5;-999;  12.0;   4;    0.000;-999;eor
       71;20150516;   3;   12.2;  10.3;  -999;    -999;   75.04;-999;   17.2;    6.0;    4.7;-999;   0.3;   4;    9.567;-999;eor
       71;20150517;   3;   12.4;  10.4;  -999;    -999;   74.29;-999;   17.6;    9.2;    6.7;-999;   0.0;   4;    7.383;-999;eor
       71;20150518;   3;   14.5;   9.0;  -999;    -999;   57.63;-999;   21.5;    6.2;    4.5;-999;   0.0;   0;   12.933;-999;eor
       71;20150519;   3;   10.8;   9.7;  -999;    -999;   74.25;-999;   13.5;    7.6;    5.9;-999;   0.5;   4;    1.033;-999;eor
       71;20150520;   3;    7.2;   8.3;  -999;    -999;   82.33;-999;   10.5;    5.3;    4.6;-999;   4.3;   4;    1.567;-999;eor
       71;20150521;   3;    7.5;   7.3;  -999;    -999;   72.67;-999;   12.5;    3.7;    0.3;-999;   0.0;   0;    4.833;-999;eor
       71;20150522;   3;    9.2;   6.9;  -999;    -999;   60.96;-999;   15.1;    2.2;   -1.1;-999;   0.0;   0;    8.833;-999;eor
       71;20150523;   3;   11.3;   7.9;  -999;    -999;   59.92;-999;   16.4;    4.9;    1.8;-999;   0.0;   0;    5.050;-999;eor
       71;20150524;   3;   12.5;  10.2;  -999;    -999;   70.79;-999;   15.6;    8.9;    6.8;-999;   0.0;   0;    1.567;-999;eor
       71;20150525;   3;   11.3;  11.2;  -999;    -999;   84.25;-999;   17.5;    8.1;    6.8;-999;  19.0;   4;    0.950;-999;eor
       71;20150526;   3;    8.7;   9.6;  -999;    -999;   85.50;-999;   10.9;    4.6;    2.4;-999;   0.2;   4;    0.367;-999;eor
       71;20150527;   3;    8.3;   7.8;  -999;    -999;   73.63;-999;   14.2;    3.9;    1.8;-999;   0.0;   0;    5.383;-999;eor
       71;20150528;   3;   11.9;   8.6;  -999;    -999;   64.96;-999;   19.2;    2.8;    0.3;-999;   0.0;   0;   11.617;-999;eor
       71;20150529;   3;   14.1;  10.4;  -999;    -999;   67.29;-999;   20.8;    7.0;    4.7;-999;   0.4;   4;    6.717;-999;eor
       71;20150530;   3;   11.6;  10.6;  -999;    -999;   77.75;-999;   15.4;    7.6;    4.5;-999;   0.1;   4;    1.733;-999;eor
       71;20150531;   3;   13.8;  10.1;  -999;    -999;   66.54;-999;   20.4;    5.7;    3.5;-999;   0.0;   0;    7.850;-999;eor
       71;20150601;   3;   15.6;  12.4;  -999;    -999;   70.25;-999;   20.2;   11.5;    7.6;-999;   0.0;   0;    4.267;-999;eor
       71;20150602;   3;   17.3;  12.3;  -999;    -999;   64.75;-999;   23.4;   10.3;    8.2;-999;   0.0;   0;   10.117;-999;eor
       71;20150603;   3;   19.3;  11.4;  -999;    -999;   54.42;-999;   25.3;   11.8;    8.8;-999;   0.0;   0;   10.967;-999;eor
       71;20150604;   3;   19.3;  13.8;  -999;    -999;   64.13;-999;   26.7;   11.0;    6.7;-999;   0.0;   0;   12.417;-999;eor
       71;20150605;   3;   22.2;  14.6;  -999;    -999;   57.46;-999;   29.1;   13.9;   11.7;-999;   0.0;   0;   12.500;-999;eor
       71;20150606;   3;   22.6;  16.1;  -999;    -999;   60.25;-999;   29.1;   15.2;   14.7;-999;  14.6;   4;    7.500;-999;eor
       71;20150607;   3;   19.5;  17.8;  -999;    -999;   79.46;-999;   24.9;   14.9;   13.5;-999;   7.5;   4;    8.133;-999;eor
       71;20150608;   3;   12.4;  13.7;  -999;    -999;   94.83;-999;   16.6;    9.9;    9.9;-999;   4.7;   4;    0.000;-999;eor
       71;20150609;   3;   10.4;  11.6;  -999;    -999;   92.50;-999;   12.8;    9.1;    9.1;-999;   0.2;   4;    0.000;-999;eor
       71;20150610;   3;   12.1;  12.8;  -999;    -999;   90.38;-999;   15.5;    9.6;    8.2;-999;   0.0;   0;    0.083;-999;eor
       71;20150611;   3;   16.6;  15.2;  -999;    -999;   81.04;-999;   22.8;   11.1;    8.3;-999;   0.1;   4;    6.633;-999;eor
       71;20150612;   3;   19.6;  15.3;  -999;    -999;   71.42;-999;   27.4;   12.3;    9.8;-999;   0.0;   0;   10.350;-999;eor
       71;20150613;   3;   18.2;  15.0;  -999;    -999;   73.63;-999;   23.3;   13.8;   10.7;-999;   1.3;   4;    8.417;-999;eor
       71;20150614;   3;   17.3;  16.0;  -999;    -999;   81.33;-999;   22.2;   13.6;   11.8;-999;   5.8;   4;    3.933;-999;eor
       71;20150615;   3;   14.6;  15.2;  -999;    -999;   91.96;-999;   17.2;   12.4;   12.2;-999;   1.3;   4;    0.000;-999;eor
       71;20150616;   3;   14.3;  13.1;  -999;    -999;   80.42;-999;   17.3;   11.4;    9.6;-999;   0.1;   4;    0.533;-999;eor
       71;20150617;   3;   13.3;  10.4;  -999;    -999;   69.21;-999;   18.9;    8.8;    6.1;-999;   0.0;   0;    8.517;-999;eor
       71;20150618;   3;   12.4;  12.8;  -999;    -999;   87.50;-999;   15.0;    8.3;    4.9;-999;  10.0;   4;    0.300;-999;eor
       71;20150619;   3;   11.3;  10.8;  -999;    -999;   81.46;-999;   14.8;    8.7;    8.1;-999;   2.9;   4;    1.667;-999;eor
       71;20150620;   3;    9.2;  10.2;  -999;    -999;   87.46;-999;   11.6;    6.3;    4.7;-999;   0.6;   4;    0.450;-999;eor
       71;20150621;   3;   12.2;  11.6;  -999;    -999;   81.38;-999;   18.5;    5.8;    3.7;-999;   0.0;   0;    2.050;-999;eor
       71;20150622;   3;   14.0;  11.4;  -999;    -999;   72.21;-999;   16.9;    8.9;    8.0;-999;   6.5;   4;    0.083;-999;eor
       71;20150623;   3;    9.5;   9.5;  -999;    -999;   80.38;-999;   13.6;    6.6;    3.9;-999;   0.4;   4;    3.667;-999;eor
       71;20150624;   3;   12.5;  10.0;  -999;    -999;   71.38;-999;   19.4;    5.4;    2.4;-999;   0.0;   0;    9.800;-999;eor
       71;20150625;   3;   15.7;  10.7;  -999;    -999;   63.63;-999;   22.7;    7.5;    5.0;-999;   0.0;   0;   12.383;-999;eor
       71;20150626;   3;   17.7;  11.5;  -999;    -999;   59.71;-999;   23.8;    9.7;    6.4;-999;   0.0;   0;   12.000;-999;eor
       71;20150627;   3;   16.8;  13.6;  -999;    -999;   71.25;-999;   22.7;   11.7;    7.6;-999;   1.6;   4;    4.917;-999;eor
       71;20150628;   3;   16.7;  11.5;  -999;    -999;   63.29;-999;   23.3;    9.3;    6.0;-999;   0.0;   0;   12.067;-999;eor
       71;20150629;   3;   18.7;  13.1;  -999;    -999;   62.96;-999;   25.1;   12.4;    9.8;-999;   0.0;   0;    5.833;-999;eor
       71;20150630;   3;   21.1;  14.1;  -999;    -999;   58.92;-999;   27.9;   13.5;   10.5;-999;   0.0;   0;   12.533;-999;eor
       71;20150701;   3;   22.7;  13.9;  -999;    -999;   53.71;-999;   29.2;   14.9;   12.3;-999;   0.0;   0;   14.017;-999;eor
       71;20150702;   3;   25.0;  17.0;  -999;    -999;   56.25;-999;   32.4;   16.8;   14.4;-999;   0.0;   0;   13.100;-999;eor
       71;20150703;   3;   24.3;  18.3;  -999;    -999;   61.71;-999;   31.3;   18.6;   16.4;-999;   0.1;   4;    7.750;-999;eor
       71;20150704;   3;   24.8;  17.7;  -999;    -999;   59.71;-999;   33.9;   17.2;   15.1;-999;   3.9;   4;   12.433;-999;eor
       71;20150705;   3;   27.2;  16.6;  -999;    -999;   48.96;-999;   33.9;   18.7;   16.1;-999;   0.0;   0;   13.717;-999;eor
       71;20150706;   3;   22.6;  16.4;  -999;    -999;   61.17;-999;   28.3;   18.2;   14.9;-999;   0.0;   0;   12.433;-999;eor
       71;20150707;   3;   25.6;  16.3;  -999;    -999;   53.79;-999;   33.7;   16.6;   14.6;-999;   0.0;   4;   10.467;-999;eor
       71;20150708;   3;   16.9;  12.3;  -999;    -999;   64.38;-999;   20.6;   13.6;   12.8;-999;   0.9;   4;    3.583;-999;eor
       71;20150709;   3;   14.2;  10.0;  -999;    -999;   62.58;-999;   18.5;    9.2;    5.8;-999;   0.0;   0;    5.850;-999;eor
       71;20150710;   3;   16.2;   9.6;  -999;    -999;   56.13;-999;   23.8;    7.5;    4.1;-999;   0.0;   0;   13.983;-999;eor
       71;20150711;   3;   20.8;  10.8;  -999;    -999;   46.79;-999;   28.3;   10.4;    8.3;-999;   0.0;   0;   13.467;-999;eor
       71;20150712;   3;   19.7;  12.1;  -999;    -999;   53.63;-999;   25.8;   14.1;   10.0;-999;   0.1;   4;   10.550;-999;eor
       71;20150713;   3;   17.7;  13.3;  -999;    -999;   65.63;-999;   20.7;   15.0;   14.1;-999;   0.0;   0;    0.517;-999;eor
       71;20150714;   3;   20.2;  14.0;  -999;    -999;   59.92;-999;   24.9;   15.1;   11.8;-999;   0.0;   0;    6.183;-999;eor
       71;20150715;   3;   21.3;  14.1;  -999;    -999;   59.21;-999;   28.0;   13.3;   10.5;-999;   0.0;   0;   13.750;-999;eor
       71;20150716;   3;   23.8;  13.9;  -999;    -999;   51.08;-999;   32.1;   15.6;   12.2;-999;   0.0;   0;   12.350;-999;eor
       71;20150717;   3;   23.8;  14.1;  -999;    -999;   50.58;-999;   32.5;   16.3;   12.0;-999;   1.5;   4;    9.050;-999;eor
       71;20150718;   3;   22.2;  15.4;  -999;    -999;   57.75;-999;   26.4;   18.5;   15.5;-999;   2.7;   4;    7.167;-999;eor
       71;20150719;   3;   21.8;  16.3;  -999;    -999;   63.79;-999;   27.7;   16.8;   13.4;-999;   0.2;   4;    3.850;-999;eor
       71;20150720;   3;   21.5;  15.7;  -999;    -999;   63.13;-999;   28.1;   16.2;   13.0;-999;   0.0;   0;    6.700;-999;eor
       71;20150721;   3;   23.9;  15.8;  -999;    -999;   56.96;-999;   31.5;   17.0;   14.3;-999;   0.0;   0;   13.183;-999;eor
       71;20150722;   3;   23.4;  16.8;  -999;    -999;   61.63;-999;   31.8;   17.8;   13.9;-999;  28.3;   4;    7.550;-999;eor
       71;20150723;   3;   18.3;  17.0;  -999;    -999;   81.42;-999;   22.1;   14.7;   12.3;-999;   2.1;   4;    0.883;-999;eor
       71;20150724;   3;   20.4;  16.6;  -999;    -999;   71.67;-999;   28.2;   13.3;   11.5;-999;  19.7;   4;    9.383;-999;eor
       71;20150725;   3;   16.5;  11.8;  -999;    -999;   63.50;-999;   20.5;    8.9;    5.8;-999;   0.0;   0;    9.633;-999;eor
       71;20150726;   3;   13.7;   9.6;  -999;    -999;   64.54;-999;   20.5;    6.7;    4.0;-999;   2.4;   4;    8.333;-999;eor
       71;20150727;   3;   16.0;  11.9;  -999;    -999;   66.75;-999;   19.9;   12.6;   10.8;-999;   0.0;   0;    8.500;-999;eor
       71;20150728;   3;   15.5;  10.4;  -999;    -999;   60.00;-999;   19.6;   10.3;   10.1;-999;   1.1;   4;    3.483;-999;eor
       71;20150729;   3;   11.6;  12.1;  -999;    -999;   87.92;-999;   15.5;    7.0;    4.3;-999;   1.3;   4;    0.633;-999;eor
       71;20150730;   3;   12.8;   8.6;  -999;    -999;   62.13;-999;   19.4;    6.0;    4.0;-999;   0.0;   0;    7.800;-999;eor
       71;20150731;   3;   14.7;   9.0;  -999;    -999;   57.71;-999;   20.8;    7.0;    3.7;-999;   0.0;   4;   12.700;-999;eor
       71;20150801;   3;   15.3;  13.3;  -999;    -999;   75.92;-999;   19.1;   12.0;    8.5;-999;   2.1;   4;    0.567;-999;eor
       71;20150802;   3;   18.6;  13.2;  -999;    -999;   65.13;-999;   24.2;   12.7;   11.2;-999;   0.0;   0;   11.300;-999;eor
       71;20150803;   3;   21.3;  13.8;  -999;    -999;   57.83;-999;   29.4;   12.0;    9.9;-999;   0.0;   0;   13.317;-999;eor
       71;20150804;   3;   19.3;  15.2;  -999;    -999;   69.25;-999;   26.1;   14.2;   11.8;-999;   0.0;   4;    3.933;-999;eor
       71;20150805;   3;   20.3;  15.3;  -999;    -999;   67.29;-999;   28.4;   12.7;   10.4;-999;   0.0;   0;   11.300;-999;eor
       71;20150806;   3;   24.9;  15.7;  -999;    -999;   52.79;-999;   31.9;   16.1;   14.1;-999;   0.0;   0;    7.817;-999;eor
       71;20150807;   3;   23.0;  17.3;  -999;    -999;   62.58;-999;   32.8;   17.6;   15.6;-999;   3.2;   4;    9.000;-999;eor
       71;20150808;   3;   24.4;  15.6;  -999;    -999;   52.83;-999;   31.6;   17.6;   14.6;-999;   0.0;   0;   10.183;-999;eor
       71;20150809;   3;   21.1;  19.4;  -999;    -999;   79.54;-999;   29.1;   16.4;   14.4;-999;  34.9;   4;    7.550;-999;eor
       71;20150810;   3;   19.9;  19.8;  -999;    -999;   85.67;-999;   25.1;   16.8;   16.2;-999;   0.0;   0;    3.983;-999;eor
       71;20150811;   3;   20.9;  19.2;  -999;    -999;   78.54;-999;   27.0;   17.0;   14.8;-999;   0.0;   0;    7.933;-999;eor
       71;20150812;   3;   21.9;  18.9;  -999;    -999;   73.58;-999;   28.6;   16.6;   14.0;-999;   0.0;   0;    8.383;-999;eor
       71;20150813;   3;   23.7;  15.0;  -999;    -999;   55.54;-999;   30.8;   16.8;   13.7;-999;   3.4;   4;   13.033;-999;eor
       71;20150814;   3;   18.5;  17.5;  -999;    -999;   83.25;-999;   23.5;   15.2;   13.2;-999;   0.3;   4;    2.417;-999;eor
       71;20150815;   3;   15.9;  14.6;  -999;    -999;   81.42;-999;   19.0;   12.5;   12.5;-999;   3.8;   4;    0.450;-999;eor
       71;20150816;   3;   13.0;  14.2;  -999;    -999;   95.00;-999;   14.6;   11.7;   10.7;-999;   7.6;   4;    0.000;-999;eor
       71;20150817;   3;   13.0;  12.0;  -999;    -999;   80.75;-999;   17.8;    9.1;    6.0;-999;   0.0;   0;    1.917;-999;eor
       71;20150818;   3;   13.9;  11.2;  -999;    -999;   72.46;-999;   20.0;    7.7;    4.6;-999;   5.3;   4;    9.267;-999;eor
       71;20150819;   3;   12.8;  13.0;  -999;    -999;   88.42;-999;   15.4;   10.8;   10.5;-999;   0.1;   4;    0.050;-999;eor
       71;20150820;   3;   14.0;  12.4;  -999;    -999;   78.54;-999;   19.1;   10.0;    8.1;-999;   0.0;   0;    2.567;-999;eor
       71;20150821;   3;   15.3;  11.9;  -999;    -999;   71.29;-999;   22.0;    9.2;    6.6;-999;   0.0;   0;   11.267;-999;eor
       71;20150822;   3;   16.2;  11.4;  -999;    -999;   64.54;-999;   22.2;    9.7;    7.6;-999;   0.0;   0;     -999;-999;eor
       71;20150823;   3;   14.9;  13.8;  -999;    -999;   81.88;-999;   24.2;    9.5;    6.1;-999;   9.5;   4;    5.550;-999;eor
       71;20150824;   3;   15.2;  15.0;  -999;    -999;   86.96;-999;   22.1;   11.8;   11.0;-999;   6.0;   4;    1.483;-999;eor
       71;20150825;   3;   13.8;   9.9;  -999;    -999;   65.25;-999;   19.7;    8.1;    5.5;-999;   0.0;   0;   12.217;-999;eor
       71;20150826;   3;   17.0;  10.7;  -999;    -999;   58.96;-999;   24.7;    8.4;    6.4;-999;   0.0;   0;   12.717;-999;eor
       71;20150827;   3;   22.0;  12.4;  -999;    -999;   48.50;-999;   27.8;   13.2;   10.6;-999;   0.0;   0;   11.550;-999;eor
       71;20150828;   3;   21.7;  15.6;  -999;    -999;   61.71;-999;   27.4;   16.5;   14.3;-999;   0.0;   0;    7.500;-999;eor
       71;20150829;   3;   22.4;  16.9;  -999;    -999;   65.71;-999;   29.9;   15.9;   13.8;-999;   0.0;   0;   12.233;-999;eor
       71;20150830;   3;   23.8;  16.0;  -999;    -999;   57.75;-999;   31.8;   16.5;   14.4;-999;   0.0;   0;   11.467;-999;eor
       71;20150831;   3;   22.9;  13.3;  -999;    -999;   50.88;-999;   30.1;   15.6;   13.5;-999;   0.0;   0;   12.200;-999;eor
       71;20150901;   3;   17.1;  15.1;  -999;    -999;   78.63;-999;   24.5;   12.3;   12.2;-999;  10.1;   4;    1.700;-999;eor
       71;20150902;   3;   13.7;  12.7;  -999;    -999;   81.88;-999;   18.5;    9.2;    6.8;-999;   1.1;   4;    4.650;-999;eor
       71;20150903;   3;   13.1;  12.0;  -999;    -999;   81.00;-999;   17.2;   10.3;    8.0;-999;   2.2;   4;    2.983;-999;eor
       71;20150904;   3;   12.3;   9.6;  -999;    -999;   69.46;-999;   17.8;    7.4;    4.3;-999;   0.0;   0;    9.700;-999;eor
       71;20150905;   3;   10.1;   9.0;  -999;    -999;   73.83;-999;   14.6;    5.7;    2.7;-999;   3.7;   4;    4.367;-999;eor
       71;20150906;   3;    8.6;   8.5;  -999;    -999;   76.83;-999;   12.1;    4.0;    0.9;-999;   0.2;   4;    2.400;-999;eor
       71;20150907;   3;    8.8;   9.0;  -999;    -999;   79.96;-999;   14.8;    2.9;   -0.6;-999;   0.0;   0;    3.833;-999;eor
       71;20150908;   3;   11.1;  10.1;  -999;    -999;   77.54;-999;   16.5;    7.1;    4.4;-999;   0.0;   0;    3.733;-999;eor
       71;20150909;   3;   11.6;   8.5;  -999;    -999;   64.17;-999;   17.2;    5.0;    2.0;-999;   0.0;   0;   10.833;-999;eor
       71;20150910;   3;   10.2;   8.6;  -999;    -999;   71.29;-999;   16.0;    5.3;    1.9;-999;   0.0;   0;   10.700;-999;eor
       71;20150911;   3;   11.8;  10.1;  -999;    -999;   74.67;-999;   19.3;    4.0;    1.1;-999;   0.0;   0;    8.300;-999;eor
       71;20150912;   3;   18.0;  11.9;  -999;    -999;   59.29;-999;   24.3;   12.6;   10.3;-999;   0.1;   4;    9.400;-999;eor
       71;20150913;   3;   16.5;  13.9;  -999;    -999;   74.58;-999;   21.7;   13.1;   12.5;-999;   2.5;   4;    2.967;-999;eor
       71;20150914;   3;   13.4;  12.1;  -999;    -999;   78.71;-999;   18.9;    9.9;    7.6;-999;   1.2;   4;    4.400;-999;eor
       71;20150915;   3;   12.6;  10.0;  -999;    -999;   69.58;-999;   17.1;    9.5;    7.4;-999;   0.0;   0;    1.800;-999;eor
       71;20150916;   3;   15.7;  12.5;  -999;    -999;   69.67;-999;   21.7;   12.2;    9.8;-999;   0.4;   4;    1.033;-999;eor
       71;20150917;   3;   11.5;  12.4;  -999;    -999;   90.38;-999;   15.1;    8.2;    6.2;-999;   7.1;   4;    1.333;-999;eor
       71;20150918;   3;   11.0;  11.7;  -999;    -999;   88.71;-999;   15.0;    8.1;    5.9;-999;   9.0;   4;    2.333;-999;eor
       71;20150919;   3;   10.6;  11.3;  -999;    -999;   88.67;-999;   14.3;    7.5;    5.6;-999;   4.8;   4;    3.250;-999;eor
       71;20150920;   3;   10.4;  10.6;  -999;    -999;   85.29;-999;   15.1;    5.9;    3.5;-999;   0.0;   0;    2.217;-999;eor
       71;20150921;   3;   10.4;   9.5;  -999;    -999;   76.71;-999;   17.5;    3.9;    2.2;-999;   0.0;   0;   10.467;-999;eor
       71;20150922;   3;   10.8;  10.7;  -999;    -999;   83.46;-999;   14.6;    7.5;    6.6;-999;   5.1;   4;    0.500;-999;eor
       71;20150923;   3;    8.0;   9.8;  -999;    -999;   90.58;-999;   10.4;    6.9;    5.2;-999;   8.3;   4;    0.383;-999;eor
       71;20150924;   3;    9.6;   9.8;  -999;    -999;   83.46;-999;   14.8;    5.5;    3.5;-999;   0.0;   0;    4.367;-999;eor
       71;20150925;   3;   10.5;  10.1;  -999;    -999;   80.67;-999;   16.3;    4.9;    2.8;-999;   0.0;   0;    4.133;-999;eor
       71;20150926;   3;   11.5;  10.2;  -999;    -999;   76.38;-999;   15.3;    8.7;    5.0;-999;   0.0;   0;    2.067;-999;eor
       71;20150927;   3;   10.3;   8.1;  -999;    -999;   66.08;-999;   14.6;    6.9;    3.8;-999;   0.0;   0;    7.000;-999;eor
       71;20150928;   3;    8.9;   6.8;  -999;    -999;   60.33;-999;   12.9;    5.0;    1.9;-999;   0.0;   0;    6.467;-999;eor
       71;20150929;   3;    9.5;   7.0;  -999;    -999;   59.46;-999;   13.7;    6.1;    4.3;-999;   0.0;   0;    9.850;-999;eor
       71;20150930;   3;    8.5;   7.1;  -999;    -999;   64.29;-999;   13.3;    4.8;    2.7;-999;   0.0;   0;   10.150;-999;eor
       71;20151001;   3;    8.3;   6.8;  -999;    -999;   63.29;-999;   14.4;    2.3;    0.2;-999;   0.0;   0;   10.850;   0;eor
       71;20151002;   3;   11.0;   8.7;  -999;    -999;   66.83;-999;   17.4;    4.3;    0.1;-999;   0.0;   0;    8.683;   0;eor
       71;20151003;   3;   12.5;  10.1;  -999;    -999;   72.13;-999;   20.0;    6.9;    3.5;-999;   0.6;   4;    8.267;   0;eor
       71;20151004;   3;   10.2;  10.3;  -999;    -999;   83.04;-999;   14.9;    5.5;    3.0;-999;   1.1;   4;    5.383;   0;eor
       71;20151005;   3;   12.2;  11.4;  -999;    -999;   80.13;-999;   17.9;    5.5;    4.3;-999;   0.1;   4;    2.383;   0;eor
       71;20151006;   3;   14.1;  14.2;  -999;    -999;   88.25;-999;   18.3;   11.6;    9.9;-999;   6.7;   4;    0.050;   0;eor
       71;20151007;   3;   11.7;  11.6;  -999;    -999;   84.08;-999;   15.4;    8.0;    4.6;-999;   0.0;   4;    3.800;   0;eor
       71;20151008;   3;    9.7;  10.0;  -999;    -999;   83.04;-999;   12.8;    7.0;    4.5;-999;   0.0;   0;    0.783;   0;eor
       71;20151009;   3;    9.3;   9.8;  -999;    -999;   84.29;-999;   13.2;    5.2;    1.8;-999;   0.0;   0;    1.700;   0;eor
       71;20151010;   3;    9.1;  10.3;  -999;    -999;   89.04;-999;   11.9;    6.4;    5.0;-999;   0.0;   4;    0.650;   0;eor
       71;20151011;   3;    8.6;   9.5;  -999;    -999;   85.13;-999;   12.3;    5.2;    3.6;-999;   0.0;   0;    1.567;   0;eor
       71;20151012;   3;    5.7;   7.4;  -999;    -999;   81.00;-999;   12.1;    1.5;    0.5;-999;   0.0;   0;    7.067;   0;eor
       71;20151013;   3;    6.3;   8.3;  -999;    -999;   86.79;-999;   11.6;    3.0;    0.9;-999;   0.7;   4;    0.283;   0;eor
       71;20151014;   3;    3.4;   6.9;  -999;    -999;   88.88;-999;    4.9;    1.0;   -1.2;-999;   0.4;   4;    0.017;   0;eor
       71;20151015;   3;    2.5;   6.7;  -999;    -999;   92.04;-999;    3.2;    1.9;    1.9;-999;   0.1;   4;    0.000;   0;eor
       71;20151016;   3;    2.6;   6.7;  -999;    -999;   90.17;-999;    3.9;    1.6;    1.6;-999;   0.2;   4;    0.000;   0;eor
       71;20151017;   3;    3.4;   7.1;  -999;    -999;   91.04;-999;    5.7;    2.1;    1.5;-999;   1.4;   4;    0.000;   0;eor
       71;20151018;   3;    3.8;   7.4;  -999;    -999;   92.25;-999;    6.0;    2.3;    2.1;-999;   0.0;   0;    0.000;   0;eor
       71;20151019;   3;    3.8;   7.0;  -999;    -999;   88.17;-999;    8.4;    0.0;   -3.2;-999;   0.0;   0;    1.567;   0;eor
       71;20151020;   3;    3.9;   7.0;  -999;    -999;   87.33;-999;    9.7;   -1.2;   -4.9;-999;   0.4;   4;    5.217;   0;eor
       71;20151021;   3;    4.6;   7.6;  -999;    -999;   89.54;-999;    9.4;    2.5;   -1.5;-999;   0.0;   0;    2.767;   0;eor
       71;20151022;   3;    7.1;   8.2;  -999;    -999;   81.21;-999;   10.3;    4.1;    2.8;-999;   1.7;   4;    1.100;   0;eor
       71;20151023;   3;    8.3;  10.0;  -999;    -999;   90.63;-999;   10.5;    5.9;    1.5;-999;   0.0;   0;    0.000;   0;eor
       71;20151024;   3;   10.6;   9.3;  -999;    -999;   75.67;-999;   18.0;    5.9;    4.1;-999;   0.1;   4;    5.733;   0;eor
       71;20151025;   3;    9.1;   9.9;  -999;    -999;   85.58;-999;   14.0;    5.5;    4.4;-999;   0.0;   0;    2.917;   0;eor
       71;20151026;   3;    8.0;   9.7;  -999;    -999;   91.04;-999;   11.8;    4.1;    4.2;-999;   0.0;   0;    6.100;   0;eor
       71;20151027;   3;    5.5;   8.6;  -999;    -999;   94.79;-999;   11.8;    2.2;    2.0;-999;   0.0;   0;    6.100;   0;eor
       71;20151028;   3;    7.3;   8.8;  -999;    -999;   86.46;-999;   18.0;    1.2;    0.4;-999;   5.0;   4;    3.017;   0;eor
       71;20151029;   3;    8.8;  10.6;  -999;    -999;   93.42;-999;   10.3;    8.0;    6.9;-999;   0.8;   4;    0.000;   0;eor
       71;20151030;   3;    7.0;   9.4;  -999;    -999;   93.92;-999;    8.8;    6.2;    6.3;-999;   0.0;   0;    0.000;   0;eor
       71;20151031;   3;    5.9;   9.2;  -999;    -999;   98.79;-999;    8.3;    3.4;    3.2;-999;   0.0;   0;    0.000;   0;eor
       71;20151101;   3;    5.2;   8.4;  -999;    -999;   94.08;-999;   13.6;    0.6;   -0.4;-999;   0.0;   0;    8.283;   0;eor
       71;20151102;   3;    5.5;   7.4;  -999;    -999;   83.38;-999;   17.9;   -1.4;   -2.4;-999;   0.0;   0;    9.000;   0;eor
       71;20151103;   3;    8.2;   6.6;  -999;    -999;   64.50;-999;   16.6;    0.5;   -1.3;-999;   0.0;   0;    5.700;   0;eor
       71;20151104;   3;   10.2;   7.5;  -999;    -999;   62.00;-999;   17.6;    3.6;    1.0;-999;   0.0;   0;    8.583;   0;eor
       71;20151105;   3;   10.0;   9.8;  -999;    -999;   80.38;-999;   16.5;    5.5;    3.6;-999;   0.0;   0;    8.283;   0;eor
       71;20151106;   3;   11.9;  10.7;  -999;    -999;   77.50;-999;   18.2;    6.7;    5.5;-999;   0.4;   4;    2.533;   0;eor
       71;20151107;   3;   13.8;  13.4;  -999;    -999;   85.17;-999;   19.4;    9.8;    8.3;-999;   0.0;   4;    5.317;   0;eor
       71;20151108;   3;   13.1;  12.0;  -999;    -999;   80.29;-999;   19.4;    7.0;    5.4;-999;   0.0;   0;    7.933;   0;eor
       71;20151109;   3;   13.7;  10.5;  -999;    -999;   66.79;-999;   17.2;    8.6;    6.0;-999;   0.0;   0;    1.133;   0;eor
       71;20151110;   3;   11.7;   6.4;  -999;    -999;   49.75;-999;   18.6;    7.2;    1.9;-999;   0.0;   0;    7.383;   0;eor
       71;20151111;   3;    8.1;   6.5;  -999;    -999;   62.50;-999;   14.1;    3.0;   -2.3;-999;   0.0;   0;    8.250;   0;eor
       71;20151112;   3;    6.7;   8.2;  -999;    -999;   84.50;-999;   13.5;    1.6;   -2.5;-999;   0.0;   0;    8.000;   0;eor
       71;20151113;   3;    6.6;   8.1;  -999;    -999;   82.75;-999;   11.7;   -0.5;   -1.4;-999;   0.3;   4;    1.767;   0;eor
       71;20151114;   3;    6.9;   6.7;  -999;    -999;   67.17;-999;    8.4;    4.5;    0.4;-999;   0.0;   0;    4.217;   0;eor
       71;20151115;   3;   11.7;   7.5;  -999;    -999;   54.33;-999;   16.3;    7.5;    3.8;-999;   0.0;   0;    3.750;   0;eor
       71;20151116;   3;   12.7;   6.5;  -999;    -999;   45.75;-999;   17.5;    4.7;    1.5;-999;   0.0;   0;    7.700;   0;eor
       71;20151117;   3;   10.5;   9.9;  -999;    -999;   77.13;-999;   12.9;    4.5;    1.5;-999;   0.2;   4;    0.000;   0;eor
       71;20151118;   3;   11.4;   8.6;  -999;    -999;   63.33;-999;   13.5;    8.8;    2.7;-999;   0.0;   0;    5.850;   0;eor
       71;20151119;   3;   11.2;   9.6;  -999;    -999;   72.08;-999;   13.4;    9.3;    6.7;-999;   0.9;   4;    1.400;   0;eor
       71;20151120;   3;    8.5;   9.9;  -999;    -999;   88.46;-999;   13.0;    1.0;    0.2;-999;  50.2;   4;    0.000;   0;eor
       71;20151121;   3;    0.6;   5.6;  -999;    -999;   87.17;-999;    4.0;   -1.8;   -4.9;-999;   3.0;   4;    2.383;   0;eor
       71;20151122;   3;   -1.3;   4.9;  -999;    -999;   88.67;-999;   -0.3;   -2.1;   -4.8;-999;   2.5;   4;    0.667;   1;eor
       71;20151123;   3;   -1.1;   4.7;  -999;    -999;   84.63;-999;    1.5;   -4.8;   -7.4;-999;   0.1;   4;    4.850;   2;eor
       71;20151124;   3;   -3.1;   4.0;  -999;    -999;   82.79;-999;    0.0;   -7.4;   -9.7;-999;   0.6;   4;    6.450;   2;eor
       71;20151125;   3;    0.8;   5.8;  -999;    -999;   90.00;-999;    2.6;   -0.7;   -3.4;-999;   2.1;   4;    0.000;   2;eor
       71;20151126;   3;    0.3;   6.0;  -999;    -999;   96.29;-999;    1.1;   -1.3;   -4.1;-999;   4.0;   4;    0.000;   2;eor
       71;20151127;   3;   -0.8;   4.9;  -999;    -999;   84.83;-999;    1.5;   -2.2;   -6.3;-999;   0.1;   4;    2.183;   0;eor
       71;20151128;   3;   -0.3;   5.0;  -999;    -999;   83.96;-999;    1.7;   -3.1;   -5.9;-999;   0.7;   4;    0.000;   0;eor
       71;20151129;   3;    3.5;   6.6;  -999;    -999;   83.33;-999;    7.0;    0.4;   -1.1;-999;   3.4;   4;    0.000;   0;eor
       71;20151130;   3;    6.9;   8.1;  -999;    -999;   80.79;-999;    7.9;    6.1;    4.9;-999;   2.3;   4;    0.000;   0;eor
       71;20151201;   3;    7.2;   8.6;  -999;    -999;   84.00;-999;    8.9;    4.7;    2.3;-999;   0.0;   0;    0.017;   0;eor
       71;20151202;   3;    5.1;   7.7;  -999;    -999;   87.46;-999;    6.8;    2.4;    2.2;-999;   0.0;   0;    0.167;   0;eor
       71;20151203;   3;    0.9;   6.0;  -999;    -999;   91.71;-999;    5.6;   -2.4;   -4.0;-999;   0.0;   0;    5.117;   0;eor
       71;20151204;   3;    2.5;   6.5;  -999;    -999;   87.42;-999;    8.6;   -3.6;   -4.6;-999;   0.0;   0;    0.317;   0;eor
       71;20151205;   3;    4.2;   7.4;  -999;    -999;   89.96;-999;   11.0;   -0.5;   -2.1;-999;   0.0;   0;    7.150;   0;eor
       71;20151206;   3;    3.3;   7.1;  -999;    -999;   91.00;-999;   10.0;   -1.0;   -2.4;-999;   0.2;   4;    7.150;   0;eor
       71;20151207;   3;    5.7;   7.9;  -999;    -999;   86.71;-999;   13.2;    1.6;   -1.5;-999;   0.0;   0;    6.417;   0;eor
       71;20151208;   3;    2.6;   6.7;  -999;    -999;   91.54;-999;   10.7;   -1.1;   -3.1;-999;   3.9;   4;    7.083;   0;eor
       71;20151209;   3;    2.7;   6.8;  -999;    -999;   91.58;-999;    6.6;   -2.9;   -5.4;-999;   3.4;   4;    1.100;   0;eor
       71;20151210;   3;   -1.0;   4.8;  -999;    -999;   86.50;-999;    5.7;   -4.3;   -6.0;-999;   0.0;   0;    7.083;   0;eor
       71;20151211;   3;    1.7;   5.4;  -999;    -999;   78.38;-999;    7.3;   -4.4;   -6.3;-999;   0.0;   0;    3.500;   0;eor
       71;20151212;   3;    3.9;   6.4;  -999;    -999;   78.92;-999;    7.9;   -1.6;   -3.6;-999;   0.0;   0;    1.483;   0;eor
       71;20151213;   3;    1.9;   6.4;  -999;    -999;   90.92;-999;    7.1;   -2.1;   -6.0;-999;   0.0;   0;    5.850;   0;eor
       71;20151214;   3;    1.9;   5.9;  -999;    -999;   84.21;-999;    7.4;   -3.3;   -5.5;-999;   0.0;   0;    6.067;   0;eor
       71;20151215;   3;    2.6;   6.6;  -999;    -999;   89.17;-999;    9.3;   -1.1;   -2.7;-999;   1.3;   4;    0.967;   0;eor
       71;20151216;   3;    6.3;   9.0;  -999;    -999;   93.13;-999;    9.2;    1.5;    0.7;-999;   6.0;   4;    0.233;   0;eor
       71;20151217;   3;    8.1;   9.9;  -999;    -999;   90.83;-999;   12.8;    2.5;    1.3;-999;   0.0;   0;    3.583;   0;eor
       71;20151218;   3;    6.4;   8.7;  -999;    -999;   91.17;-999;   12.8;    2.8;    1.2;-999;   0.0;   0;    3.600;   0;eor
       71;20151219;   3;    6.3;   7.8;  -999;    -999;   82.67;-999;   12.5;    2.3;    0.8;-999;   0.0;   0;    5.950;   0;eor
       71;20151220;   3;    8.5;   7.6;  -999;    -999;   71.17;-999;   16.9;    1.5;    0.2;-999;   0.0;   0;    6.767;   0;eor
       71;20151221;   3;    7.3;   8.2;  -999;    -999;   79.75;-999;   11.2;    3.7;   -0.3;-999;   2.1;   4;    0.067;   0;eor
       71;20151222;   3;    7.1;   7.2;  -999;    -999;   72.92;-999;   12.7;    1.5;   -0.6;-999;   0.0;   0;    4.533;   0;eor
       71;20151223;   3;    7.1;   7.9;  -999;    -999;   78.67;-999;   11.5;    0.9;   -1.2;-999;   0.0;   0;    3.633;   0;eor
       71;20151224;   3;    7.2;   7.9;  -999;    -999;   78.63;-999;   12.0;    2.5;    0.8;-999;   0.0;   0;    3.400;   0;eor
       71;20151225;   3;    7.7;   8.0;  -999;    -999;   76.63;-999;   13.2;    2.0;    0.5;-999;   0.0;   0;    6.983;   0;eor
       71;20151226;   3;    4.5;   7.2;  -999;    -999;   85.38;-999;   13.3;   -0.6;   -2.1;-999;   0.0;   0;    7.017;   0;eor
       71;20151227;   3;    3.5;   6.2;  -999;    -999;   80.63;-999;   14.0;   -1.1;   -2.9;-999;   0.0;   0;    7.000;   0;eor
       71;20151228;   3;    2.9;   5.2;  -999;    -999;   71.83;-999;   11.9;   -1.6;   -3.0;-999;   0.0;   0;    7.033;   0;eor
       71;20151229;   3;    3.1;   5.6;  -999;    -999;   73.54;-999;    9.7;   -2.7;   -5.1;-999;   0.0;   0;    6.367;   0;eor
       71;20151230;   3;    1.0;   6.3;  -999;    -999;   96.17;-999;    3.2;   -1.3;   -2.8;-999;   0.0;   0;    0.000;   0;eor
       71;20151231;   3;    2.1;   6.8;  -999;    -999;   94.13;-999;    7.0;   -1.7;   -2.7;-999;   2.2;   4;    0.000;   0;eor
       71;20160101;   3;    2.9;   7.0;  -999;    -999;   92.33;-999;    5.2;    0.6;   -1.6;-999;   0.4;   4;    3.100;   0;eor
       71;20160102;   3;    2.7;   7.1;  -999;    -999;   94.67;-999;    4.7;    1.2;    1.2;-999;  10.3;   4;    0.000;   0;eor
       71;20160103;   3;    2.7;   6.6;  -999;    -999;   88.46;-999;    5.0;    0.5;   -0.1;-999;   7.9;   4;    0.717;   0;eor
       71;20160104;   3;    2.1;   6.3;  -999;    -999;   88.79;-999;    4.1;   -0.4;   -2.3;-999;   2.6;   4;    1.167;   0;eor
       71;20160105;   3;    2.0;   6.3;  -999;    -999;   89.67;-999;    4.3;   -0.8;   -2.9;-999;   1.8;   4;    1.333;   0;eor
       71;20160106;   3;    1.2;   6.2;  -999;    -999;   93.04;-999;    2.9;    0.1;   -1.3;-999;   5.1;   4;    0.000;   0;eor
       71;20160107;   3;    2.0;   6.4;  -999;    -999;   90.08;-999;    4.8;    0.7;   -0.3;-999;   5.9;   4;    0.033;   0;eor
       71;20160108;   3;    2.0;   6.3;  -999;    -999;   89.08;-999;    3.7;   -1.1;   -3.1;-999;   4.9;   4;    1.300;   0;eor
       71;20160109;   3;    4.4;   7.8;  -999;    -999;   92.71;-999;    6.4;    2.4;    0.8;-999;   0.3;   4;    0.000;   0;eor
       71;20160110;   3;    3.8;   7.1;  -999;    -999;   88.67;-999;    5.6;    1.9;    1.4;-999;  13.8;   4;    0.000;   0;eor
       71;20160111;   1;    2.7;   6.5;  -999;    -999;   88.08;-999;    4.8;    0.4;    0.1;-999;   8.8;   4;    0.350;   0;eor
       71;20160112;   1;    1.6;   6.2;  -999;    -999;   89.83;-999;    3.1;   -0.3;   -1.3;-999;  13.5;   4;    0.967;   0;eor
       71;20160113;   1;    0.3;   5.6;  -999;    -999;   89.17;-999;    1.1;   -2.2;   -5.9;-999;   0.6;   4;    0.017;   7;eor
       71;20160114;   1;   -1.3;   4.6;  -999;    -999;   81.88;-999;    1.0;   -5.0;   -7.7;-999;   1.3;   4;    3.650;   6;eor
       71;20160115;   1;   -1.9;   4.5;  -999;    -999;   84.46;-999;    0.1;   -2.8;   -6.7;-999;   3.5;   4;    2.967;   9;eor
       71;20160116;   1;   -2.5;   4.6;  -999;    -999;   90.92;-999;   -1.4;   -3.7;   -1.9;-999;   2.6;   4;    0.067;  14;eor
       71;20160117;   1;   -4.7;   4.0;  -999;    -999;   92.50;-999;   -3.5;  -11.0;   -2.1;-999;   1.9;   4;    0.167;  20;eor
       71;20160118;   1;   -8.8;   2.9;  -999;    -999;   91.04;-999;   -7.3;  -12.0;  -10.9;-999;   0.0;   0;    4.717;  24;eor
       71;20160119;   1;   -5.1;   3.8;  -999;    -999;   89.71;-999;   -2.5;   -9.0;   -9.2;-999;   0.2;   4;    0.000;  23;eor
       71;20160120;   1;   -4.8;   4.0;  -999;    -999;   93.13;-999;   -2.0;   -9.5;  -13.2;-999;   0.0;   0;    6.033;  19;eor
       71;20160121;   1;   -4.4;   3.7;  -999;    -999;   84.88;-999;    0.9;   -9.1;  -11.1;-999;   0.0;   0;    3.667;  14;eor
       71;20160122;   1;   -4.9;   3.9;  -999;    -999;   91.38;-999;   -1.7;   -6.9;   -7.7;-999;   0.6;   4;    4.600;  13;eor
       71;20160123;   1;    1.7;   6.2;  -999;    -999;   89.83;-999;    4.4;   -3.6;   -4.8;-999;   0.1;   4;    0.117;  13;eor
       71;20160124;   1;    0.3;   5.6;  -999;    -999;   90.46;-999;    5.0;   -4.0;   -5.7;-999;   0.0;   0;    0.200;  12;eor
       71;20160125;   1;    4.3;   6.2;  -999;    -999;   76.17;-999;   11.7;    0.1;   -1.5;-999;   0.0;   0;    7.850;   9;eor
       71;20160126;   1;    7.3;   6.8;  -999;    -999;   67.33;-999;   14.0;   -0.1;   -1.6;-999;   0.0;   0;    6.117;   7;eor
       71;20160127;   1;    7.6;   7.8;  -999;    -999;   74.83;-999;   11.5;    1.7;    1.3;-999;   0.0;   0;    0.000;   0;eor
       71;20160128;   1;    7.4;   8.1;  -999;    -999;   80.04;-999;   10.6;    4.1;    3.7;-999;   6.2;   4;    0.000;   0;eor
       71;20160129;   1;    4.7;   7.1;  -999;    -999;   83.67;-999;    8.4;    1.8;   -1.7;-999;   0.0;   0;    6.967;   0;eor
       71;20160130;   1;    4.4;   6.1;  -999;    -999;   73.58;-999;    7.9;   -0.1;   -3.1;-999;  17.9;   4;    3.500;   0;eor
       71;20160131;   1;    3.4;   7.7;  -999;    -999;   97.25;-999;    9.9;    0.0;    0.1;-999;   4.6;   4;    0.000;   5;eor
       71;20160201;   1;    8.8;   9.2;  -999;    -999;   80.79;-999;   11.4;    6.2;    5.0;-999;   0.0;   0;    0.800;   0;eor
       71;20160202;   1;    7.5;   7.9;  -999;    -999;   76.38;-999;   10.0;    5.6;    3.7;-999;   0.9;   4;    1.417;   0;eor
       71;20160203;   1;    1.1;   6.2;  -999;    -999;   93.33;-999;    7.2;   -1.3;   -2.7;-999;   4.3;   4;    0.017;   0;eor
       71;20160204;   1;    0.5;   5.8;  -999;    -999;   91.88;-999;    2.6;   -1.6;   -2.8;-999;   1.9;   4;    0.217;   4;eor
       71;20160205;   1;    3.4;   7.1;  -999;    -999;   92.00;-999;    7.1;    1.7;   -0.2;-999;   0.0;   0;    1.200;   0;eor
       71;20160206;   1;    6.2;   6.5;  -999;    -999;   71.38;-999;   12.0;    0.8;   -0.3;-999;   0.0;   0;    6.200;   0;eor
       71;20160207;   1;    4.2;   6.2;  -999;    -999;   76.00;-999;    8.0;    1.4;   -0.5;-999;   0.0;   4;    0.000;   0;eor
       71;20160208;   1;    5.5;   6.9;  -999;    -999;   75.83;-999;    9.7;    2.0;   -0.8;-999;  16.7;   4;    1.350;   0;eor
       71;20160209;   1;    5.3;   7.5;  -999;    -999;   84.33;-999;    8.3;    0.7;   -0.3;-999;   9.4;   4;    0.000;   0;eor
