STATIONS_ID; MESS_DATUM; QUALITAETS_NIVEAU; LUFTTEMPERATUR;DAMPFDRUCK;BEDECKUNGSGRAD;LUFTDRUCK_STATIONSHOEHE;REL_FEUCHTE; WINDGESCHWINDIGKEIT; LUFTTEMPERATUR_MAXIMUM;LUFTTEMPERATUR_MINIMUM;LUFTTEMP_AM_ERDB_MINIMUM; WINDSPITZE_MAXIMUM; NIEDERSCHLAGSHOEHE;NIEDERSCHLAGSHOEHE_IND;SONNENSCHEINDAUER; SCHNEEHOEHE;eor
      142;20140808;   3;   19.6;  15.4;  -999;    -999;   70.88;-999;   26.9;   10.6;    9.8;-999;   0.2;   4;     -999;   0;eor
      142;20140809;   3;   19.8;  17.6;  -999;    -999;   76.79;-999;   23.5;   15.3;   13.9;-999;   0.0;   4;     -999;   0;eor
      142;20140810;   3;   21.1;  17.8;  -999;    -999;   74.21;-999;   29.1;   13.9;   12.7;-999;   8.3;   4;     -999;   0;eor
      142;20140811;   3;   16.2;  17.4;  -999;    -999;   94.08;-999;   17.8;   13.5;   12.6;-999;   3.5;   4;     -999;   0;eor
      142;20140812;   3;   16.5;  13.5;  -999;    -999;   73.63;-999;   22.2;   12.6;   11.8;-999;   0.0;   0;     -999;   0;eor
      142;20140813;   3;   14.2;  15.1;  -999;    -999;   92.92;-999;   16.8;   12.3;   11.5;-999;   7.9;   4;     -999;   0;eor
      142;20140814;   3;   14.3;  12.3;  -999;    -999;   76.13;-999;   19.5;   10.8;    9.2;-999;   0.0;   0;     -999;   0;eor
      142;20140815;   3;   12.8;  12.4;  -999;    -999;   83.83;-999;   17.0;   10.8;    9.1;-999;   3.1;   4;     -999;   0;eor
      142;20140816;   3;   12.8;  12.7;  -999;    -999;   86.92;-999;   17.2;   10.8;    9.3;-999;  12.2;   4;     -999;   0;eor
      142;20140817;   3;   14.9;  11.8;  -999;    -999;   72.21;-999;   20.9;    9.1;    7.8;-999;   0.0;   0;     -999;   0;eor
      142;20140818;   3;   15.8;  12.3;  -999;    -999;   69.17;-999;   21.6;   10.7;    7.7;-999;   1.1;   4;     -999;   0;eor
      142;20140819;   3;   15.4;  12.9;  -999;    -999;   75.25;-999;   20.7;   11.2;    9.5;-999;   0.0;   0;     -999;   0;eor
      142;20140820;   3;   13.8;  11.8;  -999;    -999;   75.29;-999;   16.6;   11.5;   10.2;-999;   0.7;   4;     -999;   0;eor
      142;20140821;   3;   13.9;  10.9;  -999;    -999;   71.29;-999;   19.9;    9.3;    7.3;-999;   0.0;   0;     -999;   0;eor
      142;20140822;   3;   13.9;  11.4;  -999;    -999;   73.75;-999;   21.0;    8.1;    6.4;-999;   0.0;   0;     -999;   0;eor
      142;20140823;   3;   14.2;  12.0;  -999;    -999;   76.00;-999;   19.3;   10.3;    8.1;-999;   5.8;   4;     -999;   0;eor
      142;20140824;   3;   12.2;  10.6;  -999;    -999;   76.04;-999;   16.9;    8.6;    6.1;-999;   0.0;   4;     -999;   0;eor
      142;20140825;   3;   13.1;  10.3;  -999;    -999;   70.67;-999;   19.0;    6.4;    4.2;-999;   8.3;   4;     -999;   0;eor
      142;20140826;   3;   15.4;  15.3;  -999;    -999;   87.83;-999;   20.1;   11.5;   11.4;-999;   5.5;   4;     -999;   0;eor
      142;20140827;   3;   14.3;  13.8;  -999;    -999;   85.67;-999;   19.0;    9.3;    7.9;-999;   5.3;   4;     -999;   0;eor
      142;20140828;   3;   14.8;  13.4;  -999;    -999;   81.38;-999;   21.8;    8.3;    8.0;-999;   0.0;   0;     -999;   0;eor
      142;20140829;   3;   16.7;  16.3;  -999;    -999;   85.88;-999;   21.1;   11.6;    9.9;-999;   0.5;   4;     -999;   0;eor
      142;20140830;   3;   17.5;  15.7;  -999;    -999;   79.67;-999;   22.7;   13.9;   12.8;-999;   0.0;   0;     -999;   0;eor
      142;20140831;   3;   12.8;  14.1;  -999;    -999;   95.13;-999;   14.6;   10.3;    9.9;-999;  26.0;   4;     -999;   0;eor
      142;20140901;   3;   12.1;  12.5;  -999;    -999;   88.71;-999;   14.6;   10.5;    9.9;-999;   0.0;   0;     -999;   0;eor
      142;20140902;   3;   13.3;  13.4;  -999;    -999;   88.54;-999;   16.5;   10.6;    9.5;-999;   3.9;   4;     -999;   0;eor
      142;20140903;   3;   14.5;  14.7;  -999;    -999;   89.21;-999;   16.8;   12.3;   10.8;-999;   0.0;   0;     -999;   0;eor
      142;20140904;   3;   16.2;  16.0;  -999;    -999;   87.29;-999;   21.8;   12.5;   11.0;-999;   0.0;   0;     -999;   0;eor
      142;20140905;   3;   15.9;  16.4;  -999;    -999;   90.75;-999;   21.4;   11.1;   10.2;-999;   0.0;   0;     -999;   0;eor
      142;20140906;   3;   17.5;  16.2;  -999;    -999;   83.42;-999;   25.2;   11.8;   10.9;-999;   0.0;   0;     -999;   0;eor
      142;20140907;   3;   18.1;  15.9;  -999;    -999;   79.04;-999;   25.5;   12.3;   10.9;-999;   0.0;   0;     -999;   0;eor
      142;20140908;   3;   18.5;  16.9;  -999;    -999;   81.08;-999;   25.5;   12.3;   10.8;-999;   5.5;   4;     -999;   0;eor
      142;20140909;   3;   17.5;  16.5;  -999;    -999;   82.92;-999;   22.4;   12.5;   10.8;-999;   0.0;   0;     -999;   0;eor
      142;20140910;   3;   14.6;  12.8;  -999;    -999;   78.58;-999;   19.4;   10.6;    9.4;-999;   0.0;   0;     -999;   0;eor
      142;20140911;   3;   11.9;  11.8;  -999;    -999;   85.00;-999;   16.5;    8.7;    7.3;-999;   7.2;   4;     -999;   0;eor
      142;20140912;   3;   10.8;  12.7;  -999;    -999;   98.33;-999;   11.8;    8.7;    7.4;-999;  11.1;   4;     -999;   0;eor
      142;20140913;   3;   13.0;  14.1;  -999;    -999;   94.21;-999;   15.2;   10.5;    9.7;-999;   2.7;   4;     -999;   0;eor
      142;20140914;   3;   15.1;  15.9;  -999;    -999;   92.67;-999;   18.0;   13.9;   13.4;-999;   0.2;   4;     -999;   0;eor
      142;20140915;   3;   14.5;  14.9;  -999;    -999;   90.58;-999;   18.1;    9.6;    8.1;-999;   0.0;   0;     -999;   0;eor
      142;20140916;   3;   13.8;  14.3;  -999;    -999;   90.88;-999;   19.3;    8.9;    7.5;-999;   0.0;   0;     -999;   0;eor
      142;20140917;   3;   14.2;  14.8;  -999;    -999;   91.29;-999;   21.2;    9.2;    7.7;-999;   0.0;   0;     -999;   0;eor
      142;20140918;   3;   16.3;  15.6;  -999;    -999;   85.21;-999;   24.0;    9.0;    8.0;-999;   0.6;   4;     -999;   0;eor
      142;20140919;   3;   17.7;  16.1;  -999;    -999;   82.04;-999;   24.8;   10.8;    9.7;-999;   0.7;   4;     -999;   0;eor
      142;20140920;   3;   16.9;  17.0;  -999;    -999;   89.00;-999;   21.5;   13.6;   11.5;-999;   4.5;   4;     -999;   0;eor
      142;20140921;   3;   14.8;  16.0;  -999;    -999;   94.83;-999;   19.5;   11.9;   11.4;-999;  12.5;   4;     -999;   0;eor
      142;20140922;   3;    9.8;  10.8;  -999;    -999;   88.63;-999;   12.9;    6.2;    4.9;-999;   0.9;   4;     -999;   0;eor
      142;20140923;   3;    8.9;   8.7;  -999;    -999;   78.21;-999;   14.1;    4.0;    1.7;-999;   0.0;   0;     -999;   0;eor
      142;20140924;   3;   10.1;  10.1;  -999;    -999;   82.17;-999;   17.9;    2.0;    0.2;-999;   2.3;   4;     -999;   0;eor
      142;20140925;   3;   10.9;  11.4;  -999;    -999;   87.92;-999;   14.5;    7.7;    5.2;-999;   0.0;   0;     -999;   0;eor
      142;20140926;   3;   12.0;  11.4;  -999;    -999;   82.50;-999;   16.8;    7.2;    5.0;-999;   0.0;   0;     -999;   0;eor
      142;20140927;   3;   13.1;  13.4;  -999;    -999;   88.96;-999;   17.8;    7.6;    5.5;-999;   0.0;   0;     -999;   0;eor
      142;20140928;   3;   10.4;  12.5;  -999;    -999;   98.33;-999;   15.2;    6.4;    4.4;-999;   0.0;   0;     -999;   0;eor
      142;20140929;   3;   13.4;  14.2;  -999;    -999;   92.75;-999;   21.1;    9.2;    7.9;-999;   0.0;   0;     -999;   0;eor
      142;20140930;   3;   14.7;  15.8;  -999;    -999;   94.42;-999;   18.8;    9.6;    8.3;-999;   6.1;   4;     -999;   0;eor
      142;20141001;   3;   14.9;  15.6;  -999;    -999;   92.50;-999;   19.2;   10.4;    8.7;-999;   0.0;   0;     -999;   0;eor
      142;20141002;   3;   11.9;  13.5;  -999;    -999;   96.92;-999;   16.9;    8.4;    6.4;-999;   0.0;   4;     -999;   0;eor
      142;20141003;   3;   11.3;  12.0;  -999;    -999;   89.96;-999;   17.8;    6.6;    4.7;-999;   0.0;   0;     -999;   0;eor
      142;20141004;   3;    9.8;  11.6;  -999;    -999;   95.42;-999;   12.8;    7.5;    5.0;-999;   0.0;   0;     -999;   0;eor
      142;20141005;   3;   11.4;  12.4;  -999;    -999;   92.42;-999;   13.6;    8.9;    7.2;-999;   0.0;   0;     -999;   0;eor
      142;20141006;   3;   10.3;  12.2;  -999;    -999;   97.29;-999;   11.9;    8.6;    6.7;-999;   0.0;   0;     -999;   0;eor
      142;20141007;   3;   14.3;  13.4;  -999;    -999;   84.29;-999;   20.8;   10.1;   10.1;-999;   1.3;   4;     -999;   0;eor
      142;20141008;   3;   15.2;  14.5;  -999;    -999;   85.00;-999;   19.1;   11.9;    9.8;-999;   0.0;   0;     -999;   0;eor
      142;20141009;   3;   16.3;  13.1;  -999;    -999;   74.54;-999;   24.3;    9.0;    7.0;-999;   0.0;   0;     -999;   0;eor
      142;20141010;   3;   15.3;  14.8;  -999;    -999;   86.04;-999;   20.4;   11.4;    9.4;-999;   0.0;   0;     -999;   0;eor
      142;20141011;   3;   13.4;  14.9;  -999;    -999;   96.58;-999;   17.3;    9.6;    7.9;-999;   0.4;   4;     -999;   0;eor
      142;20141012;   3;   12.8;  14.0;  -999;    -999;   94.33;-999;   18.0;    8.3;    7.0;-999;   0.0;   0;     -999;   0;eor
      142;20141013;   3;   13.6;  14.7;  -999;    -999;   94.63;-999;   16.7;   10.9;    9.6;-999;   6.9;   4;     -999;   0;eor
      142;20141014;   3;   13.7;  13.3;  -999;    -999;   86.38;-999;   18.8;    9.6;    7.9;-999;   0.4;   4;     -999;   0;eor
      142;20141015;   3;   13.0;  13.7;  -999;    -999;   91.96;-999;   17.6;    9.6;    8.9;-999;   1.5;   4;     -999;   0;eor
      142;20141016;   3;   13.9;  14.4;  -999;    -999;   90.33;-999;   17.4;   12.1;   11.1;-999;  13.6;   4;     -999;   0;eor
      142;20141017;   3;   12.0;  13.9;  -999;    -999;   98.92;-999;   14.3;    7.1;    5.8;-999;   8.2;   4;     -999;   0;eor
      142;20141018;   3;   11.2;  12.6;  -999;    -999;   93.79;-999;   17.4;    5.8;    4.6;-999;   0.0;   0;     -999;   0;eor
      142;20141019;   3;   14.4;  12.9;  -999;    -999;   80.00;-999;   21.7;    6.3;    4.8;-999;   0.0;   0;     -999;   0;eor
      142;20141020;   3;   16.0;  14.8;  -999;    -999;   82.25;-999;   20.8;   11.7;   10.8;-999;  19.2;   4;     -999;   0;eor
      142;20141021;   3;   11.6;  12.8;  -999;    -999;   93.04;-999;   15.5;    6.2;    5.0;-999;  11.1;   4;     -999;   0;eor
      142;20141022;   3;    4.9;   8.0;  -999;    -999;   92.04;-999;    6.1;    3.7;    3.3;-999;  19.0;   4;     -999;   0;eor
      142;20141023;   3;    6.3;   8.8;  -999;    -999;   91.54;-999;    7.0;    5.6;    4.9;-999;   0.0;   0;     -999;   0;eor
      142;20141024;   3;    7.2;   9.3;  -999;    -999;   91.75;-999;   11.4;    3.7;    0.9;-999;   0.0;   0;     -999;   0;eor
      142;20141025;   3;    5.5;   9.0;  -999;    -999;   98.25;-999;    8.2;    1.9;    0.6;-999;   3.2;   4;     -999;   0;eor
      142;20141026;   3;    8.2;  10.4;  -999;    -999;   95.67;-999;   12.9;    6.5;    6.7;-999;   0.0;   0;     -999;   0;eor
      142;20141027;   3;    5.5;   8.9;  -999;    -999;   98.00;-999;    6.9;    4.6;    4.7;-999;   0.0;   0;     -999;   0;eor
      142;20141028;   3;    4.7;   8.1;  -999;    -999;   95.33;-999;    6.1;    2.8;    1.0;-999;   0.0;   0;     -999;   0;eor
      142;20141029;   3;    6.8;   9.2;  -999;    -999;   93.50;-999;   12.3;    3.5;    1.2;-999;   0.3;   4;     -999;   0;eor
      142;20141030;   3;    7.8;  10.7;  -999;    -999;   99.92;-999;   10.5;    2.9;    0.9;-999;   4.3;   4;     -999;   0;eor
      142;20141031;   3;    8.9;  11.0;  -999;    -999;   96.42;-999;   12.0;    6.4;    4.9;-999;   0.0;   0;     -999;   0;eor
      142;20141101;   3;    7.8;  10.1;  -999;    -999;   95.29;-999;   14.4;    4.0;    3.0;-999;   0.0;   0;     -999;   0;eor
      142;20141102;   3;    8.9;  10.4;  -999;    -999;   91.17;-999;   17.2;    3.1;    1.1;-999;   0.0;   4;     -999;   0;eor
      142;20141103;   3;    8.8;   9.8;  -999;    -999;   87.33;-999;   16.3;    3.5;    1.3;-999;   0.0;   0;     -999;   0;eor
      142;20141104;   3;   12.1;   8.4;  -999;    -999;   61.83;-999;   19.9;    4.7;    2.0;-999;   0.0;   0;     -999;   0;eor
      142;20141105;   3;    7.5;   9.5;  -999;    -999;   91.54;-999;   10.0;    4.2;    3.5;-999;   9.5;   4;     -999;   0;eor
      142;20141106;   3;    4.2;   8.2;  -999;    -999;   99.21;-999;    5.8;    2.3;    2.4;-999;   2.6;   4;     -999;   0;eor
      142;20141107;   3;    4.9;   8.4;  -999;    -999;   97.08;-999;    7.4;    3.2;    0.8;-999;   0.0;   0;     -999;   0;eor
      142;20141108;   3;    6.9;   8.8;  -999;    -999;   89.42;-999;   12.3;    1.9;    0.4;-999;   0.0;   0;     -999;   0;eor
      142;20141109;   3;    6.0;   9.2;  -999;    -999;   98.33;-999;    7.0;    5.1;    5.2;-999;   0.0;   0;     -999;   0;eor
      142;20141110;   3;    6.1;   9.2;  -999;    -999;   97.46;-999;    7.7;    4.3;    2.5;-999;   0.0;   0;     -999;   0;eor
      142;20141111;   3;    6.5;   9.6;  -999;    -999;   99.38;-999;    8.5;    5.0;    3.8;-999;   0.0;   0;     -999;   0;eor
      142;20141112;   3;    5.9;   9.3;  -999;    -999;   99.83;-999;    8.6;    2.6;    1.4;-999;   0.3;   4;     -999;   0;eor
      142;20141113;   3;    7.6;  10.4;  -999;    -999;   99.00;-999;    8.9;    6.4;    5.4;-999;   0.1;   4;     -999;   0;eor
      142;20141114;   3;    6.6;   9.8;  -999;    -999;   99.88;-999;    7.3;    5.9;    6.0;-999;   0.0;   0;     -999;   0;eor
      142;20141115;   3;    6.4;   9.6;  -999;    -999;   99.54;-999;    7.5;    5.2;    5.5;-999;   0.0;   4;     -999;   0;eor
      142;20141116;   3;    6.3;   8.5;  -999;    -999;   89.67;-999;   11.1;    1.7;   -0.5;-999;   0.0;   0;     -999;   0;eor
      142;20141117;   3;    3.9;   8.1;  -999;    -999;   99.54;-999;    5.9;    0.0;   -1.7;-999;   7.1;   4;     -999;   0;eor
      142;20141118;   3;    5.5;   9.1;  -999;    -999;  100.00;-999;    6.1;    5.2;    4.8;-999;  18.8;   4;     -999;   0;eor
      142;20141119;   3;    5.2;   8.8;  -999;    -999;   99.25;-999;    6.5;    1.6;    0.5;-999;   0.1;   4;     -999;   0;eor
      142;20141120;   3;    3.8;   7.7;  -999;    -999;   95.83;-999;    6.2;    0.8;   -0.6;-999;   0.0;   0;     -999;   0;eor
      142;20141121;   3;    3.7;   7.8;  -999;    -999;   97.96;-999;    4.8;    2.1;    0.2;-999;   0.7;   4;     -999;   0;eor
      142;20141122;   3;    4.4;   8.3;  -999;    -999;   98.33;-999;    8.2;    1.7;   -0.3;-999;   0.0;   0;     -999;   0;eor
      142;20141123;   3;    2.1;   7.1;  -999;    -999;  100.00;-999;    3.2;    0.9;   -0.6;-999;   0.0;   4;     -999;   0;eor
      142;20141124;   3;    4.6;   8.5;  -999;    -999;  100.00;-999;    7.9;    1.7;    0.2;-999;   0.0;   0;     -999;   0;eor
      142;20141125;   3;    4.9;   8.4;  -999;    -999;   96.67;-999;    7.0;    2.8;    2.7;-999;   0.0;   0;     -999;   0;eor
      142;20141126;   3;    2.5;   7.2;  -999;    -999;   98.83;-999;    2.9;    2.1;    2.2;-999;   0.0;   0;     -999;   0;eor
      142;20141127;   3;    2.6;   7.1;  -999;    -999;   97.04;-999;    5.3;    1.3;    1.1;-999;   0.0;   0;     -999;   0;eor
      142;20141128;   3;    0.5;   6.3;  -999;    -999;  100.00;-999;    1.5;   -0.2;    0.0;-999;   0.0;   0;     -999;   0;eor
      142;20141129;   3;    0.4;   6.3;  -999;    -999;  100.00;-999;    0.8;   -0.1;    0.1;-999;   0.0;   0;     -999;   0;eor
      142;20141130;   3;    0.7;   6.4;  -999;    -999;  100.00;-999;    1.3;    0.1;    0.2;-999;   0.0;   0;     -999;   0;eor
      142;20141201;   3;    1.7;   6.9;  -999;    -999;  100.00;-999;    2.4;    1.2;    1.2;-999;   1.5;   4;     -999;   0;eor
      142;20141202;   3;    1.8;   7.0;  -999;    -999;  100.00;-999;    2.6;    1.2;    1.1;-999;   0.2;   4;     -999;   0;eor
      142;20141203;   3;    1.4;   6.8;  -999;    -999;  100.00;-999;    1.9;    0.9;    1.0;-999;   0.2;   4;     -999;   0;eor
      142;20141204;   3;    2.2;   7.2;  -999;    -999;  100.00;-999;    2.6;    1.7;    1.6;-999;   0.0;   4;     -999;   0;eor
      142;20141205;   3;    1.9;   7.0;  -999;    -999;  100.00;-999;    2.5;    1.0;    0.9;-999;   0.2;   4;     -999;   0;eor
      142;20141206;   3;    1.7;   6.9;  -999;    -999;  100.00;-999;    2.6;    0.8;    0.7;-999;   0.8;   4;     -999;   0;eor
      142;20141207;   3;    2.3;   7.2;  -999;    -999;  100.00;-999;    2.7;    1.4;    0.1;-999;   1.4;   4;     -999;   0;eor
      142;20141208;   3;    1.4;   6.7;  -999;    -999;   99.79;-999;    2.9;   -0.6;   -2.5;-999;   0.2;   4;     -999;   0;eor
      142;20141209;   3;   -1.6;   5.5;  -999;    -999;  100.00;-999;    0.4;   -3.0;   -2.6;-999;   0.0;   0;     -999;   0;eor
      142;20141210;   3;   -0.2;   5.8;  -999;    -999;   95.79;-999;    2.4;   -3.0;   -2.6;-999;   0.5;   4;     -999;   0;eor
      142;20141211;   3;    4.2;   7.0;  -999;    -999;   85.38;-999;    5.7;    1.7;    0.6;-999;   0.1;   4;     -999;   0;eor
      142;20141212;   3;    5.6;   6.3;  -999;    -999;   69.46;-999;    8.4;    2.9;    0.1;-999;   0.0;   0;     -999;   0;eor
      142;20141213;   3;    5.9;   6.4;  -999;    -999;   68.54;-999;    9.1;    2.3;   -1.1;-999;   0.1;   4;     -999;   0;eor
      142;20141214;   3;    7.3;   7.6;  -999;    -999;   74.42;-999;   10.9;    4.8;    3.2;-999;   1.0;   4;     -999;   0;eor
      142;20141215;   3;    7.4;   9.2;  -999;    -999;   89.75;-999;    9.1;    5.5;    4.4;-999;   0.6;   4;     -999;   0;eor
      142;20141216;   3;    5.6;   8.8;  -999;    -999;   96.96;-999;    7.6;    4.0;    2.9;-999;   2.1;   4;     -999;   0;eor
      142;20141217;   3;    3.3;   7.6;  -999;    -999;   97.42;-999;    5.1;    1.6;    0.1;-999;   7.5;   4;     -999;   0;eor
      142;20141218;   3;    7.6;  10.2;  -999;    -999;   97.38;-999;   10.3;    4.6;    4.3;-999;   2.4;   4;     -999;   0;eor
      142;20141219;   3;    9.5;   9.9;  -999;    -999;   83.96;-999;   11.8;    6.7;    5.7;-999;   5.2;   4;     -999;   0;eor
      142;20141220;   3;    4.3;   7.1;  -999;    -999;   85.38;-999;    7.3;    0.8;   -0.6;-999;   9.2;   4;     -999;   0;eor
      142;20141221;   3;    2.8;   6.6;  -999;    -999;   89.04;-999;    5.1;    0.4;   -0.1;-999;   0.0;   0;     -999;   0;eor
      142;20141222;   3;    4.8;   6.5;  -999;    -999;   76.17;-999;    8.0;    1.6;   -0.2;-999;   0.0;   0;     -999;   0;eor
      142;20141223;   3;    5.5;   5.1;  -999;    -999;   57.21;-999;   10.0;    0.6;   -3.2;-999;   0.0;   0;     -999;   0;eor
      142;20141224;   3;    4.2;   5.9;  -999;    -999;   70.58;-999;    7.5;   -1.2;   -4.2;-999;   0.4;   4;     -999;   0;eor
      142;20141225;   3;    3.5;   6.6;  -999;    -999;   83.58;-999;    6.6;    0.6;   -1.4;-999;   4.5;   4;     -999;   0;eor
      142;20141226;   3;   -0.6;   5.8;  -999;    -999;   98.63;-999;    1.0;   -3.7;   -9.2;-999;   2.5;   4;     -999;   1;eor
      142;20141227;   3;   -2.0;   5.3;  -999;    -999;   99.63;-999;    0.4;   -4.5;   -8.1;-999;   5.5;   4;     -999;   3;eor
      142;20141228;   3;   -5.0;   4.2;  -999;    -999;   94.17;-999;    0.2;  -14.1;  -18.6;-999;   1.3;   4;     -999;  10;eor
      142;20141229;   3;   -8.1;   3.3;  -999;    -999;   97.38;-999;   -4.2;  -14.7;  -19.3;-999;   2.2;   4;     -999;  12;eor
      142;20141230;   3;   -3.1;   4.9;  -999;    -999;   99.96;-999;   -0.8;   -5.5;   -7.3;-999;  10.8;   4;     -999;  15;eor
      142;20141231;   3;   -1.1;   5.6;  -999;    -999;   99.54;-999;   -0.2;   -1.9;   -2.8;-999;   0.0;   0;     -999;  28;eor
      142;20150101;   3;   -2.9;   4.9;  -999;    -999;   99.88;-999;   -0.1;   -6.4;   -7.5;-999;   0.0;   0;     -999;  22;eor
      142;20150102;   3;   -0.9;   5.8;  -999;    -999;   98.67;-999;    2.4;   -6.9;   -9.2;-999;   7.4;   4;     -999;  20;eor
      142;20150103;   3;    0.8;   6.5;  -999;    -999;   99.67;-999;    5.5;   -0.5;   -2.3;-999;  23.6;   4;     -999;  14;eor
      142;20150104;   3;    0.7;   5.9;  -999;    -999;   92.75;-999;    1.0;    0.2;   -0.6;-999;   0.0;   0;     -999;   8;eor
      142;20150105;   3;    0.1;   5.1;  -999;    -999;   82.50;-999;    2.5;   -2.3;   -5.2;-999;   0.0;   0;     -999;   7;eor
      142;20150106;   3;   -0.9;   4.9;  -999;    -999;   86.75;-999;    3.4;   -4.7;   -6.7;-999;   0.0;   0;     -999;   5;eor
      142;20150107;   3;   -0.3;   5.8;  -999;    -999;   96.25;-999;    1.7;   -3.8;   -6.5;-999;   0.5;   4;     -999;   4;eor
      142;20150108;   3;    3.8;   6.8;  -999;    -999;   85.38;-999;    7.1;   -2.5;   -3.7;-999;   0.2;   4;     -999;   4;eor
      142;20150109;   3;    6.2;   8.0;  -999;    -999;   83.92;-999;    8.9;    3.4;    2.0;-999;   3.4;   4;     -999;   0;eor
      142;20150110;   3;   11.9;  10.8;  -999;    -999;   78.29;-999;   14.4;    8.8;    7.9;-999;   9.0;   4;     -999;   0;eor
      142;20150111;   3;    2.4;   6.8;  -999;    -999;   92.29;-999;   10.7;    0.3;   -0.4;-999;   4.3;   4;     -999;   0;eor
      142;20150112;   3;    3.2;   5.2;  -999;    -999;   68.79;-999;    4.7;    1.3;   -0.2;-999;   0.0;   0;     -999;   0;eor
      142;20150113;   3;    7.0;   4.1;  -999;    -999;   41.33;-999;   12.8;    0.5;   -2.2;-999;   0.0;   0;     -999;   0;eor
      142;20150114;   3;    5.4;   6.9;  -999;    -999;   77.79;-999;   10.1;    0.1;   -1.6;-999;   4.0;   4;     -999;   0;eor
      142;20150115;   3;    2.2;   6.3;  -999;    -999;   88.83;-999;    6.9;   -0.7;   -2.2;-999;   0.0;   0;     -999;   0;eor
      142;20150116;   3;    1.5;   6.1;  -999;    -999;   89.75;-999;    4.7;   -1.2;   -2.9;-999;   1.4;   4;     -999;   0;eor
      142;20150117;   3;    1.0;   6.5;  -999;    -999;   99.54;-999;    3.6;    0.1;   -0.1;-999;   7.0;   4;     -999;   0;eor
      142;20150118;   3;    0.6;   6.3;  -999;    -999;   98.63;-999;    2.0;    0.1;   -0.1;-999;   0.0;   4;     -999;   2;eor
      142;20150119;   3;    0.1;   5.8;  -999;    -999;   94.75;-999;    2.8;   -2.0;   -3.6;-999;   0.0;   0;     -999;   0;eor
      142;20150120;   3;   -0.5;   5.9;  -999;    -999;   99.92;-999;    0.9;   -2.0;   -3.5;-999;   0.2;   4;     -999;   0;eor
      142;20150121;   3;   -0.5;   5.6;  -999;    -999;   95.75;-999;   -0.1;   -1.3;   -1.4;-999;   0.0;   0;     -999;   0;eor
      142;20150122;   3;   -0.4;   5.9;  -999;    -999;   99.58;-999;    0.2;   -0.7;   -0.8;-999;   1.1;   4;     -999;   0;eor
      142;20150123;   3;   -0.6;   5.9;  -999;    -999;  100.00;-999;   -0.1;   -1.1;   -1.3;-999;   0.2;   4;     -999;   2;eor
      142;20150124;   3;   -0.8;   5.7;  -999;    -999;   98.21;-999;    0.2;   -2.2;   -3.8;-999;   2.1;   4;     -999;   2;eor
      142;20150125;   3;   -0.7;   5.5;  -999;    -999;   94.79;-999;    0.7;   -1.5;   -1.8;-999;   2.5;   4;     -999;   4;eor
      142;20150126;   3;   -0.6;   5.3;  -999;    -999;   92.17;-999;    3.0;   -1.6;   -1.9;-999;   5.0;   4;     -999;   7;eor
      142;20150127;   3;    0.2;   6.1;  -999;    -999;   98.75;-999;    1.4;   -0.6;   -1.4;-999;   5.2;   4;     -999;  11;eor
      142;20150128;   3;   -0.1;   5.6;  -999;    -999;   91.83;-999;    2.2;   -3.1;   -6.5;-999;   3.0;   4;     -999;  13;eor
      142;20150129;   3;    0.7;   6.1;  -999;    -999;   95.83;-999;    2.1;   -1.0;   -3.1;-999;   5.4;   4;     -999;  11;eor
      142;20150130;   3;   -0.3;   5.5;  -999;    -999;   91.25;-999;    1.3;   -2.4;   -6.4;-999;   1.5;   4;     -999;  13;eor
      142;20150131;   3;   -0.8;   5.0;  -999;    -999;   88.04;-999;    1.9;   -3.8;   -7.9;-999;   0.0;   4;     -999;  16;eor
      142;20150201;   3;   -1.2;   5.2;  -999;    -999;   92.79;-999;    1.3;   -3.9;  -10.3;-999;   4.2;   4;     -999;  13;eor
      142;20150202;   3;   -1.2;   5.4;  -999;    -999;   96.08;-999;    0.7;   -6.2;   -9.2;-999;   0.6;   4;     -999;  19;eor
      142;20150203;   3;   -6.6;   3.5;  -999;    -999;   93.00;-999;   -0.7;  -12.8;  -16.2;-999;   0.0;   0;     -999;  19;eor
      142;20150204;   3;   -8.1;   3.2;  -999;    -999;   93.25;-999;   -2.6;  -13.2;  -15.8;-999;   0.0;   0;     -999;  18;eor
      142;20150205;   3;   -3.4;   4.1;  -999;    -999;   86.54;-999;   -2.3;   -5.1;   -5.6;-999;   0.0;   0;     -999;  16;eor
      142;20150206;   3;   -4.3;   3.5;  -999;    -999;   78.13;-999;   -1.2;   -7.2;  -11.1;-999;   0.0;   0;     -999;  16;eor
      142;20150207;   3;   -6.0;   3.0;  -999;    -999;   78.54;-999;   -2.3;   -8.4;  -11.9;-999;   0.2;   4;     -999;  15;eor
      142;20150208;   3;   -2.9;   3.8;  -999;    -999;   77.67;-999;    0.7;   -6.7;   -7.5;-999;   0.9;   4;     -999;  13;eor
      142;20150209;   3;   -2.1;   4.2;  -999;    -999;   79.25;-999;    0.0;   -4.5;   -6.1;-999;   0.2;   4;     -999;  16;eor
      142;20150210;   3;    0.2;   5.3;  -999;    -999;   86.46;-999;    5.6;   -4.5;   -6.2;-999;   0.0;   0;     -999;  13;eor
      142;20150211;   3;   -1.3;   5.5;  -999;    -999;   99.17;-999;    0.2;   -4.4;   -5.7;-999;   0.0;   0;     -999;  10;eor
      142;20150212;   3;   -1.9;   5.3;  -999;    -999;  100.00;-999;   -0.9;   -3.0;   -2.9;-999;   0.0;   0;     -999;  10;eor
      142;20150213;   3;   -3.1;   4.8;  -999;    -999;  100.00;-999;   -2.1;   -4.2;   -4.1;-999;   0.0;   0;     -999;   9;eor
      142;20150214;   3;   -3.4;   4.8;  -999;    -999;  100.00;-999;   -1.8;   -4.9;   -4.8;-999;   0.0;   0;     -999;   9;eor
      142;20150215;   3;   -2.0;   5.3;  -999;    -999;  100.00;-999;   -0.6;   -3.7;   -3.7;-999;   0.0;   0;     -999;   9;eor
      142;20150216;   3;   -1.3;   5.6;  -999;    -999;  100.00;-999;   -0.1;   -2.8;   -2.7;-999;   0.0;   0;     -999;   9;eor
      142;20150217;   3;   -2.5;   5.1;  -999;    -999;  100.00;-999;   -1.6;   -3.6;   -3.5;-999;   0.0;   0;     -999;   7;eor
      142;20150218;   3;   -2.2;   5.2;  -999;    -999;  100.00;-999;   -1.4;   -3.1;   -3.0;-999;   0.0;   0;     -999;   6;eor
      142;20150219;   3;   -2.8;   4.9;  -999;    -999;   97.71;-999;   -0.1;   -6.2;   -7.4;-999;   0.0;   0;     -999;   6;eor
      142;20150220;   3;   -0.3;   4.6;  -999;    -999;   80.58;-999;   10.7;   -8.5;  -10.8;-999;   0.0;   0;     -999;   6;eor
      142;20150221;   3;    0.8;   5.0;  -999;    -999;   79.08;-999;    6.3;   -4.9;   -7.8;-999;   2.0;   4;     -999;   5;eor
      142;20150222;   3;    0.6;   6.3;  -999;    -999;   98.83;-999;    2.3;   -4.4;   -6.2;-999;   1.1;   4;     -999;   7;eor
      142;20150223;   3;   -0.6;   6.0;  -999;    -999;  100.00;-999;    3.2;   -5.9;   -8.1;-999;   3.8;   4;     -999;   5;eor
      142;20150224;   3;    2.3;   6.4;  -999;    -999;   89.67;-999;    5.3;    0.2;   -1.4;-999;   0.0;   0;     -999;   4;eor
      142;20150225;   3;    1.0;   5.7;  -999;    -999;   87.67;-999;    4.8;   -2.7;   -5.3;-999;   0.0;   0;     -999;   3;eor
      142;20150226;   3;    0.3;   5.1;  -999;    -999;   84.08;-999;    6.6;   -4.1;   -6.5;-999;   0.0;   0;     -999;   0;eor
      142;20150227;   3;    0.0;   5.4;  -999;    -999;   89.75;-999;    6.6;   -5.1;   -7.5;-999;   3.4;   4;     -999;   0;eor
      142;20150228;   3;    0.9;   6.1;  -999;    -999;   94.21;-999;    3.6;   -1.8;   -3.8;-999;   0.0;   0;     -999;   2;eor
      142;20150301;   3;    3.0;   7.3;  -999;    -999;   95.42;-999;    7.4;   -1.9;   -3.8;-999;   2.8;   4;     -999;   0;eor
      142;20150302;   3;    4.8;   7.6;  -999;    -999;   88.13;-999;    7.9;    1.4;   -0.1;-999;   6.0;   4;     -999;   0;eor
      142;20150303;   3;    3.6;   5.4;  -999;    -999;   68.75;-999;    8.2;    0.0;   -1.8;-999;   2.3;   4;     -999;   0;eor
      142;20150304;   3;    2.8;   5.7;  -999;    -999;   77.67;-999;    5.5;   -0.3;   -2.6;-999;   0.5;   4;     -999;   0;eor
      142;20150305;   3;    1.3;   5.2;  -999;    -999;   78.50;-999;    4.8;   -0.6;   -2.8;-999;   0.0;   0;     -999;   2;eor
      142;20150306;   3;    1.9;   5.4;  -999;    -999;   78.54;-999;    6.6;   -2.0;   -3.9;-999;   0.0;   0;     -999;   0;eor
      142;20150307;   3;    2.8;   5.5;  -999;    -999;   75.75;-999;    8.8;   -2.7;   -4.8;-999;   0.0;   0;     -999;   0;eor
      142;20150308;   3;    4.3;   5.8;  -999;    -999;   72.33;-999;   11.9;   -2.3;   -4.4;-999;   0.0;   0;     -999;   0;eor
      142;20150309;   3;    4.8;   5.7;  -999;    -999;   68.79;-999;   12.9;   -1.1;   -3.1;-999;   0.0;   0;     -999;   0;eor
      142;20150310;   3;    6.2;   6.3;  -999;    -999;   68.88;-999;   13.7;   -2.1;   -4.6;-999;   1.1;   4;     -999;   0;eor
      142;20150311;   3;    4.6;   6.4;  -999;    -999;   74.58;-999;    7.8;   -1.4;   -3.6;-999;   0.0;   0;     -999;   0;eor
      142;20150312;   3;    2.9;   5.5;  -999;    -999;   73.08;-999;    8.2;   -1.0;   -2.0;-999;   0.6;   4;     -999;   0;eor
      142;20150313;   3;    1.7;   5.2;  -999;    -999;   76.25;-999;    5.1;   -2.4;   -4.4;-999;   0.0;   0;     -999;   0;eor
      142;20150314;   3;    2.2;   6.1;  -999;    -999;   86.33;-999;    6.0;   -1.8;   -3.9;-999;   0.0;   0;     -999;   0;eor
      142;20150315;   3;    3.9;   6.3;  -999;    -999;   79.58;-999;    9.1;    0.2;   -2.2;-999;   0.0;   0;     -999;   0;eor
      142;20150316;   3;    6.8;   6.0;  -999;    -999;   61.63;-999;   13.5;    1.2;   -0.5;-999;   0.0;   0;     -999;   0;eor
      142;20150317;   3;    9.8;   6.7;  -999;    -999;   57.58;-999;   17.3;    3.8;    0.7;-999;   0.0;   0;     -999;   0;eor
      142;20150318;   3;    7.4;   6.7;  -999;    -999;   68.17;-999;   15.5;    1.0;   -1.7;-999;   0.0;   0;     -999;   0;eor
      142;20150319;   3;    6.0;   5.8;  -999;    -999;   65.50;-999;   13.7;   -1.3;   -3.8;-999;   0.0;   0;     -999;   0;eor
      142;20150320;   3;    5.3;   5.2;  -999;    -999;   62.96;-999;   13.1;   -1.4;   -4.3;-999;   0.0;   0;     -999;   0;eor
      142;20150321;   3;    5.5;   6.2;  -999;    -999;   71.13;-999;   13.7;   -1.8;   -4.2;-999;   3.5;   4;     -999;   0;eor
      142;20150322;   3;    3.9;   7.4;  -999;    -999;   91.58;-999;    5.4;    2.4;    2.2;-999;   0.0;   0;     -999;   0;eor
      142;20150323;   3;    3.8;   7.0;  -999;    -999;   88.00;-999;    5.6;   -0.1;   -2.5;-999;   0.0;   0;     -999;   0;eor
      142;20150324;   3;    6.9;   7.3;  -999;    -999;   75.92;-999;   15.4;   -1.5;   -3.4;-999;   0.0;   0;     -999;   0;eor
      142;20150325;   3;    9.0;   7.5;  -999;    -999;   67.75;-999;   14.9;    3.5;    0.7;-999;   0.0;   0;     -999;   0;eor
      142;20150326;   3;    5.4;   8.2;  -999;    -999;   91.54;-999;    7.4;    4.0;    3.3;-999;   1.4;   4;     -999;   0;eor
      142;20150327;   3;    5.4;   6.9;  -999;    -999;   78.25;-999;    9.0;    3.6;    3.0;-999;   1.2;   4;     -999;   0;eor
      142;20150328;   3;    6.7;   6.1;  -999;    -999;   64.21;-999;   12.2;    1.1;   -1.4;-999;   0.0;   4;     -999;   0;eor
      142;20150329;   3;    9.1;   9.3;  -999;    -999;   80.96;-999;   12.2;    6.6;    6.1;-999;   8.9;   4;     -999;   0;eor
      142;20150330;   3;    5.9;   8.0;  -999;    -999;   85.50;-999;    9.1;    3.5;    1.2;-999;   4.3;   4;     -999;   0;eor
      142;20150331;   3;    8.2;   8.5;  -999;    -999;   78.13;-999;   13.3;    3.5;    2.3;-999;   8.5;   4;     -999;   0;eor
      142;20150401;   3;    2.8;   5.9;  -999;    -999;   79.96;-999;    6.9;    0.0;   -0.1;-999;   0.4;   4;     -999;   0;eor
      142;20150402;   3;    3.2;   6.3;  -999;    -999;   81.92;-999;    6.1;    0.1;   -2.4;-999;   6.0;   4;     -999;   0;eor
      142;20150403;   3;    4.4;   5.3;  -999;    -999;   65.88;-999;   10.3;   -1.4;   -4.1;-999;   0.4;   4;     -999;   0;eor
      142;20150404;   3;    3.1;   6.8;  -999;    -999;   89.88;-999;    5.2;    1.1;    0.3;-999;   4.0;   4;     -999;   0;eor
      142;20150405;   3;    2.1;   4.4;  -999;    -999;   63.54;-999;    6.5;   -1.8;   -4.5;-999;   0.0;   0;     -999;   0;eor
      142;20150406;   3;    1.4;   5.0;  -999;    -999;   74.63;-999;    6.3;   -2.0;   -4.5;-999;   0.0;   4;     -999;   0;eor
      142;20150407;   3;    2.8;   4.9;  -999;    -999;   68.71;-999;    9.4;   -2.7;   -5.4;-999;   0.0;   0;     -999;   0;eor
      142;20150408;   3;    6.4;   5.9;  -999;    -999;   63.08;-999;   13.6;   -0.3;   -2.9;-999;   0.0;   0;     -999;   0;eor
      142;20150409;   3;    9.3;   7.7;  -999;    -999;   68.67;-999;   17.7;    2.0;   -0.5;-999;   0.0;   0;     -999;   0;eor
      142;20150410;   3;   12.0;   7.9;  -999;    -999;   60.50;-999;   20.8;    2.5;    0.4;-999;   0.0;   0;     -999;   0;eor
      142;20150411;   3;   12.2;   8.4;  -999;    -999;   60.25;-999;   17.4;    6.5;    4.0;-999;   0.0;   0;     -999;   0;eor
      142;20150412;   3;   12.1;   9.1;  -999;    -999;   66.33;-999;   18.5;    6.9;    3.9;-999;   0.0;   0;     -999;   0;eor
      142;20150413;   3;   11.7;   8.6;  -999;    -999;   64.13;-999;   18.1;    6.6;    3.4;-999;   0.0;   0;     -999;   0;eor
      142;20150414;   3;   12.2;   8.3;  -999;    -999;   61.71;-999;   18.8;    5.7;    3.3;-999;   0.0;   0;     -999;   0;eor
      142;20150415;   3;   15.2;   7.3;  -999;    -999;   44.67;-999;   23.8;    7.7;    3.6;-999;   0.0;   0;     -999;   0;eor
      142;20150416;   3;   15.6;   7.9;  -999;    -999;   44.96;-999;   21.3;   10.0;    5.8;-999;   0.3;   4;     -999;   0;eor
      142;20150417;   3;   11.0;  11.6;  -999;    -999;   88.08;-999;   17.3;    5.3;    5.1;-999;  14.7;   4;     -999;   0;eor
      142;20150418;   3;    6.1;   5.6;  -999;    -999;   61.71;-999;   10.4;    0.8;   -1.3;-999;   0.0;   0;     -999;   0;eor
      142;20150419;   3;    6.7;   5.7;  -999;    -999;   61.00;-999;   13.1;    0.8;   -1.8;-999;   0.0;   0;     -999;   0;eor
      142;20150420;   3;    9.1;   6.4;  -999;    -999;   58.67;-999;   16.6;    0.5;   -1.8;-999;   0.0;   0;     -999;   0;eor
      142;20150421;   3;   11.8;   7.1;  -999;    -999;   54.17;-999;   19.6;    3.7;    0.7;-999;   0.0;   0;     -999;   0;eor
      142;20150422;   3;   11.1;   6.8;  -999;    -999;   53.38;-999;   19.5;    2.9;   -0.4;-999;   0.0;   0;     -999;   0;eor
      142;20150423;   3;    5.8;   6.6;  -999;    -999;   73.25;-999;   10.9;    1.1;   -0.6;-999;   0.0;   0;     -999;   0;eor
      142;20150424;   3;    9.6;   6.8;  -999;    -999;   61.75;-999;   18.7;   -0.6;   -2.3;-999;   0.0;   0;     -999;   0;eor
      142;20150425;   3;   12.0;   9.9;  -999;    -999;   71.50;-999;   19.4;    4.4;    1.5;-999;   4.9;   4;     -999;   0;eor
      142;20150426;   3;   14.3;  11.9;  -999;    -999;   75.38;-999;   19.1;    9.8;    8.0;-999;   0.0;   0;     -999;   0;eor
      142;20150427;   3;   15.0;  12.0;  -999;    -999;   73.63;-999;   22.0;    7.2;    5.0;-999;  14.5;   4;     -999;   0;eor
      142;20150428;   3;    7.7;   9.7;  -999;    -999;   91.42;-999;   12.0;    3.9;    1.7;-999;   5.5;   4;     -999;   0;eor
      142;20150429;   3;    7.8;   7.6;  -999;    -999;   74.46;-999;   13.3;    1.6;   -0.5;-999;   0.0;   0;     -999;   0;eor
      142;20150430;   3;    9.8;   8.8;  -999;    -999;   74.63;-999;   15.6;    4.7;    2.8;-999;   8.1;   4;     -999;   0;eor
      142;20150501;   3;    8.1;  10.8;  -999;    -999;   99.67;-999;    9.3;    7.1;    7.0;-999;  27.6;   4;     -999;-999;eor
      142;20150502;   3;   10.0;  11.0;  -999;    -999;   90.29;-999;   13.5;    7.0;    7.0;-999;   6.8;   4;     -999;-999;eor
      142;20150503;   3;   13.1;  15.2;  -999;    -999;   99.83;-999;   15.7;   10.1;    9.8;-999;   6.9;   4;     -999;-999;eor
      142;20150504;   3;   16.6;  16.4;  -999;    -999;   87.58;-999;   20.1;   13.5;   12.9;-999;   0.0;   0;     -999;-999;eor
      142;20150505;   3;   18.1;  15.3;  -999;    -999;   75.13;-999;   24.0;   13.2;   12.3;-999;  22.7;   4;     -999;-999;eor
      142;20150506;   3;   12.0;  12.9;  -999;    -999;   92.63;-999;   15.0;    8.8;    7.2;-999;  11.1;   4;     -999;-999;eor
      142;20150507;   3;   12.7;  10.3;  -999;    -999;   72.13;-999;   18.1;    8.4;    6.1;-999;   0.0;   0;     -999;-999;eor
      142;20150508;   3;   14.8;  11.3;  -999;    -999;   67.83;-999;   22.5;    7.8;    5.9;-999;   0.0;   4;     -999;-999;eor
      142;20150509;   3;   13.4;  13.7;  -999;    -999;   89.92;-999;   17.7;   10.4;    7.9;-999;   3.5;   4;     -999;-999;eor
      142;20150510;   3;   13.5;  11.0;  -999;    -999;   74.00;-999;   19.3;    8.2;    5.6;-999;   0.0;   0;     -999;-999;eor
      142;20150511;   3;   14.8;  11.3;  -999;    -999;   70.08;-999;   21.5;    6.1;    3.5;-999;   0.0;   0;     -999;-999;eor
      142;20150512;   3;   19.3;  12.1;  -999;    -999;   57.79;-999;   26.5;    9.2;    6.0;-999;   0.0;   0;     -999;-999;eor
      142;20150513;   3;   17.2;  13.9;  -999;    -999;   71.63;-999;   21.9;   12.9;   12.7;-999;  -999;-999;     -999;-999;eor
      142;20150514;   3;   14.7;  13.1;  -999;    -999;   79.88;-999;   18.8;   11.5;    9.4;-999;   0.7;   4;     -999;-999;eor
      142;20150515;   3;   12.0;  13.1;  -999;    -999;   93.38;-999;   14.8;    8.2;    5.4;-999;   0.9;   4;     -999;-999;eor
      142;20150516;   3;   13.7;  10.8;  -999;    -999;   72.08;-999;   19.7;    6.6;    4.2;-999;   1.8;   4;     -999;-999;eor
      142;20150517;   3;   13.0;  12.0;  -999;    -999;   81.33;-999;   17.8;    9.2;    6.8;-999;   0.2;   4;     -999;-999;eor
      142;20150518;   3;   16.2;  11.9;  -999;    -999;   66.67;-999;   24.2;    7.3;    4.7;-999;   0.4;   4;     -999;-999;eor
      142;20150519;   3;   13.3;  13.3;  -999;    -999;   87.25;-999;   17.5;   10.2;   10.1;-999;  17.3;   4;     -999;-999;eor
      142;20150520;   3;    8.0;  10.7;  -999;    -999;   99.54;-999;   10.2;    7.0;    6.9;-999;   5.5;   4;     -999;-999;eor
      142;20150521;   3;    8.4;  10.3;  -999;    -999;   93.75;-999;   13.1;    6.4;    5.1;-999;   0.3;   4;     -999;-999;eor
      142;20150522;   3;   10.8;   9.1;  -999;    -999;   73.71;-999;   15.8;    4.3;    2.3;-999;   0.0;   0;     -999;-999;eor
      142;20150523;   3;   11.0;  10.0;  -999;    -999;   78.83;-999;   16.7;    5.9;    3.8;-999;   1.8;   4;     -999;-999;eor
      142;20150524;   3;   11.8;  11.9;  -999;    -999;   86.75;-999;   15.7;    8.4;    8.1;-999;   0.0;   0;     -999;-999;eor
      142;20150525;   3;   13.1;  12.7;  -999;    -999;   86.04;-999;   20.1;   10.2;    9.5;-999;   0.5;   4;     -999;-999;eor
      142;20150526;   3;   11.2;  10.6;  -999;    -999;   80.38;-999;   15.1;    7.3;    5.4;-999;   0.2;   4;     -999;-999;eor
      142;20150527;   3;    9.3;   8.4;  -999;    -999;   73.96;-999;   14.4;    5.1;    2.4;-999;   0.0;   0;     -999;-999;eor
      142;20150528;   3;   12.9;   9.3;  -999;    -999;   65.63;-999;   20.7;    3.6;    0.9;-999;   0.0;   0;     -999;-999;eor
      142;20150529;   3;   16.1;  11.4;  -999;    -999;   64.04;-999;   23.5;    8.6;    5.2;-999;   0.0;   0;     -999;-999;eor
      142;20150530;   3;   14.0;  12.3;  -999;    -999;   76.92;-999;   18.1;   11.2;    8.8;-999;   0.8;   4;     -999;-999;eor
      142;20150531;   3;   16.1;  12.1;  -999;    -999;   67.75;-999;   21.8;   10.2;    8.4;-999;   0.0;   0;     -999;-999;eor
      142;20150601;   3;   18.3;  13.7;  -999;    -999;   67.38;-999;   25.4;   13.0;    9.8;-999;   0.0;   0;     -999;-999;eor
      142;20150602;   3;   19.1;  14.7;  -999;    -999;   69.38;-999;   25.0;   13.0;   10.3;-999;   0.0;   0;     -999;-999;eor
      142;20150603;   3;   21.6;  13.9;  -999;    -999;   56.54;-999;   28.4;   14.4;   10.8;-999;   0.0;   0;     -999;-999;eor
      142;20150604;   3;   20.8;  14.5;  -999;    -999;   61.63;-999;   27.6;   12.8;    9.9;-999;   0.0;   0;     -999;-999;eor
      142;20150605;   3;   22.0;  16.0;  -999;    -999;   62.54;-999;   28.6;   13.3;   10.4;-999;   0.0;   0;     -999;-999;eor
      142;20150606;   3;   23.1;  17.4;  -999;    -999;   64.21;-999;   30.8;   15.0;   12.5;-999;   2.9;   4;     -999;-999;eor
      142;20150607;   3;   21.3;  17.8;  -999;    -999;   73.25;-999;   27.7;   16.0;   15.6;-999;   4.7;   4;     -999;-999;eor
      142;20150608;   3;   16.0;  17.3;  -999;    -999;   94.58;-999;   20.1;   11.6;   11.6;-999;  11.7;   4;     -999;-999;eor
      142;20150609;   3;   11.7;  13.3;  -999;    -999;   96.58;-999;   13.0;   10.8;   11.1;-999;   0.2;   4;     -999;-999;eor
      142;20150610;   3;   14.4;  14.5;  -999;    -999;   88.46;-999;   17.7;   10.8;   11.0;-999;   0.0;   0;     -999;-999;eor
      142;20150611;   3;   17.6;  16.6;  -999;    -999;   83.29;-999;   22.2;   14.1;   12.5;-999;   0.0;   0;     -999;-999;eor
      142;20150612;   3;   21.3;  16.0;  -999;    -999;   67.88;-999;   28.8;   12.3;   10.3;-999;   0.4;   4;     -999;-999;eor
      142;20150613;   3;   20.4;  17.6;  -999;    -999;   74.75;-999;   25.9;   12.5;   11.3;-999;  22.7;   4;     -999;-999;eor
      142;20150614;   3;   19.2;  17.9;  -999;    -999;   81.88;-999;   24.7;   13.2;   13.4;-999;  10.9;   4;     -999;-999;eor
      142;20150615;   3;   15.2;  17.0;  -999;    -999;   98.25;-999;   17.0;   13.3;   13.1;-999;   7.9;   4;     -999;-999;eor
      142;20150616;   3;   15.7;  13.3;  -999;    -999;   76.88;-999;   20.2;   11.5;   11.2;-999;   0.0;   0;     -999;-999;eor
      142;20150617;   3;   14.6;  11.1;  -999;    -999;   67.92;-999;   20.1;   10.8;    8.4;-999;   0.0;   0;     -999;-999;eor
      142;20150618;   3;   13.7;  14.1;  -999;    -999;   89.63;-999;   16.5;   10.9;    8.1;-999;  10.7;   4;     -999;-999;eor
      142;20150619;   3;   12.5;  11.8;  -999;    -999;   81.92;-999;   15.5;   10.7;   10.0;-999;   0.4;   4;     -999;-999;eor
      142;20150620;   3;   11.5;  10.5;  -999;    -999;   78.33;-999;   15.0;    9.5;    8.9;-999;   0.1;   4;     -999;-999;eor
      142;20150621;   3;   13.3;  12.4;  -999;    -999;   81.96;-999;   17.8;    9.4;    8.9;-999;   2.5;   4;     -999;-999;eor
      142;20150622;   3;   14.1;  14.4;  -999;    -999;   90.04;-999;   19.8;   11.3;   11.0;-999;  15.6;   4;     -999;-999;eor
      142;20150623;   3;   11.8;  10.7;  -999;    -999;   78.50;-999;   16.3;    9.1;    7.9;-999;   0.4;   4;     -999;-999;eor
      142;20150624;   3;   13.6;  11.2;  -999;    -999;   74.25;-999;   19.5;    9.0;    6.5;-999;   0.0;   0;     -999;-999;eor
      142;20150625;   3;   15.2;  11.4;  -999;    -999;   69.71;-999;   21.7;    7.1;    5.1;-999;   0.0;   0;     -999;-999;eor
      142;20150626;   3;   18.3;  12.9;  -999;    -999;   64.50;-999;   25.2;   10.1;    7.4;-999;   0.0;   0;     -999;-999;eor
      142;20150627;   3;   18.0;  15.9;  -999;    -999;   76.88;-999;   22.7;   14.5;   11.6;-999;   0.3;   4;     -999;-999;eor
      142;20150628;   3;   17.8;  13.8;  -999;    -999;   70.29;-999;   23.6;   13.3;   11.5;-999;   0.0;   0;     -999;-999;eor
      142;20150629;   3;   19.3;  14.7;  -999;    -999;   68.21;-999;   25.7;   12.7;   10.5;-999;   0.0;   0;     -999;-999;eor
      142;20150630;   3;   21.6;  14.4;  -999;    -999;   59.08;-999;   28.6;   14.1;   11.5;-999;   0.0;   0;     -999;-999;eor
      142;20150701;   3;   22.1;  15.8;  -999;    -999;   62.54;-999;   28.9;   13.8;   11.4;-999;   0.0;   0;     -999;-999;eor
      142;20150702;   3;   22.7;  17.4;  -999;    -999;   65.67;-999;   29.9;   14.6;   12.4;-999;   0.0;   0;     -999;-999;eor
      142;20150703;   3;   23.8;  18.9;  -999;    -999;   66.92;-999;   31.6;   15.4;   13.4;-999;   0.0;   0;     -999;-999;eor
      142;20150704;   3;   25.6;  19.0;  -999;    -999;   61.13;-999;   33.9;   17.0;   14.9;-999;   0.0;   0;     -999;-999;eor
      142;20150705;   3;   27.0;  19.5;  -999;    -999;   57.50;-999;   34.2;   19.1;   17.3;-999;   4.0;   4;     -999;-999;eor
      142;20150706;   3;   23.9;  20.5;  -999;    -999;   70.63;-999;   28.8;   18.3;   16.5;-999;   0.0;   0;     -999;-999;eor
      142;20150707;   3;   26.0;  19.8;  -999;    -999;   62.67;-999;   33.5;   16.8;   15.0;-999;  10.4;   4;     -999;-999;eor
      142;20150708;   3;   18.5;  16.6;  -999;    -999;   77.71;-999;   21.7;   15.5;   13.8;-999;   1.0;   4;     -999;-999;eor
      142;20150709;   3;   15.4;  11.8;  -999;    -999;   68.13;-999;   20.0;    9.2;    6.6;-999;   0.3;   4;     -999;-999;eor
      142;20150710;   3;   15.5;  10.3;  -999;    -999;   63.00;-999;   22.4;    7.8;    5.4;-999;   0.0;   0;     -999;-999;eor
      142;20150711;   3;   20.1;  12.8;  -999;    -999;   58.17;-999;   29.9;    9.0;    6.8;-999;   0.0;   0;     -999;-999;eor
      142;20150712;   3;   22.0;  12.7;  -999;    -999;   49.42;-999;   28.1;   15.7;   11.4;-999;   0.0;   4;     -999;-999;eor
      142;20150713;   3;   17.9;  14.1;  -999;    -999;   69.00;-999;   20.9;   15.4;   14.5;-999;   0.9;   4;     -999;-999;eor
      142;20150714;   3;   20.5;  16.4;  -999;    -999;   70.50;-999;   25.9;   15.5;   15.1;-999;   0.0;   0;     -999;-999;eor
      142;20150715;   3;   21.7;  15.5;  -999;    -999;   61.58;-999;   27.8;   16.6;   14.6;-999;   0.0;   0;     -999;-999;eor
      142;20150716;   3;   23.9;  15.9;  -999;    -999;   58.17;-999;   31.9;   14.3;   12.9;-999;   0.0;   0;     -999;-999;eor
      142;20150717;   3;   25.5;  15.8;  -999;    -999;   52.79;-999;   34.3;   16.8;   15.0;-999;   0.0;   0;     -999;-999;eor
      142;20150718;   3;   22.3;  17.0;  -999;    -999;   64.04;-999;   28.3;   16.8;   15.1;-999;   0.0;   0;     -999;-999;eor
      142;20150719;   3;   23.1;  18.6;  -999;    -999;   68.38;-999;   29.2;   16.6;   15.6;-999;   0.9;   4;     -999;-999;eor
      142;20150720;   3;   23.1;  18.4;  -999;    -999;   68.21;-999;   29.2;   18.1;   16.9;-999;   0.0;   0;     -999;-999;eor
      142;20150721;   3;   25.0;  17.7;  -999;    -999;   59.58;-999;   32.9;   17.8;   16.4;-999;   0.0;   0;     -999;-999;eor
      142;20150722;   3;   25.3;  17.6;  -999;    -999;   59.08;-999;   34.6;   16.8;   15.5;-999;   1.1;   4;     -999;-999;eor
      142;20150723;   3;   20.5;  18.4;  -999;    -999;   77.25;-999;   23.7;   18.4;   17.5;-999;   0.2;   4;     -999;-999;eor
      142;20150724;   3;   23.2;  17.4;  -999;    -999;   63.42;-999;   29.6;   15.9;   14.3;-999;   0.0;   0;     -999;-999;eor
      142;20150725;   3;   19.8;  13.2;  -999;    -999;   57.67;-999;   25.0;   12.0;    9.6;-999;   0.0;   0;     -999;-999;eor
      142;20150726;   3;   16.4;   9.6;  -999;    -999;   54.58;-999;   23.1;    9.4;    6.8;-999;   2.5;   4;     -999;-999;eor
      142;20150727;   3;   17.5;  13.7;  -999;    -999;   70.67;-999;   23.3;   12.9;   12.8;-999;   1.7;   4;     -999;-999;eor
      142;20150728;   3;   18.3;  11.6;  -999;    -999;   56.29;-999;   22.8;   12.8;   11.5;-999;   0.8;   4;     -999;-999;eor
      142;20150729;   3;   14.7;  13.8;  -999;    -999;   83.33;-999;   20.3;   10.5;    8.6;-999;   2.2;   4;     -999;-999;eor
      142;20150730;   3;   15.4;   9.7;  -999;    -999;   60.08;-999;   22.3;    8.4;    5.9;-999;   0.0;   0;     -999;-999;eor
      142;20150731;   3;   17.4;   9.1;  -999;    -999;   48.46;-999;   23.6;   10.4;    8.2;-999;   0.0;   0;     -999;-999;eor
      142;20150801;   3;   16.9;  11.9;  -999;    -999;   61.50;-999;   20.4;   13.3;   12.4;-999;   0.0;   4;     -999;-999;eor
      142;20150802;   3;   19.3;  14.3;  -999;    -999;   66.42;-999;   26.5;   14.4;   12.3;-999;   0.0;   0;     -999;-999;eor
      142;20150803;   3;   21.2;  13.7;  -999;    -999;   58.92;-999;   29.6;   11.3;    9.5;-999;   0.0;   0;     -999;-999;eor
      142;20150804;   3;   22.0;  15.5;  -999;    -999;   62.63;-999;   31.6;   12.8;   11.3;-999;   0.0;   0;     -999;-999;eor
      142;20150805;   3;   22.3;  16.1;  -999;    -999;   63.25;-999;   30.0;   14.2;   12.8;-999;   0.0;   0;     -999;-999;eor
      142;20150806;   3;   25.2;  15.2;  -999;    -999;   52.88;-999;   34.9;   14.6;   12.9;-999;   0.0;   0;     -999;-999;eor
      142;20150807;   3;   26.3;  14.4;  -999;    -999;   46.79;-999;   35.7;   16.2;   14.3;-999;   0.0;   0;     -999;-999;eor
      142;20150808;   3;   26.4;  15.3;  -999;    -999;   47.88;-999;   34.2;   17.6;   15.9;-999;   0.0;   0;     -999;-999;eor
      142;20150809;   3;   25.8;  16.9;  -999;    -999;   53.92;-999;   33.3;   17.2;   16.0;-999;   0.0;   0;     -999;-999;eor
      142;20150810;   3;   23.7;  19.5;  -999;    -999;   68.58;-999;   30.4;   18.3;   17.1;-999;   0.0;   0;     -999;-999;eor
      142;20150811;   3;   24.1;  18.3;  -999;    -999;   64.75;-999;   31.4;   18.5;   16.4;-999;   0.0;   0;     -999;-999;eor
      142;20150812;   3;   24.7;  14.1;  -999;    -999;   51.46;-999;   33.9;   16.1;   13.9;-999;   0.0;   0;     -999;-999;eor
      142;20150813;   3;   25.8;  13.3;  -999;    -999;   43.71;-999;   33.8;   15.3;   14.4;-999;   0.0;   0;     -999;-999;eor
      142;20150814;   3;   22.8;  17.9;  -999;    -999;   68.04;-999;   31.1;   17.5;   17.4;-999;  10.0;   4;     -999;-999;eor
      142;20150815;   3;   18.8;  18.1;  -999;    -999;   85.75;-999;   25.5;   15.5;   15.2;-999;   9.2;   4;     -999;-999;eor
      142;20150816;   3;   15.7;  17.3;  -999;    -999;   96.71;-999;   18.6;   14.4;   13.4;-999;   2.5;   4;     -999;-999;eor
      142;20150817;   3;   14.3;  16.0;  -999;    -999;   97.75;-999;   15.6;   12.7;   11.8;-999;   3.0;   4;     -999;-999;eor
      142;20150818;   3;   16.1;  13.3;  -999;    -999;   75.04;-999;   21.3;   10.9;   10.2;-999;   0.0;   0;     -999;-999;eor
      142;20150819;   3;   15.2;  13.5;  -999;    -999;   78.92;-999;   18.7;   12.7;   11.1;-999;   0.0;   0;     -999;-999;eor
      142;20150820;   3;   15.5;  14.1;  -999;    -999;   81.54;-999;   20.4;   11.6;   10.0;-999;   0.0;   4;     -999;-999;eor
      142;20150821;   3;   15.4;  13.8;  -999;    -999;   81.17;-999;   21.5;   10.0;    8.9;-999;   0.0;   0;     -999;-999;eor
      142;20150822;   3;   17.3;  11.4;  -999;    -999;   63.08;-999;   24.7;    8.6;    7.0;-999;   0.0;   0;     -999;-999;eor
      142;20150823;   3;   18.2;  13.4;  -999;    -999;   66.21;-999;   27.2;   11.9;   10.3;-999;   2.0;   4;     -999;-999;eor
      142;20150824;   3;   19.0;  17.2;  -999;    -999;   81.58;-999;   28.2;   13.3;   13.2;-999;  13.8;   4;     -999;-999;eor
      142;20150825;   3;   15.5;  12.7;  -999;    -999;   74.67;-999;   21.7;   10.4;    8.8;-999;   0.0;   0;     -999;-999;eor
      142;20150826;   3;   17.1;  11.5;  -999;    -999;   63.33;-999;   25.3;    8.3;    6.9;-999;   0.0;   0;     -999;-999;eor
      142;20150827;   3;   21.2;  14.1;  -999;    -999;   59.58;-999;   30.3;   11.2;    9.2;-999;   0.0;   0;     -999;-999;eor
      142;20150828;   3;   23.6;  16.6;  -999;    -999;   58.96;-999;   31.0;   18.1;   16.1;-999;   0.0;   0;     -999;-999;eor
      142;20150829;   3;   22.9;  17.7;  -999;    -999;   67.33;-999;   30.9;   14.7;   13.5;-999;   0.0;   0;     -999;-999;eor
      142;20150830;   3;   24.6;  18.6;  -999;    -999;   62.75;-999;   33.1;   16.8;   15.5;-999;   0.0;   0;     -999;-999;eor
      142;20150831;   3;   24.9;  15.9;  -999;    -999;   53.21;-999;   32.2;   18.1;   16.5;-999;   0.0;   0;     -999;-999;eor
      142;20150901;   3;   20.9;  15.6;  -999;    -999;   66.38;-999;   30.5;   15.0;   14.8;-999;  11.4;   4;     -999;-999;eor
      142;20150902;   3;   14.0;  15.5;  -999;    -999;   96.58;-999;   15.2;   10.9;   10.3;-999;   3.6;   4;     -999;-999;eor
      142;20150903;   3;   13.8;  15.4;  -999;    -999;   97.38;-999;   16.5;   10.8;   10.5;-999;   2.4;   4;     -999;-999;eor
      142;20150904;   3;   14.1;  12.5;  -999;    -999;   79.96;-999;   19.6;   10.4;    9.0;-999;   0.0;   0;     -999;-999;eor
      142;20150905;   3;   13.1;   9.8;  -999;    -999;   65.79;-999;   17.5;    9.9;    9.4;-999;   3.8;   4;     -999;-999;eor
      142;20150906;   3;   10.7;   9.3;  -999;    -999;   73.33;-999;   14.9;    7.3;    4.8;-999;   0.1;   4;     -999;-999;eor
      142;20150907;   3;   10.3;  10.0;  -999;    -999;   79.63;-999;   12.9;    7.0;    5.5;-999;   0.1;   4;     -999;-999;eor
      142;20150908;   3;   12.7;  10.6;  -999;    -999;   75.00;-999;   17.6;    8.4;    6.5;-999;   0.0;   0;     -999;-999;eor
      142;20150909;   3;   12.0;   9.6;  -999;    -999;   71.17;-999;   18.2;    6.3;    4.0;-999;   0.0;   0;     -999;-999;eor
      142;20150910;   3;   10.7;   9.9;  -999;    -999;   78.00;-999;   17.1;    6.0;    4.2;-999;   0.0;   0;     -999;-999;eor
      142;20150911;   3;   12.4;  10.1;  -999;    -999;   73.46;-999;   20.7;    3.9;    1.9;-999;   0.0;   0;     -999;-999;eor
      142;20150912;   3;   16.3;  11.9;  -999;    -999;   68.88;-999;   24.8;    7.2;    5.3;-999;   0.1;   4;     -999;-999;eor
      142;20150913;   3;   18.0;  13.6;  -999;    -999;   68.29;-999;   25.1;   10.7;    8.8;-999;   0.3;   4;     -999;-999;eor
      142;20150914;   3;   14.6;  14.5;  -999;    -999;   87.71;-999;   18.4;   12.1;   10.4;-999;   6.7;   4;     -999;-999;eor
      142;20150915;   3;   14.3;  12.3;  -999;    -999;   77.08;-999;   20.1;   11.2;   10.3;-999;   0.0;   0;     -999;-999;eor
      142;20150916;   3;   18.3;  13.5;  -999;    -999;   65.25;-999;   25.2;   11.2;    9.9;-999;   0.0;   0;     -999;-999;eor
      142;20150917;   3;   16.1;  13.2;  -999;    -999;   72.88;-999;   25.2;   11.2;    9.0;-999;   0.4;   4;     -999;-999;eor
      142;20150918;   3;   13.5;  12.9;  -999;    -999;   84.21;-999;   17.2;   10.5;    8.2;-999;   0.4;   4;     -999;-999;eor
      142;20150919;   3;   13.1;  11.5;  -999;    -999;   79.42;-999;   20.2;    6.3;    4.4;-999;   0.0;   0;     -999;-999;eor
      142;20150920;   3;   11.5;  11.0;  -999;    -999;   82.13;-999;   15.9;    7.8;    5.3;-999;   0.0;   0;     -999;-999;eor
      142;20150921;   3;   11.6;   9.0;  -999;    -999;   69.96;-999;   18.4;    5.1;    2.5;-999;   0.0;   0;     -999;-999;eor
      142;20150922;   3;   12.2;  11.4;  -999;    -999;   80.58;-999;   17.4;    6.5;    4.3;-999;  11.8;   4;     -999;-999;eor
      142;20150923;   3;    9.8;  11.5;  -999;    -999;   94.63;-999;   12.6;    8.4;    8.2;-999;   0.5;   4;     -999;-999;eor
      142;20150924;   3;   10.5;  11.2;  -999;    -999;   89.50;-999;   14.6;    6.9;    4.7;-999;   0.0;   0;     -999;-999;eor
      142;20150925;   3;   11.7;  10.6;  -999;    -999;   79.38;-999;   17.8;    5.6;    3.7;-999;   0.0;   0;     -999;-999;eor
      142;20150926;   3;   12.9;  12.1;  -999;    -999;   81.58;-999;   15.9;   11.0;   10.4;-999;   0.0;   0;     -999;-999;eor
      142;20150927;   3;   11.8;   8.9;  -999;    -999;   64.67;-999;   16.1;    7.2;    5.0;-999;   0.0;   0;     -999;-999;eor
      142;20150928;   3;    9.5;   7.7;  -999;    -999;   65.63;-999;   14.1;    3.6;    1.5;-999;   0.0;   0;     -999;-999;eor
      142;20150929;   3;   10.0;   7.6;  -999;    -999;   62.67;-999;   15.4;    5.2;    3.2;-999;   0.0;   0;     -999;-999;eor
      142;20150930;   3;    9.5;   7.1;  -999;    -999;   60.67;-999;   14.7;    5.7;    4.3;-999;   0.0;   0;     -999;-999;eor
      142;20151001;   3;    9.5;   7.0;  -999;    -999;   60.42;-999;   16.5;    4.2;    2.5;-999;   0.0;   0;     -999;   0;eor
      142;20151002;   3;   11.1;   8.5;  -999;    -999;   66.42;-999;   18.3;    3.5;    1.0;-999;   0.0;   0;     -999;   0;eor
      142;20151003;   3;   13.3;  11.2;  -999;    -999;   76.13;-999;   22.1;    6.7;    5.0;-999;   0.1;   4;     -999;   0;eor
      142;20151004;   3;    9.9;  11.9;  -999;    -999;   96.54;-999;   12.5;    4.6;    3.0;-999;   3.4;   4;     -999;   0;eor
      142;20151005;   3;   10.9;  10.0;  -999;    -999;   79.00;-999;   18.7;    3.8;    2.2;-999;   0.5;   4;     -999;   0;eor
      142;20151006;   3;   14.9;  14.4;  -999;    -999;   86.88;-999;   21.3;   10.8;    9.0;-999;  12.5;   4;     -999;   0;eor
      142;20151007;   3;   12.8;  14.8;  -999;    -999;   99.79;-999;   14.4;   10.2;    9.1;-999;   4.1;   4;     -999;   0;eor
      142;20151008;   3;   11.9;  11.8;  -999;    -999;   85.92;-999;   16.0;    9.7;    8.0;-999;   0.0;   0;     -999;   0;eor
      142;20151009;   3;   11.4;  11.3;  -999;    -999;   85.46;-999;   16.2;    6.4;    4.6;-999;   0.0;   0;     -999;   0;eor
      142;20151010;   3;    9.5;  11.6;  -999;    -999;   97.29;-999;   11.8;    6.6;    4.3;-999;   0.0;   0;     -999;   0;eor
      142;20151011;   3;    7.6;   9.4;  -999;    -999;   89.25;-999;   10.5;    3.2;    0.7;-999;   0.2;   4;     -999;   0;eor
      142;20151012;   3;    5.1;   7.0;  -999;    -999;   81.46;-999;   11.0;    0.1;   -1.5;-999;   0.0;   0;     -999;   0;eor
      142;20151013;   3;    5.6;   8.5;  -999;    -999;   94.21;-999;    9.2;    2.4;    1.0;-999;  15.4;   4;     -999;   0;eor
      142;20151014;   3;    5.6;   8.5;  -999;    -999;   93.21;-999;    8.8;    4.1;    4.2;-999;   8.3;   4;     -999;   0;eor
      142;20151015;   3;    4.0;   8.0;  -999;    -999;   98.75;-999;    4.7;    3.4;    3.3;-999;   0.1;   4;     -999;   0;eor
      142;20151016;   3;    4.1;   8.0;  -999;    -999;   97.75;-999;    5.3;    2.9;    2.3;-999;   2.6;   4;     -999;   0;eor
      142;20151017;   3;    5.0;   8.0;  -999;    -999;   92.25;-999;    7.2;    2.9;    2.5;-999;   2.3;   4;     -999;   0;eor
      142;20151018;   3;    5.7;   9.1;  -999;    -999;   99.04;-999;    7.3;    4.6;    3.0;-999;   1.2;   4;     -999;   0;eor
      142;20151019;   3;    5.2;   8.2;  -999;    -999;   93.13;-999;    8.5;    0.5;   -1.0;-999;   0.3;   4;     -999;   0;eor
      142;20151020;   3;    4.4;   7.9;  -999;    -999;   94.63;-999;    9.5;   -0.1;   -1.0;-999;   0.0;   0;     -999;   0;eor
      142;20151021;   3;    6.4;   8.7;  -999;    -999;   90.88;-999;    9.2;    3.7;    3.1;-999;   0.0;   0;     -999;   0;eor
      142;20151022;   3;    8.1;   8.9;  -999;    -999;   83.00;-999;   11.0;    5.8;    5.3;-999;   0.1;   4;     -999;   0;eor
      142;20151023;   3;    9.1;  10.9;  -999;    -999;   94.42;-999;   12.0;    3.9;    1.6;-999;   0.0;   0;     -999;   0;eor
      142;20151024;   3;    7.7;  10.2;  -999;    -999;   96.79;-999;   12.7;    2.9;    1.5;-999;   0.0;   0;     -999;   0;eor
      142;20151025;   3;    9.6;  11.2;  -999;    -999;   93.50;-999;   13.2;    5.7;    3.6;-999;   0.2;   4;     -999;   0;eor
      142;20151026;   3;    7.8;  10.4;  -999;    -999;   98.33;-999;   11.8;    3.1;    1.2;-999;   0.0;   0;     -999;   0;eor
      142;20151027;   3;    6.8;   9.9;  -999;    -999;   99.96;-999;    7.8;    3.4;    1.4;-999;   0.0;   4;     -999;   0;eor
      142;20151028;   3;    6.5;   9.6;  -999;    -999;   98.67;-999;    8.9;    3.6;    2.3;-999;   0.0;   0;     -999;   0;eor
      142;20151029;   3;    7.6;  10.5;  -999;    -999;  100.00;-999;    9.4;    5.6;    5.7;-999;   0.2;   4;     -999;   0;eor
      142;20151030;   3;    7.7;  10.4;  -999;    -999;   98.67;-999;    8.9;    6.7;    6.6;-999;   0.0;   0;     -999;   0;eor
      142;20151031;   3;    7.3;   9.8;  -999;    -999;   96.00;-999;   12.0;    1.4;   -0.4;-999;   0.0;   0;     -999;   0;eor
      142;20151101;   3;    3.2;   7.4;  -999;    -999;   95.75;-999;   12.0;   -1.3;   -3.2;-999;   0.0;   0;     -999;   0;eor
      142;20151102;   3;    1.3;   6.5;  -999;    -999;   94.96;-999;   12.1;   -3.6;   -5.3;-999;   0.0;   0;     -999;   0;eor
      142;20151103;   3;    1.9;   6.7;  -999;    -999;   94.71;-999;   11.4;   -3.1;   -3.4;-999;   0.0;   0;     -999;   0;eor
      142;20151104;   3;    8.3;   9.6;  -999;    -999;   88.17;-999;   14.9;    1.3;   -0.3;-999;   0.0;   0;     -999;   0;eor
      142;20151105;   3;    9.4;  10.1;  -999;    -999;   87.67;-999;   16.6;    3.7;    1.6;-999;   0.0;   0;     -999;   0;eor
      142;20151106;   3;   10.9;  10.7;  -999;    -999;   83.63;-999;   17.9;    3.6;    2.0;-999;   0.4;   4;     -999;   0;eor
      142;20151107;   3;   13.2;  14.1;  -999;    -999;   92.96;-999;   18.1;   10.3;    7.3;-999;   0.0;   4;     -999;   0;eor
      142;20151108;   3;   13.0;  13.6;  -999;    -999;   90.71;-999;   18.0;    9.0;    6.6;-999;   0.0;   0;     -999;   0;eor
      142;20151109;   3;   13.8;  11.8;  -999;    -999;   75.38;-999;   17.7;    9.5;    7.0;-999;   0.0;   0;     -999;   0;eor
      142;20151110;   3;   13.0;   9.6;  -999;    -999;   64.88;-999;   17.2;    8.7;    5.6;-999;   0.0;   0;     -999;   0;eor
      142;20151111;   3;    9.8;   9.0;  -999;    -999;   75.17;-999;   16.1;    5.7;    1.6;-999;   0.0;   0;     -999;   0;eor
      142;20151112;   3;    7.4;   8.8;  -999;    -999;   86.79;-999;   13.7;    2.5;   -0.2;-999;   0.0;   0;     -999;   0;eor
      142;20151113;   3;    7.1;   8.7;  -999;    -999;   86.29;-999;   12.4;    0.6;   -0.8;-999;   3.0;   4;     -999;   0;eor
      142;20151114;   3;    7.1;   7.8;  -999;    -999;   77.13;-999;    9.4;    4.3;    2.0;-999;   0.1;   4;     -999;   0;eor
      142;20151115;   3;   11.4;   8.4;  -999;    -999;   62.04;-999;   14.7;    7.1;    5.9;-999;   0.0;   0;     -999;   0;eor
      142;20151116;   3;   11.9;   9.1;  -999;    -999;   65.46;-999;   17.3;    4.0;    1.4;-999;   0.0;   0;     -999;   0;eor
      142;20151117;   3;   10.4;   9.9;  -999;    -999;   77.29;-999;   14.9;    4.0;    1.1;-999;   1.2;   4;     -999;   0;eor
      142;20151118;   3;   13.1;   9.9;  -999;    -999;   65.58;-999;   15.0;    9.9;    5.8;-999;   0.0;   0;     -999;   0;eor
      142;20151119;   3;   12.7;   9.3;  -999;    -999;   62.96;-999;   14.7;    9.9;    7.5;-999;  12.2;   4;     -999;   0;eor
      142;20151120;   3;    7.9;   9.8;  -999;    -999;   92.38;-999;   14.5;    1.9;    1.9;-999;  49.4;   4;     -999;   0;eor
      142;20151121;   3;    2.0;   6.5;  -999;    -999;   91.88;-999;    5.2;   -0.1;   -1.2;-999;   3.0;   4;     -999;   0;eor
      142;20151122;   3;   -0.2;   5.6;  -999;    -999;   92.46;-999;    0.8;   -1.0;   -2.9;-999;   1.2;   4;     -999;   0;eor
      142;20151123;   3;   -0.5;   5.3;  -999;    -999;   90.42;-999;    1.5;   -3.6;   -5.7;-999;   0.0;   0;     -999;   0;eor
      142;20151124;   3;   -2.3;   4.5;  -999;    -999;   87.67;-999;    2.0;   -5.7;   -7.3;-999;   0.5;   4;     -999;   0;eor
      142;20151125;   3;    1.2;   6.2;  -999;    -999;   93.00;-999;    2.6;   -1.2;   -1.8;-999;   0.7;   4;     -999;   2;eor
      142;20151126;   3;    1.8;   6.7;  -999;    -999;   96.13;-999;    3.1;    0.0;   -0.8;-999;   0.1;   4;     -999;   0;eor
      142;20151127;   3;   -0.3;   5.9;  -999;    -999;   98.13;-999;    0.6;   -1.8;   -4.0;-999;   0.0;   0;     -999;   0;eor
      142;20151128;   3;    0.3;   5.9;  -999;    -999;   93.92;-999;    1.4;   -1.1;   -2.7;-999;   3.8;   4;     -999;   0;eor
      142;20151129;   3;    4.1;   6.8;  -999;    -999;   82.13;-999;    8.2;    0.4;   -1.5;-999;   1.4;   4;     -999;   0;eor
      142;20151130;   3;    8.4;   8.3;  -999;    -999;   75.50;-999;    9.4;    7.7;    6.3;-999;   3.7;   4;     -999;   0;eor
      142;20151201;   3;    7.8;   9.3;  -999;    -999;   87.83;-999;    8.4;    7.1;    6.3;-999;   1.7;   4;     -999;   0;eor
      142;20151202;   3;    7.2;   8.6;  -999;    -999;   85.00;-999;    8.7;    5.6;    4.4;-999;   0.0;   0;     -999;   0;eor
      142;20151203;   3;    3.8;   7.0;  -999;    -999;   87.67;-999;    6.5;   -2.1;   -3.2;-999;   0.0;   0;     -999;   0;eor
      142;20151204;   3;    3.3;   6.8;  -999;    -999;   87.54;-999;    8.4;   -3.0;   -4.4;-999;   0.1;   4;     -999;   0;eor
      142;20151205;   3;    6.0;   8.6;  -999;    -999;   92.00;-999;   10.6;    2.1;   -0.5;-999;   0.0;   0;     -999;   0;eor
      142;20151206;   3;    5.5;   7.9;  -999;    -999;   87.46;-999;   11.5;    1.0;   -1.4;-999;   0.0;   0;     -999;   0;eor
      142;20151207;   3;    6.4;   8.0;  -999;    -999;   84.08;-999;   12.2;    1.4;   -1.1;-999;   0.1;   4;     -999;   0;eor
      142;20151208;   3;    1.0;   6.6;  -999;    -999;   99.79;-999;    3.0;   -1.4;   -2.8;-999;   0.0;   0;     -999;   0;eor
      142;20151209;   3;    2.4;   7.2;  -999;    -999;   98.46;-999;    5.8;   -1.2;   -2.5;-999;   4.6;   4;     -999;   0;eor
      142;20151210;   3;   -0.8;   5.8;  -999;    -999;   99.63;-999;    1.7;   -3.6;   -4.9;-999;   0.0;   0;     -999;   0;eor
      142;20151211;   3;    0.9;   6.2;  -999;    -999;   94.46;-999;    5.3;   -4.1;   -5.4;-999;   0.0;   0;     -999;   0;eor
      142;20151212;   3;    5.9;   6.8;  -999;    -999;   73.42;-999;    9.1;    1.7;   -1.5;-999;   0.0;   0;     -999;   0;eor
      142;20151213;   3;    3.4;   6.7;  -999;    -999;   85.50;-999;    5.9;    1.0;   -1.8;-999;   0.0;   0;     -999;   0;eor
      142;20151214;   3;    2.6;   6.9;  -999;    -999;   93.38;-999;    4.8;   -1.0;   -2.5;-999;   0.0;   0;     -999;   0;eor
      142;20151215;   3;    3.0;   6.7;  -999;    -999;   88.63;-999;    6.8;   -1.0;   -2.7;-999;   0.0;   0;     -999;   0;eor
      142;20151216;   3;    4.3;   8.2;  -999;    -999;   96.54;-999;    8.2;   -0.1;   -1.6;-999;   4.2;   4;     -999;   0;eor
      142;20151217;   3;    8.6;  10.8;  -999;    -999;   96.92;-999;   10.8;    4.5;    2.1;-999;   0.0;   0;     -999;   0;eor
      142;20151218;   3;    6.1;   9.0;  -999;    -999;   95.50;-999;   10.6;    2.3;    0.5;-999;   0.1;   4;     -999;   0;eor
      142;20151219;   3;    4.3;   8.2;  -999;    -999;   97.46;-999;   10.4;    0.4;   -1.2;-999;   0.0;   0;     -999;   0;eor
      142;20151220;   3;    1.8;   7.0;  -999;    -999;   99.33;-999;    7.1;   -1.1;   -1.9;-999;   0.0;   0;     -999;   0;eor
      142;20151221;   3;    4.8;   8.2;  -999;    -999;   94.08;-999;    9.2;   -0.6;   -1.5;-999;   0.5;   4;     -999;   0;eor
      142;20151222;   3;    8.8;   8.4;  -999;    -999;   74.04;-999;   12.6;    3.7;    0.2;-999;   0.0;   0;     -999;   0;eor
      142;20151223;   3;    7.7;   8.0;  -999;    -999;   76.17;-999;   11.8;    3.4;   -0.5;-999;   0.0;   0;     -999;   0;eor
      142;20151224;   3;    6.2;   7.8;  -999;    -999;   83.00;-999;    9.1;    2.5;    0.4;-999;   0.0;   0;     -999;   0;eor
      142;20151225;   3;    8.7;   8.2;  -999;    -999;   72.50;-999;   12.9;    5.5;    1.5;-999;   0.0;   0;     -999;   0;eor
      142;20151226;   3;    6.0;   7.5;  -999;    -999;   80.42;-999;   11.7;    1.0;   -1.1;-999;   0.0;   0;     -999;   0;eor
      142;20151227;   3;    3.8;   6.5;  -999;    -999;   82.21;-999;   10.3;   -1.3;   -3.5;-999;   0.0;   0;     -999;   0;eor
      142;20151228;   3;    1.4;   5.8;  -999;    -999;   87.21;-999;    7.1;   -2.8;   -4.9;-999;   0.0;   0;     -999;   0;eor
      142;20151229;   3;   -0.8;   5.7;  -999;    -999;   98.42;-999;    2.3;   -3.8;   -5.9;-999;   0.0;   0;     -999;   0;eor
      142;20151230;   3;    0.8;   6.3;  -999;    -999;   97.04;-999;    2.5;   -1.3;   -1.1;-999;   0.0;   0;     -999;   0;eor
      142;20151231;   3;    0.5;   6.3;  -999;    -999;   98.67;-999;    2.3;   -1.2;   -1.1;-999;   7.6;   4;     -999;   0;eor
      142;20160101;   3;    2.5;   7.3;  -999;    -999;   99.54;-999;    4.7;    0.4;    0.5;-999;   0.0;   0;     -999;   0;eor
      142;20160102;   3;   -0.4;   5.9;  -999;    -999;  100.00;-999;    0.5;   -0.7;   -0.7;-999;   6.3;   4;     -999;   0;eor
      142;20160103;   3;   -1.3;   5.6;  -999;    -999;   99.96;-999;   -0.5;   -3.5;   -3.2;-999;   4.2;   4;     -999;   2;eor
      142;20160104;   3;    0.0;   6.0;  -999;    -999;   97.54;-999;    3.7;   -4.0;   -3.7;-999;   3.7;   4;     -999;   3;eor
      142;20160105;   3;    2.0;   6.6;  -999;    -999;   93.92;-999;    5.1;   -1.0;   -4.3;-999;   1.0;   4;     -999;   0;eor
      142;20160106;   3;    2.3;   6.7;  -999;    -999;   92.79;-999;    4.6;   -0.1;   -3.6;-999;   1.6;   4;     -999;   0;eor
      142;20160107;   3;    2.7;   7.1;  -999;    -999;   95.25;-999;    4.9;    1.4;    0.1;-999;   3.6;   4;     -999;   0;eor
      142;20160108;   3;    3.8;   7.0;  -999;    -999;   86.58;-999;    6.2;    2.5;    0.2;-999;   4.6;   4;     -999;   0;eor
      142;20160109;   3;    4.5;   8.4;  -999;    -999;   99.50;-999;    6.5;    2.5;    1.7;-999;   1.1;   4;     -999;   0;eor
      142;20160110;   1;    3.7;   7.8;  -999;    -999;   98.29;-999;    5.6;    0.2;   -1.4;-999;  19.4;   4;     -999;   0;eor
      142;20160111;   1;    4.3;   7.7;  -999;    -999;   92.96;-999;    5.9;    2.7;    1.4;-999;   7.7;   4;     -999;   0;eor
      142;20160112;   1;    3.9;   6.6;  -999;    -999;   81.46;-999;    5.5;    1.8;    0.2;-999;   0.2;   4;     -999;   0;eor
      142;20160113;   1;    2.1;   6.0;  -999;    -999;   84.38;-999;    3.3;    0.7;   -1.2;-999;   0.7;   4;     -999;   0;eor
      142;20160114;   1;    0.2;   4.9;  -999;    -999;   78.46;-999;    3.0;   -3.3;   -5.1;-999;   0.4;   4;     -999;   0;eor
      142;20160115;   1;   -0.3;   5.2;  -999;    -999;   86.75;-999;    1.5;   -1.4;   -2.3;-999;   4.2;   4;     -999;   0;eor
      142;20160116;   1;   -1.2;   5.2;  -999;    -999;   92.75;-999;   -0.3;   -2.0;   -2.4;-999;   1.6;   4;     -999;   5;eor
      142;20160117;   1;   -3.3;   4.5;  -999;    -999;   93.13;-999;   -1.7;   -5.7;   -2.3;-999;   2.5;   4;     -999;   8;eor
      142;20160118;   1;   -7.0;   3.4;  -999;    -999;   95.00;-999;   -4.8;   -9.5;  -11.9;-999;   0.0;   0;     -999;  11;eor
      142;20160119;   1;   -7.2;   3.4;  -999;    -999;   94.71;-999;   -5.1;   -9.5;   -9.6;-999;   0.0;   0;     -999;   9;eor
      142;20160120;   1;   -5.7;   3.5;  -999;    -999;   88.38;-999;   -0.9;  -12.9;  -15.8;-999;   0.0;   4;     -999;   8;eor
      142;20160121;   1;   -4.0;   4.0;  -999;    -999;   87.58;-999;   -1.3;  -11.1;  -14.3;-999;   0.1;   4;     -999;   8;eor
      142;20160122;   1;   -8.5;   3.1;  -999;    -999;   95.25;-999;   -6.9;  -12.4;  -15.3;-999;   1.3;   4;     -999;   8;eor
      142;20160123;   1;   -0.3;   6.1;  -999;    -999;   98.83;-999;    2.9;   -9.9;  -11.2;-999;   0.4;   4;     -999;   7;eor
      142;20160124;   1;    0.1;   5.7;  -999;    -999;   93.04;-999;    3.7;   -4.3;   -5.7;-999;   2.8;   4;     -999;   4;eor
      142;20160125;   1;    4.6;   7.5;  -999;    -999;   88.54;-999;   10.8;    1.9;    0.1;-999;   0.1;   4;     -999;   0;eor
      142;20160126;   1;    7.2;   6.9;  -999;    -999;   69.29;-999;   12.7;    2.0;   -0.5;-999;   0.0;   0;     -999;   0;eor
      142;20160127;   1;    9.4;   7.7;  -999;    -999;   65.33;-999;   13.2;    4.5;    1.8;-999;   0.0;   0;     -999;   0;eor
      142;20160128;   1;    8.7;   8.1;  -999;    -999;   73.46;-999;   11.4;    5.0;    4.6;-999;   4.6;   4;     -999;   0;eor
      142;20160129;   1;    5.8;   8.4;  -999;    -999;   91.00;-999;    9.6;    3.1;    1.5;-999;   0.0;   0;     -999;   0;eor
      142;20160130;   1;    6.5;   7.8;  -999;    -999;   82.29;-999;   10.2;    3.3;    1.2;-999;   5.2;   4;     -999;   0;eor
      142;20160131;   1;    3.0;   7.3;  -999;    -999;   95.04;-999;    9.5;    0.8;    0.4;-999;  13.5;   4;     -999;   0;eor
      142;20160201;   1;   10.5;  10.4;  -999;    -999;   82.08;-999;   12.9;    6.6;    4.8;-999;   0.0;   0;     -999;   0;eor
      142;20160202;   1;    8.2;   8.3;  -999;    -999;   76.50;-999;   10.7;    6.3;    4.8;-999;   0.4;   4;     -999;   0;eor
      142;20160203;   1;    2.8;   6.8;  -999;    -999;   91.38;-999;    9.0;    0.1;   -0.9;-999;   6.9;   4;     -999;   0;eor
      142;20160204;   1;    1.4;   6.2;  -999;    -999;   91.25;-999;    3.2;    0.3;   -0.4;-999;   3.4;   4;     -999;   0;eor
      142;20160205;   1;    3.2;   7.2;  -999;    -999;   93.08;-999;    7.4;   -0.3;   -1.8;-999;   0.0;   4;     -999;   0;eor
      142;20160206;   1;    3.8;   7.1;  -999;    -999;   88.71;-999;   10.9;   -1.6;   -3.3;-999;   0.0;   0;     -999;   0;eor
      142;20160207;   1;    3.8;   6.9;  -999;    -999;   85.83;-999;   10.0;   -1.7;   -3.4;-999;   0.2;   4;     -999;   0;eor
      142;20160208;   1;    6.5;   6.9;  -999;    -999;   71.96;-999;   12.8;    2.0;   -0.7;-999;   2.9;   4;     -999;   0;eor
