STATIONS_ID; MESS_DATUM; QUALITAETS_NIVEAU; LUFTTEMPERATUR;DAMPFDRUCK;BEDECKUNGSGRAD;LUFTDRUCK_STATIONSHOEHE;REL_FEUCHTE; WINDGESCHWINDIGKEIT; LUFTTEMPERATUR_MAXIMUM;LUFTTEMPERATUR_MINIMUM;LUFTTEMP_AM_ERDB_MINIMUM; WINDSPITZE_MAXIMUM; NIEDERSCHLAGSHOEHE;NIEDERSCHLAGSHOEHE_IND;SONNENSCHEINDAUER; SCHNEEHOEHE;eor
      125;20140808;   3;   18.1;  15.2;   2.7;  928.33;   75.29;   1.7;   -999;   -999;   10.0;   5.7;   0.0;   4;     -999;   0;eor
      125;20140809;   3;   18.3;  16.4;  -999;  928.70;   78.50;   3.5;   -999;   -999;   15.0;  12.3;   0.5;   4;     -999;-999;eor
      125;20140810;   3;   20.1;  16.6;  -999;  926.51;   72.50;   2.4;   -999;   -999;   11.0;  15.4;   4.0;   4;     -999;-999;eor
      125;20140811;   3;   15.2;  16.0;   7.7;  929.37;   91.38;   3.3;   -999;   -999;   14.0;  14.4;   9.7;   4;     -999;   0;eor
      125;20140812;   3;   15.4;  12.5;   6.7;  929.05;   72.75;   2.5;   -999;   -999;   12.0;   8.7;   0.0;   4;     -999;   0;eor
      125;20140813;   3;   13.1;  13.8;   7.3;  922.73;   91.25;   3.6;   -999;   -999;   12.0;  19.0;  13.7;   4;     -999;   0;eor
      125;20140814;   3;   12.7;  11.0;   5.7;  927.92;   75.75;   3.9;   -999;   -999;    8.0;  13.4;   0.0;   0;     -999;   0;eor
      125;20140815;   3;   11.7;  11.0;  -999;  928.85;   80.50;   4.8;   -999;   -999;    8.0;  17.5;   4.1;   4;     -999;-999;eor
      125;20140816;   3;   10.7;  11.3;  -999;  933.01;   88.25;   5.0;   -999;   -999;    8.0;  13.9;   5.4;   4;     -999;-999;eor
      125;20140817;   3;   13.1;  10.6;  -999;  930.33;   72.83;   3.5;   -999;   -999;    5.0;  10.3;   0.0;   0;     -999;-999;eor
      125;20140818;   3;   14.4;  12.4;   5.7;  926.05;   75.63;   3.7;   -999;   -999;    7.0;  12.9;   3.9;   4;     -999;   0;eor
      125;20140819;   3;   14.0;  12.7;   6.7;  926.95;   80.46;   3.1;   -999;   -999;   10.0;  11.3;   0.4;   4;     -999;   0;eor
      125;20140820;   3;   12.4;  12.2;   8.0;  929.55;   84.42;   1.6;   -999;   -999;   10.0;   4.6;   1.2;   4;     -999;   0;eor
      125;20140821;   3;   13.0;  11.3;   6.0;  930.34;   77.25;   2.1;   -999;   -999;    9.0;  11.3;   0.0;   0;     -999;   0;eor
      125;20140822;   3;   13.8;  11.5;   6.0;  929.13;   74.46;   2.6;   -999;   -999;    9.0;   8.2;   0.0;   0;     -999;   0;eor
      125;20140823;   3;   13.3;  11.5;  -999;  929.16;   75.88;   3.1;   -999;   -999;   11.0;  11.3;   3.6;   4;     -999;-999;eor
      125;20140824;   3;   10.4;   9.9;  -999;  932.51;   79.83;   4.0;   -999;   -999;    8.0;  11.8;   1.8;   4;     -999;-999;eor
      125;20140825;   3;   10.8;   9.7;   7.3;  929.97;   76.88;   1.9;   -999;   -999;    2.0;   9.3;   4.8;   4;     -999;   0;eor
      125;20140826;   3;   14.5;  13.9;   7.0;  922.77;   84.29;   5.9;   -999;   -999;   11.0;  19.0;   5.4;   4;     -999;   0;eor
      125;20140827;   3;   12.8;  13.8;   7.7;  928.67;   93.63;   3.8;   -999;   -999;   11.0;  14.4;   6.8;   4;     -999;   0;eor
      125;20140828;   3;   13.9;  13.1;   4.7;  931.78;   83.79;   1.4;   -999;   -999;    8.0;   4.6;   0.0;   0;     -999;   0;eor
      125;20140829;   3;   16.3;  15.6;   6.7;  931.72;   84.92;   2.0;   -999;   -999;   10.0;   8.2;   3.3;   4;     -999;   0;eor
      125;20140830;   3;   16.1;  15.7;  -999;  932.40;   86.33;   1.8;   -999;   -999;   14.0;   5.1;   0.0;   0;     -999;-999;eor
      125;20140831;   3;   12.0;  13.0;  -999;  929.31;   92.71;   3.6;   -999;   -999;    9.0;  15.4;  20.7;   4;     -999;-999;eor
      125;20140901;   3;   10.4;  11.5;   7.3;  932.10;   91.63;   2.3;   -999;   -999;    9.0;   7.2;   2.5;   4;     -999;   0;eor
      125;20140902;   3;   11.2;  12.0;   7.0;  933.25;   90.42;   1.3;   -999;   -999;    9.0;   4.1;   1.8;   4;     -999;   0;eor
      125;20140903;   3;   12.3;  13.2;   7.7;  931.58;   91.96;   4.2;   -999;   -999;   10.0;  11.3;   0.2;   4;     -999;   0;eor
      125;20140904;   3;   14.4;  15.0;   7.3;  930.08;   91.17;   2.6;   -999;   -999;   12.0;   8.7;   0.0;   4;     -999;   0;eor
      125;20140905;   3;   15.7;  15.2;   5.3;  928.91;   86.04;   2.2;   -999;   -999;    9.0;   9.3;   0.0;   0;     -999;   0;eor
      125;20140906;   3;   16.5;  15.9;  -999;  927.73;   85.54;   1.4;   -999;   -999;   11.0;   6.2;   0.9;   4;     -999;-999;eor
      125;20140907;   3;   16.4;  15.4;  -999;  928.48;   84.21;   1.7;   -999;   -999;   10.0;   7.2;   2.2;   4;     -999;-999;eor
      125;20140908;   3;   17.2;  15.1;   4.7;  930.04;   79.33;   1.7;   -999;   -999;    9.0;   8.7;   0.0;   0;     -999;   0;eor
      125;20140909;   3;   15.6;  16.1;   6.3;  930.70;   90.83;   1.5;   -999;   -999;   10.0;   9.3;   5.8;   4;     -999;   0;eor
      125;20140910;   3;   13.9;  13.8;   7.0;  929.06;   86.79;   1.6;   -999;   -999;   12.0;   6.7;   0.0;   4;     -999;   0;eor
      125;20140911;   3;   11.1;  11.4;   7.0;  927.92;   86.83;   2.0;   -999;   -999;    8.0;   6.7;   0.0;   4;     -999;   0;eor
      125;20140912;   3;    9.3;  10.9;   8.0;  928.86;   93.17;   4.7;   -999;   -999;    8.0;  12.3;  10.0;   4;     -999;   0;eor
      125;20140913;   3;   11.9;  12.4;  -999;  932.55;   89.50;   2.7;   -999;   -999;    9.0;   8.7;   0.7;   4;     -999;-999;eor
      125;20140914;   3;   13.7;  14.2;  -999;  931.10;   90.79;   2.1;   -999;   -999;   11.0;   7.7;   0.0;   0;     -999;-999;eor
      125;20140915;   3;   13.8;  14.1;   4.7;  929.58;   89.83;   2.1;   -999;   -999;   12.0;   7.7;   0.0;   0;     -999;   0;eor
      125;20140916;   3;   13.9;  13.9;   1.3;  929.06;   88.13;   2.0;   -999;   -999;    7.0;   6.7;   0.0;   0;     -999;   0;eor
      125;20140917;   3;   15.0;  14.9;   2.3;  927.00;   88.04;   1.9;   -999;   -999;    9.0;   6.7;   0.0;   0;     -999;   0;eor
      125;20140918;   3;   16.0;  14.6;   3.7;  927.04;   82.46;   1.9;   -999;   -999;    9.0;   9.8;  14.5;   4;     -999;   0;eor
      125;20140919;   3;   16.0;  15.3;   6.3;  928.88;   85.00;   1.6;   -999;   -999;    9.0;   4.6;   0.0;   0;     -999;   0;eor
      125;20140920;   3;   15.4;  15.2;  -999;  930.03;   87.46;   2.6;   -999;   -999;   11.0;  12.3;   3.5;   4;     -999;-999;eor
      125;20140921;   3;   13.9;  13.7;  -999;  929.20;   87.08;   5.1;   -999;   -999;   10.0;  14.9;  16.4;   4;     -999;-999;eor
      125;20140922;   3;    8.8;   9.8;   7.0;  931.35;   85.67;   4.8;   -999;   -999;    7.0;  14.4;   0.1;   4;     -999;   0;eor
      125;20140923;   3;    7.3;   8.0;   2.3;  932.31;   79.63;   2.3;   -999;   -999;    1.0;   7.7;   0.0;   0;     -999;   0;eor
      125;20140924;   3;    9.9;   9.8;   4.7;  927.37;   81.08;   3.0;   -999;   -999;    1.0;  11.3;  10.1;   4;     -999;   0;eor
      125;20140925;   3;    9.0;  10.4;   7.0;  932.93;   90.38;   3.9;   -999;   -999;    7.0;  10.3;   0.6;   4;     -999;   0;eor
      125;20140926;   3;   10.2;  10.4;   7.0;  937.65;   84.04;   2.2;   -999;   -999;    4.0;   7.2;   0.0;   0;     -999;   0;eor
      125;20140927;   3;   12.2;  12.4;  -999;  939.74;   87.33;   2.5;   -999;   -999;    6.0;  10.3;   0.0;   0;     -999;-999;eor
      125;20140928;   3;   13.8;  14.3;  -999;  938.46;   91.17;   1.9;   -999;   -999;   10.0;   5.7;   0.0;   0;     -999;-999;eor
      125;20140929;   3;   14.2;  13.7;   2.7;  938.32;   85.71;   1.5;   -999;   -999;    8.0;   5.7;   0.0;   0;     -999;   0;eor
      125;20140930;   3;   13.9;  14.7;   7.0;  938.79;   92.58;   1.3;   -999;   -999;    9.0;   7.7;  19.9;   4;     -999;   0;eor
      125;20141001;   3;   13.3;  14.7;   7.3;  939.01;   96.08;   1.4;   -999;   -999;   13.0;   4.6;  12.4;   4;     -999;   0;eor
      125;20141002;   3;   11.7;  12.9;   3.3;  940.02;   94.00;   2.2;   -999;   -999;    9.0;   8.7;   0.0;   0;     -999;   0;eor
      125;20141003;   3;   10.6;  11.6;  -999;  936.89;   91.63;   2.4;   -999;   -999;    7.0;   8.7;   0.0;   0;     -999;-999;eor
      125;20141004;   3;    9.0;  11.2;  -999;  931.34;   97.50;   1.4;   -999;   -999;    5.0;   4.6;   0.0;   0;     -999;-999;eor
      125;20141005;   3;   11.1;  12.1;  -999;  929.02;   91.91;   2.0;   -999;   -999;    9.0;   6.2;   0.0;   4;     -999;-999;eor
      125;20141006;   3;   11.5;  12.4;   6.7;  926.19;   91.54;   1.8;   -999;   -999;    9.0;   6.2;   0.0;   4;     -999;   0;eor
      125;20141007;   3;   12.7;  11.4;   7.0;  924.92;   80.54;   1.5;   -999;   -999;    5.0;   6.2;   0.0;   0;     -999;   0;eor
      125;20141008;   3;   13.6;  13.4;   7.0;  926.33;   86.83;   1.3;   -999;   -999;    9.0;   4.1;   0.0;   0;     -999;   0;eor
      125;20141009;   3;   15.4;  11.9;   2.0;  925.49;   71.42;   1.8;   -999;   -999;    5.0;   7.2;   0.0;   0;     -999;   0;eor
      125;20141010;   3;   14.0;  13.4;   5.3;  928.90;   84.38;   2.3;   -999;   -999;    8.0;   8.2;   0.0;   0;     -999;   0;eor
      125;20141011;   3;   13.2;  13.3;  -999;  928.45;   88.29;   1.8;   -999;   -999;    8.0;   7.2;   0.0;   4;     -999;-999;eor
      125;20141012;   3;   12.0;  12.8;  -999;  926.49;   91.25;   2.1;   -999;   -999;    6.0;   7.2;   0.1;   4;     -999;-999;eor
      125;20141013;   3;   12.4;  13.4;   7.3;  923.80;   92.83;   2.0;   -999;   -999;    8.0;   6.7;   6.9;   4;     -999;   0;eor
      125;20141014;   3;   11.9;  11.7;   2.7;  924.48;   85.25;   2.0;   -999;   -999;    7.0;  10.8;   2.1;   4;     -999;   0;eor
      125;20141015;   3;   12.6;  12.6;   7.3;  923.27;   87.50;   1.8;   -999;   -999;    7.0;   4.6;   1.3;   4;     -999;   0;eor
      125;20141016;   3;   13.4;  12.5;   7.3;  924.56;   82.21;   3.6;   -999;   -999;   11.0;  12.3;   1.6;   4;     -999;   0;eor
      125;20141017;   3;   11.6;  12.6;   6.0;  929.08;   91.88;   3.3;   -999;   -999;    9.0;  19.5;   1.0;   4;     -999;   0;eor
      125;20141018;   3;   11.1;  11.3;  -999;  935.64;   86.38;   1.6;   -999;   -999;    4.0;   5.7;   0.0;   0;     -999;-999;eor
      125;20141019;   3;   13.9;  11.0;  -999;  935.63;   72.13;   3.1;   -999;   -999;    5.0;  11.3;   0.0;   0;     -999;-999;eor
      125;20141020;   3;   15.9;  13.0;   7.0;  932.52;   71.92;   3.7;   -999;   -999;   10.0;  12.3;  13.0;   4;     -999;   0;eor
      125;20141021;   3;   11.6;  12.2;   7.0;  925.38;   88.29;   7.3;   -999;   -999;   11.0;  26.2;   8.1;   4;     -999;   0;eor
      125;20141022;   3;    2.7;   6.7;   7.3;  928.00;   91.33;   9.5;   -999;   -999;    1.0;  19.5;  40.3;   4;     -999;   0;eor
      125;20141023;   3;    3.5;   7.6;   8.0;  934.06;   97.00;   6.2;   -999;   -999;    0.0;  17.5;  13.8;   4;     -999;   0;eor
      125;20141024;   3;    4.7;   7.9;   5.0;  933.62;   93.29;   2.1;   -999;   -999;    2.0;   9.3;   9.6;   4;     -999;   0;eor
      125;20141025;   3;    4.8;   8.4;  -999;  933.38;   95.08;   1.3;   -999;   -999;   -2.0;   3.1;   3.1;   4;     -999;-999;eor
      125;20141026;   3;    8.2;   9.7;  -999;  937.72;   90.29;   1.6;   -999;   -999;    5.0;   5.1;   0.0;   0;     -999;-999;eor
      125;20141027;   3;    4.9;   8.4;   8.0;  936.99;   96.63;   2.8;   -999;   -999;    3.0;   6.7;   0.0;   4;     -999;   0;eor
      125;20141028;   3;    4.0;   7.6;   5.0;  932.42;   93.21;   1.6;   -999;   -999;    2.0;   4.6;   0.0;   4;     -999;   0;eor
      125;20141029;   3;    6.8;   8.4;   3.0;  931.17;   85.88;   3.4;   -999;   -999;   -1.0;  13.9;   0.3;   4;     -999;   0;eor
      125;20141030;   3;    6.0;   8.5;   6.7;  936.69;   90.13;   1.4;   -999;   -999;    0.0;   3.6;   0.7;   4;     -999;   0;eor
      125;20141031;   3;    7.4;   9.3;   6.3;  938.15;   89.67;   1.3;   -999;   -999;   -999;   3.6;  -999;-999;     -999;   0;eor
      125;20141101;   3;   -999;  -999;  -999;    -999;    -999;   1.7;   -999;   -999;   -999;   4.1;  -999;-999;     -999;-999;eor
      125;20141102;-999;   -999;  -999;  -999;    -999;    -999;   1.5;   -999;   -999;   -999;   3.6;   0.0;   0;     -999;-999;eor
      125;20141103;   3;    8.4;  -999;   3.0;    -999;    -999;   1.8;   -999;   -999;    1.0;   5.1;   0.0;   0;     -999;   0;eor
      125;20141104;   3;   12.8;   6.8;   5.0;  911.02;   48.25;   2.6;   -999;   -999;    2.0;  10.8;   0.0;   0;     -999;   0;eor
      125;20141105;   3;    5.4;   8.4;   8.0;  915.42;   92.83;   2.8;   -999;   -999;    2.0;   9.3;   9.2;   4;     -999;   0;eor
      125;20141106;   3;    1.9;   6.8;   8.0;  924.68;   97.29;   1.6;   -999;   -999;    0.0;   3.6;   2.0;   4;     -999;   2;eor
      125;20141107;   3;    4.9;   7.7;   6.3;  923.45;   89.08;   2.0;   -999;   -999;    2.0;   5.7;   0.0;   0;     -999;   0;eor
      125;20141108;   3;    6.9;   8.0;  -999;  926.13;   81.42;   2.6;   -999;   -999;    4.0;   9.8;   0.0;   0;     -999;-999;eor
      125;20141109;   3;    5.0;   7.9;  -999;  922.32;   91.42;   2.0;   -999;   -999;   -1.0;   5.7;   0.0;   0;     -999;-999;eor
      125;20141110;   3;    5.2;   8.3;   6.0;  924.99;   94.00;   1.6;   -999;   -999;    1.0;   6.7;   0.0;   0;     -999;   0;eor
      125;20141111;   3;    6.8;   9.0;   7.3;  920.56;   90.92;   1.4;   -999;   -999;    2.0;   6.7;   0.0;   0;     -999;   0;eor
      125;20141112;   3;    8.0;   9.1;   7.0;  917.53;   84.71;   2.2;   -999;   -999;    3.0;   7.7;   0.4;   4;     -999;   0;eor
      125;20141113;   3;    7.6;  10.0;   8.0;  924.49;   95.88;   2.4;   -999;   -999;    5.0;   5.1;   0.1;   4;     -999;   0;eor
      125;20141114;   3;    5.4;   8.9;   7.7;  922.65;   98.88;   1.6;   -999;   -999;    5.0;   3.6;   0.0;   0;     -999;   0;eor
      125;20141115;   3;    5.7;   8.9;  -999;  916.15;   96.63;   2.0;   -999;   -999;    2.0;   8.7;   0.0;   0;     -999;-999;eor
      125;20141116;   3;    5.4;   7.6;  -999;  916.56;   85.13;   4.9;   -999;   -999;    1.0;  17.5;   0.0;   0;     -999;-999;eor
      125;20141117;   3;    1.4;   6.7;   6.7;  917.50;   98.46;   1.9;   -999;   -999;   -3.0;   5.7;  10.8;   4;     -999;   0;eor
      125;20141118;   3;    2.9;   7.1;   8.0;  919.80;   94.42;   5.1;   -999;   -999;    0.0;  14.9;   6.3;   4;     -999;   1;eor
      125;20141119;   3;    4.0;   7.6;   8.0;  930.46;   93.63;   4.0;   -999;   -999;    3.0;  10.8;   2.1;   4;     -999;   0;eor
      125;20141120;   3;    1.7;   6.7;   6.7;  935.66;   96.13;   2.0;   -999;   -999;   -3.0;   6.2;   0.0;   0;     -999;   0;eor
      125;20141121;   3;    4.2;   7.7;   7.3;  933.38;   93.42;   1.5;   -999;   -999;    2.0;   4.1;   0.2;   4;     -999;   0;eor
      125;20141122;   3;    6.5;   8.5;  -999;  933.10;   88.33;   1.3;   -999;   -999;    3.0;   4.6;   0.0;   0;     -999;-999;eor
      125;20141123;   3;    5.0;   7.9;  -999;  933.91;   90.29;   1.3;   -999;   -999;   -1.0;   3.6;   0.0;   0;     -999;-999;eor
      125;20141124;   3;    7.7;   9.3;   4.3;  934.45;   88.50;   1.7;   -999;   -999;    1.0;   6.7;   0.0;   4;     -999;   0;eor
      125;20141125;   3;    4.5;   8.4;   8.0;  932.90;   99.13;   3.8;   -999;   -999;    3.0;   8.2;   0.0;   0;     -999;   0;eor
      125;20141126;   3;    2.8;   7.4;   8.0;  927.44;   99.17;   1.7;   -999;   -999;    3.0;   4.1;   0.0;   0;     -999;   0;eor
      125;20141127;   3;    2.4;   7.2;   8.0;  922.12;   99.08;   1.3;   -999;   -999;    2.0;   3.6;   0.0;   0;     -999;   0;eor
      125;20141128;   3;    0.7;   6.4;   8.0;  922.28;   99.29;   2.5;   -999;   -999;    1.0;   5.7;   0.0;   0;     -999;   0;eor
      125;20141129;   3;    0.1;   6.1;  -999;  924.81;   99.21;   2.4;   -999;   -999;    0.0;   5.1;   0.0;   0;     -999;-999;eor
      125;20141130;   3;    0.0;   6.1;  -999;  922.78;   99.29;   2.0;   -999;   -999;    0.0;   4.1;   0.5;   4;     -999;-999;eor
      125;20141201;   3;    0.3;   6.2;   8.0;  917.43;   99.25;   3.1;   -999;   -999;    1.0;   7.2;   0.8;   4;     -999;   0;eor
      125;20141202;   3;    1.3;   6.6;   8.0;  920.65;   98.33;   1.3;   -999;   -999;    0.0;   3.6;   0.7;   4;     -999;   0;eor
      125;20141203;   3;    0.8;   6.4;   8.0;  925.41;   99.33;   3.1;   -999;   -999;    1.0;   6.2;   0.0;   4;     -999;   0;eor
      125;20141204;   3;    1.1;   6.5;   8.0;  925.19;   98.08;   1.7;   -999;   -999;    1.0;   4.1;   0.0;   0;     -999;   0;eor
      125;20141205;   3;    0.1;   6.1;   8.0;  928.05;   99.13;   1.1;   -999;   -999;   -1.0;   4.1;   0.8;   4;     -999;   0;eor
      125;20141206;   3;    0.3;   6.1;  -999;  930.79;   98.13;   1.2;   -999;   -999;    0.0;   3.1;   1.8;   4;     -999;-999;eor
      125;20141207;   3;    1.0;   6.4;  -999;  931.81;   96.96;   2.2;   -999;   -999;    0.0;   8.2;   0.3;   4;     -999;-999;eor
      125;20141208;   3;    1.1;   6.1;   8.0;  930.59;   92.71;   3.6;   -999;   -999;    0.0;  11.8;   0.6;   4;     -999;   0;eor
      125;20141209;   3;   -0.7;   5.6;   7.3;  935.61;   95.88;   1.1;   -999;   -999;   -2.0;   4.1;   2.0;   4;     -999;   0;eor
      125;20141210;   3;   -0.8;   4.9;   6.0;  934.54;   84.38;   3.8;   -999;   -999;   -8.0;  12.3;   1.4;   4;     -999;   1;eor
      125;20141211;   3;    3.2;   6.3;   8.0;  929.17;   81.33;   9.9;   -999;   -999;    1.0;  23.1;   0.0;   4;     -999;   0;eor
      125;20141212;   3;    4.3;   5.2;   5.0;  924.69;   63.13;   4.8;   -999;   -999;    1.0;  16.5;   0.0;   4;     -999;   0;eor
      125;20141213;   3;    4.0;   5.5;  -999;  925.41;   68.46;   2.1;   -999;   -999;   -2.0;   8.2;   0.0;   0;     -999;-999;eor
      125;20141214;   3;    5.1;   6.5;  -999;  929.16;   74.50;   1.4;   -999;   -999;   -1.0;   3.6;   0.0;   4;     -999;-999;eor
      125;20141215;   3;    6.1;   7.7;   7.7;  929.20;   81.50;   2.2;   -999;   -999;    3.0;   9.8;   1.8;   4;     -999;   0;eor
      125;20141216;   3;    4.7;   8.0;   8.0;  925.58;   93.67;   2.3;   -999;   -999;    3.0;   8.7;   4.1;   4;     -999;   0;eor
      125;20141217;   3;    2.6;   6.8;   7.3;  925.23;   92.58;   4.9;   -999;   -999;   -1.0;  16.5;   5.9;   4;     -999;   0;eor
      125;20141218;   3;    7.6;   9.3;   6.3;  929.99;   88.83;   8.9;   -999;   -999;    3.0;  16.5;   5.4;   4;     -999;   0;eor
      125;20141219;   3;    9.1;   8.6;   4.0;  931.57;   75.29;  11.7;   -999;   -999;    7.0;  22.1;  12.9;   4;     -999;   0;eor
      125;20141220;   3;    4.2;   7.1;  -999;  935.53;   84.67;   9.3;   -999;   -999;    2.0;  20.6;   0.7;   4;     -999;-999;eor
      125;20141221;   3;    1.7;   5.8;  -999;  941.83;   84.42;   6.1;   -999;   -999;   -1.0;  14.9;   0.0;   0;     -999;-999;eor
      125;20141222;   3;    5.2;   4.8;   5.0;  937.87;   57.71;   8.5;   -999;   -999;   -2.0;  18.5;   0.0;   0;     -999;   0;eor
      125;20141223;   3;    9.1;   3.4;   1.7;  935.51;   30.04;   7.3;   -999;   -999;    2.0;  14.9;   0.0;   0;     -999;   0;eor
      125;20141224;   3;    5.0;   4.9;  -999;  934.21;   57.25;   6.5;   -999;   -999;    1.0;  17.0;   0.2;   4;     -999;-999;eor
      125;20141225;   3;    2.5;   6.2;  -999;  935.67;   84.79;   6.5;   -999;   -999;    0.0;  20.1;   5.4;   4;     -999;-999;eor
      125;20141226;   3;   -2.1;   4.9;  -999;  937.20;   92.46;   3.6;   -999;   -999;   -9.0;  10.8;   3.7;   4;     -999;-999;eor
      125;20141227;   3;   -3.4;   4.6;  -999;  916.98;   94.33;   3.1;   -999;   -999;  -11.0;  12.9;   3.8;   4;     -999;-999;eor
      125;20141228;   3;   -4.9;   4.0;  -999;  923.30;   90.88;   4.8;   -999;   -999;   -5.0;  12.3;   1.2;   4;     -999;-999;eor
      125;20141229;   3;   -8.3;   2.9;  -999;  938.95;   86.79;   5.6;   -999;   -999;  -14.0;  18.5;   2.6;   4;     -999;-999;eor
      125;20141230;   3;   -4.3;   4.2;  -999;  942.20;   94.21;   4.9;   -999;   -999;   -5.0;  11.3;   7.9;   4;     -999;-999;eor
      125;20141231;   3;   -3.3;   4.5;  -999;  943.35;   93.33;   1.9;   -999;   -999;   -2.0;   6.2;   0.1;   4;     -999;-999;eor
      125;20150101;   3;   -7.8;   3.3;  -999;  944.59;   93.29;   1.2;   -999;   -999;   -3.0;   4.6;   0.0;   4;     -999;-999;eor
      125;20150102;   3;    1.3;   5.8;  -999;  942.13;   85.54;   7.6;   -999;   -999;   -4.0;  20.1;   3.9;   4;     -999;-999;eor
      125;20150103;   3;    3.0;   7.1;  -999;  935.95;   93.13;   7.7;   -999;   -999;    0.0;  26.2;  18.1;   4;     -999;-999;eor
      125;20150104;   3;   -0.4;   5.3;  -999;  940.48;   88.50;   5.4;   -999;   -999;   -1.0;  15.9;   0.7;   4;     -999;-999;eor
      125;20150105;   3;   -999;  -999;  -999;    -999;    -999;   2.8;   -999;   -999;   -999;   7.2;  -999;-999;     -999;-999;eor
      125;20150106;   3;   -0.8;  -999;  -999;    -999;    -999;   1.3;   -999;   -999;   -7.0;   3.6;   0.0;   0;     -999;-999;eor
      125;20150107;   3;    1.4;   5.3;   7.3;  939.22;   78.54;   3.8;   -999;   -999;   -5.0;  12.3;   0.0;   0;     -999;   0;eor
      125;20150108;   3;    4.4;   6.0;   7.0;  939.64;   71.75;   8.0;   -999;   -999;   -4.0;  23.7;   0.1;   4;     -999;   0;eor
      125;20150109;   3;    6.1;   7.3;   7.3;  937.86;   77.00;  13.4;   -999;   -999;    3.0;  28.8;   5.3;   4;     -999;   0;eor
      125;20150110;   3;   11.5;  10.0;  -999;  930.78;   73.96;  16.0;   -999;   -999;    6.0;  28.8;   8.9;   4;     -999;-999;eor
      125;20150111;   3;    1.7;   6.3;  -999;  932.02;   90.29;  10.7;   -999;   -999;   -2.0;  21.6;   6.1;   4;     -999;-999;eor
      125;20150112;   3;    2.7;   4.3;   6.7;  936.03;   60.92;   8.7;   -999;   -999;   -2.0;  18.0;   0.0;   0;     -999;   4;eor
      125;20150113;   3;    4.8;   3.5;   1.0;  929.76;   40.92;   3.3;   -999;   -999;   -4.0;   9.8;   0.0;   0;     -999;   2;eor
      125;20150114;   3;    3.5;   6.1;   8.0;  928.53;   78.50;   7.6;   -999;   -999;   -2.0;  19.0;   6.0;   4;     -999;   0;eor
      125;20150115;   3;    1.2;   5.4;   6.7;  924.81;   82.38;   1.3;   -999;   -999;   -3.0;   3.6;   0.0;   0;     -999;   0;eor
      125;20150116;   3;    2.3;   5.7;   6.0;  919.63;   79.21;   1.5;   -999;   -999;   -4.0;   5.7;   1.5;   4;     -999;   0;eor
      125;20150117;   3;    0.3;   6.1;  -999;  925.25;   96.92;   1.9;   -999;   -999;    0.0;   9.3;  13.8;   4;     -999;-999;eor
      125;20150118;   3;   -1.1;   5.4;  -999;  927.02;   95.92;   1.2;   -999;   -999;   -3.0;   4.1;   0.0;   0;     -999;-999;eor
      125;20150119;   3;   -3.9;   4.3;   6.0;  922.55;   94.27;   1.1;   -999;   -999;   -7.0;   2.6;   0.0;   0;     -999;  10;eor
      125;20150120;   3;   -3.3;   4.6;   7.3;  921.34;   95.13;   1.3;   -999;   -999;  -10.0;   3.1;   0.0;   4;     -999;   9;eor
      125;20150121;   3;   -2.5;   4.8;   8.0;  920.73;   93.79;   4.1;   -999;   -999;   -3.0;   8.7;   0.0;   0;     -999;   8;eor
      125;20150122;   3;   -2.5;   5.0;   8.0;  922.54;   97.96;   2.1;   -999;   -999;   -3.0;   5.7;   0.0;   4;     -999;   7;eor
      125;20150123;   3;   -2.0;   5.0;   8.0;  930.34;   94.96;   2.0;   -999;   -999;   -3.0;   5.1;   0.1;   4;     -999;   7;eor
      125;20150124;   3;   -1.6;   5.0;  -999;  931.12;   92.04;   2.9;   -999;   -999;   -2.0;   9.3;   1.6;   4;     -999;-999;eor
      125;20150125;   3;   -2.6;   4.5;  -999;  936.79;   88.88;   3.2;   -999;   -999;   -5.0;   8.2;   0.6;   4;     -999;-999;eor
      125;20150126;   3;   -2.2;   4.3;   5.7;  934.20;   82.83;   3.3;   -999;   -999;   -6.0;  15.4;   5.2;   4;     -999;   9;eor
      125;20150127;   3;   -0.9;   5.2;   8.0;  931.02;   90.83;   6.7;   -999;   -999;   -2.0;  14.9;   2.3;   4;     -999;  17;eor
      125;20150128;   3;   -1.3;   4.7;   6.3;  925.83;   84.33;   4.7;   -999;   -999;   -9.0;  19.5;   4.5;   4;     -999;  22;eor
      125;20150129;   3;   -0.6;   5.3;   7.3;  906.51;   89.13;   6.2;   -999;   -999;   -5.0;  18.0;   1.2;   4;     -999;  25;eor
      125;20150130;   3;   -2.1;   4.4;   7.3;  892.78;   84.25;   7.3;   -999;   -999;   -4.0;  20.1;   0.3;   4;     -999;  24;eor
      125;20150131;   3;   -1.7;   4.3;  -999;  898.09;   79.58;   4.8;   -999;   -999;   -7.0;  11.8;   0.0;   0;     -999;-999;eor
      125;20150201;   3;   -2.6;   4.3;  -999;  904.81;   84.71;   5.1;   -999;   -999;  -10.0;  11.8;   0.9;   4;     -999;-999;eor
      125;20150202;   3;   -2.6;   4.6;   8.0;  912.26;   90.00;   6.0;   -999;   -999;   -3.0;  12.9;   9.4;   4;     -999;  28;eor
      125;20150203;   3;   -6.2;   3.5;   5.3;  914.18;   91.21;   2.3;   -999;   -999;  -14.0;   7.7;   0.0;   4;     -999;  38;eor
      125;20150204;   3;   -5.7;   3.6;   4.3;  919.56;   89.67;   3.7;   -999;   -999;  -14.0;   8.7;   0.0;   0;     -999;  30;eor
      125;20150205;   3;   -5.4;   3.7;   8.0;  922.61;   89.42;   6.5;   -999;   -999;   -6.0;  15.4;   0.0;   4;     -999;  30;eor
      125;20150206;   3;   -5.5;   3.5;   8.0;  926.40;   85.21;   9.5;   -999;   -999;   -6.0;  18.5;   0.0;   0;     -999;  29;eor
      125;20150207;   3;   -7.4;   3.0;  -999;  933.72;   83.83;   4.9;   -999;   -999;  -11.0;  11.8;   0.1;   4;     -999;-999;eor
      125;20150208;   3;   -5.3;   3.5;  -999;  934.51;   84.17;   5.2;   -999;   -999;  -14.0;  11.8;   1.5;   4;     -999;-999;eor
      125;20150209;   3;   -3.5;   3.5;   8.0;  938.60;   75.29;   6.2;   -999;   -999;  -12.0;  14.4;   0.0;   0;     -999;  28;eor
      125;20150210;   3;   -2.6;   4.3;   1.0;  938.86;   84.13;   2.0;   -999;   -999;  -10.0;   6.2;   0.0;   0;     -999;  27;eor
      125;20150211;   3;   -4.6;   4.2;   5.3;  935.63;   96.17;   1.1;   -999;   -999;  -10.0;   4.1;   0.0;   0;     -999;  16;eor
      125;20150212;   3;   -4.9;   3.9;   0.3;  933.28;   90.17;   1.1;   -999;   -999;  -13.0;   3.1;   0.0;   0;     -999;  16;eor
      125;20150213;   3;   -2.6;   3.9;   0.0;  929.63;   79.42;   1.7;   -999;   -999;  -13.0;   4.6;   0.0;   0;     -999;  15;eor
      125;20150214;   3;   -3.0;   4.1;  -999;  922.82;   83.67;   1.9;   -999;   -999;   -9.0;   4.6;   0.0;   0;     -999;-999;eor
      125;20150215;   3;   -4.3;   4.3;  -999;  922.72;   96.50;   1.3;   -999;   -999;   -8.0;   4.6;   0.0;   0;     -999;-999;eor
      125;20150216;   3;   -4.2;   4.3;   3.3;  929.03;   93.71;   1.6;   -999;   -999;  -10.0;   5.1;   0.0;   0;     -999;  16;eor
      125;20150217;   3;   -4.3;   4.1;   3.0;  939.17;   92.71;   1.9;   -999;   -999;  -12.0;   5.7;   0.0;   4;     -999;  14;eor
      125;20150218;   3;   -3.7;   4.5;   8.0;  946.64;   96.88;   2.5;   -999;   -999;   -4.0;   6.2;   0.0;   4;     -999;  13;eor
      125;20150219;   3;   -3.0;   4.4;   5.0;  940.29;   89.25;   1.5;   -999;   -999;   -7.0;   4.6;   0.0;   0;     -999;  13;eor
      125;20150220;   3;    0.3;   3.4;   1.0;  929.01;   57.63;   1.8;   -999;   -999;   -8.0;   4.1;   0.0;   0;     -999;  12;eor
      125;20150221;   3;   -0.6;   4.2;  -999;  914.57;   71.38;   2.2;   -999;   -999;   -9.0;   7.2;   4.0;   4;     -999;-999;eor
      125;20150222;   3;   -0.7;   5.5;  -999;  920.03;   95.04;   1.5;   -999;   -999;   -2.0;   4.6;   2.5;   4;     -999;-999;eor
      125;20150223;   3;   -0.6;   5.5;   7.3;  915.90;   92.83;   3.1;   -999;   -999;   -9.0;  13.9;   1.4;   4;     -999;  18;eor
      125;20150224;   3;    0.5;   5.4;   7.3;  921.45;   84.58;   4.4;   -999;   -999;   -3.0;  11.8;   4.5;   4;     -999;  15;eor
      125;20150225;   3;   -0.2;   5.0;   6.7;  929.94;   83.13;   2.3;   -999;   -999;   -4.0;   6.7;   0.0;   4;     -999;  17;eor
      125;20150226;   3;   -2.6;   4.0;   0.7;  930.13;   81.29;   1.7;   -999;   -999;  -10.0;   7.2;   0.0;   0;     -999;  17;eor
      125;20150227;   3;   -2.6;   4.5;   6.0;  924.33;   87.88;   3.0;   -999;   -999;  -11.0;  11.8;   5.7;   4;     -999;  15;eor
      125;20150228;   3;   -0.7;   5.5;  -999;  930.39;   94.67;   2.1;   -999;   -999;   -6.0;   6.2;   0.1;   4;     -999;-999;eor
      125;20150301;   3;    1.8;   6.2;  -999;  923.23;   88.50;   5.4;   -999;   -999;   -9.0;  18.0;   4.3;   4;     -999;-999;eor
      125;20150302;   3;    2.5;   6.8;   6.7;  922.34;   90.63;   8.2;   -999;   -999;    0.0;  22.1;  23.0;   4;     -999;   9;eor
      125;20150303;   3;    1.8;   4.6;   4.0;  933.18;   67.08;   4.7;   -999;   -999;   -5.0;  11.8;   2.1;   4;     -999;  10;eor
      125;20150304;   3;    0.3;   5.1;   6.7;  936.20;   81.96;   4.1;   -999;   -999;   -3.0;  12.9;   0.5;   4;     -999;  11;eor
      125;20150305;   3;   -1.2;   4.7;   7.3;  943.15;   83.83;   3.6;   -999;   -999;   -3.0;  10.3;   0.3;   4;     -999;   8;eor
      125;20150306;   3;   -0.8;   3.9;   1.7;  945.72;   70.88;   1.4;   -999;   -999;   -7.0;   4.1;   0.0;   0;     -999;   7;eor
      125;20150307;   3;    0.1;   4.3;  -999;  942.66;   70.92;   1.7;   -999;   -999;   -7.0;   4.6;   0.0;   0;     -999;-999;eor
      125;20150308;   3;    2.5;   5.1;  -999;  936.97;   70.88;   2.3;   -999;   -999;   -6.0;   8.2;   0.0;   0;     -999;-999;eor
      125;20150309;   3;    3.5;   5.4;   5.0;  935.97;   70.21;   2.1;   -999;   -999;   -4.0;   5.7;   0.0;   0;     -999;   3;eor
      125;20150310;   3;    4.5;   5.2;   3.7;  936.87;   65.92;   2.2;   -999;   -999;   -5.0;   5.7;   1.0;   4;     -999;   0;eor
      125;20150311;   3;    2.7;   6.1;   5.7;  937.53;   80.79;   2.6;   -999;   -999;    0.0;   8.2;   1.4;   4;     -999;   0;eor
      125;20150312;   3;    0.4;   4.7;   4.7;  937.87;   76.42;   2.3;   -999;   -999;   -6.0;   7.7;   0.0;   4;     -999;   0;eor
      125;20150313;   3;    0.1;   4.6;   1.0;  931.77;   76.00;   3.4;   -999;   -999;   -6.0;   8.7;   0.0;   0;     -999;   0;eor
      125;20150314;   3;    0.5;   5.2;  -999;  932.18;   83.17;   3.3;   -999;   -999;   -6.0;   8.7;   0.0;   0;     -999;-999;eor
      125;20150315;   3;    2.4;   5.9;  -999;  932.17;   81.83;   3.3;   -999;   -999;   -1.0;   9.3;   0.0;   0;     -999;-999;eor
      125;20150316;   3;    4.9;   5.8;   6.7;  932.72;   68.46;   2.0;   -999;   -999;   -3.0;   7.2;   0.0;   0;     -999;   0;eor
      125;20150317;   3;    7.6;   5.9;   7.0;  934.15;   61.75;   1.6;   -999;   -999;   -2.0;   7.7;   0.0;   0;     -999;   0;eor
      125;20150318;   3;    7.8;   6.6;   3.3;  934.58;   63.58;   2.2;   -999;   -999;   -2.0;   7.7;   0.0;   0;     -999;   0;eor
      125;20150319;   3;    6.1;   5.9;   1.0;  934.70;   66.04;   2.0;   -999;   -999;   -3.0;   7.2;   0.0;   0;     -999;   0;eor
      125;20150320;   3;    4.5;   5.1;   0.7;  933.00;   64.04;   2.0;   -999;   -999;   -5.0;   7.2;   0.0;   0;     -999;   0;eor
      125;20150321;   3;    4.5;   6.4;  -999;  927.57;   77.21;   3.8;   -999;   -999;   -3.0;  11.3;  11.2;   4;     -999;-999;eor
      125;20150322;   3;    1.6;   6.7;  -999;  929.33;   97.29;   4.2;   -999;   -999;    0.0;  12.3;   0.2;   4;     -999;-999;eor
      125;20150323;   3;    2.9;   6.7;   5.7;  927.25;   89.46;   1.7;   -999;   -999;    1.0;   5.1;   0.0;   0;     -999;   0;eor
      125;20150324;   3;    6.3;   6.4;   4.3;  921.58;   76.75;   1.8;   -999;   -999;   -3.0;   8.7;   0.0;   0;     -999;   0;eor
      125;20150325;   3;    7.4;   6.8;   7.3;  915.93;   68.92;   2.6;   -999;   -999;   -1.0;  11.3;   0.0;   4;     -999;   0;eor
      125;20150326;   3;    4.3;   7.3;   8.0;  921.05;   87.13;   5.0;   -999;   -999;    4.0;  10.8;   1.8;   4;     -999;   0;eor
      125;20150327;   3;    3.5;   6.7;   6.7;  929.74;   85.33;   5.7;   -999;   -999;    2.0;  19.0;   0.6;   4;     -999;   0;eor
      125;20150328;   3;    5.8;   6.0;  -999;  932.21;   67.83;   4.8;   -999;   -999;   -1.0;  15.4;   0.2;   4;     -999;-999;eor
      125;20150329;   3;    7.9;   8.5;  -999;  922.77;   79.79;  12.9;   -999;   -999;    5.0;  25.2;   8.8;   4;     -999;-999;eor
      125;20150330;   3;    6.0;   7.6;   7.0;  919.39;   80.54;  11.6;   -999;   -999;    5.0;  24.2;   9.2;   4;     -999;   0;eor
      125;20150331;   3;    8.0;   7.9;   7.0;  919.85;   74.42;  15.9;   -999;   -999;    3.0;  38.6;   6.7;   4;     -999;   0;eor
      125;20150401;   3;    1.4;   5.2;  -999;  929.94;   76.96;  11.0;   -999;   -999;   -1.0;  24.2;   2.3;   4;     -999;   1;eor
      125;20150402;   3;    0.9;   6.0;   6.7;  928.09;   91.92;  10.2;   -999;   -999;   -1.0;  30.9;   6.7;   4;     -999;   5;eor
      125;20150403;   3;    3.1;   5.3;  -999;  931.12;   73.17;   3.1;   -999;   -999;   -3.0;   9.8;   4.5;   4;     -999;-999;eor
      125;20150404;   3;    0.4;   6.2;  -999;  924.64;   97.42;   2.4;   -999;   -999;    0.0;   9.8;   8.9;   4;     -999;-999;eor
      125;20150405;   3;    0.0;   5.1;  -999;  930.33;   83.92;   3.5;   -999;   -999;   -2.0;  10.8;   0.1;   4;     -999;-999;eor
      125;20150406;   3;   -0.5;   5.0;  -999;  936.75;   86.04;   2.9;   -999;   -999;   -6.0;  11.3;   0.9;   4;     -999;-999;eor
      125;20150407;   3;    1.2;   4.5;   2.0;  944.15;   69.75;   1.6;   -999;   -999;   -5.0;   6.2;   0.0;   0;     -999;   0;eor
      125;20150408;   3;    4.3;   4.8;   3.0;  942.50;   61.67;   2.0;   -999;   -999;   -5.0;   6.7;   0.0;   0;     -999;   0;eor
      125;20150409;   3;    7.7;   6.0;   5.0;  938.42;   61.83;   2.1;   -999;   -999;   -4.0;  11.3;   0.0;   0;     -999;   0;eor
      125;20150410;   3;   10.9;   6.4;   6.3;  934.85;   54.08;   2.3;   -999;   -999;    0.0;   8.7;   0.0;   0;     -999;   0;eor
      125;20150411;   3;   10.6;   7.4;  -999;  936.36;   59.29;   6.0;   -999;   -999;    3.0;  15.9;   0.0;   4;     -999;-999;eor
      125;20150412;   3;   11.3;   8.1;  -999;  940.92;   61.54;   2.3;   -999;   -999;    5.0;   8.2;   0.0;   0;     -999;-999;eor
      125;20150413;   3;   11.2;   8.4;   6.0;  940.79;   63.92;   4.9;   -999;   -999;    4.0;  14.9;   0.0;   0;     -999;   0;eor
      125;20150414;   3;   11.0;   7.5;   6.0;  940.36;   59.71;   4.4;   -999;   -999;    2.0;  12.9;   0.0;   0;     -999;   0;eor
      125;20150415;   3;   13.1;   6.7;   4.3;  933.58;   48.17;   2.0;   -999;   -999;    1.0;   5.7;   0.0;   0;     -999;   0;eor
      125;20150416;   3;   14.6;   7.2;   6.7;  928.35;   45.54;   4.1;   -999;   -999;    3.0;  12.3;   2.1;   4;     -999;   0;eor
      125;20150417;   3;    9.5;  10.7;   7.7;  926.60;   90.08;   4.3;   -999;   -999;    9.0;  13.4;  16.4;   4;     -999;   0;eor
      125;20150418;   3;    4.2;   5.5;  -999;  933.10;   67.21;   3.4;   -999;   -999;    2.0;   9.3;   0.0;   0;     -999;-999;eor
      125;20150419;   3;    5.5;   5.1;  -999;  931.20;   59.75;   4.7;   -999;   -999;   -4.0;  12.3;   0.0;   0;     -999;-999;eor
      125;20150420;   3;    7.0;   5.8;   1.7;  935.36;   60.17;   2.4;   -999;   -999;   -3.0;  10.8;   0.0;   0;     -999;   0;eor
      125;20150421;   3;    9.2;   6.2;   1.7;  939.34;   58.50;   1.8;   -999;   -999;   -2.0;   5.7;   0.0;   0;     -999;   0;eor
      125;20150422;   3;   10.9;   6.3;   2.0;  934.85;   51.96;   4.2;   -999;   -999;    1.0;  12.3;   0.0;   0;     -999;   0;eor
      125;20150423;   3;    4.7;   5.8;   3.3;  929.93;   69.75;   2.2;   -999;   -999;   -3.0;   8.7;   0.0;   0;     -999;   0;eor
      125;20150424;   3;    8.8;   6.1;   1.0;  927.85;   59.54;   2.7;   -999;   -999;   -4.0;  11.3;   0.0;   0;     -999;   0;eor
      125;20150425;   3;   11.1;   9.2;  -999;  925.55;   70.50;   3.0;   -999;   -999;    1.0;  12.9;   3.2;   4;     -999;-999;eor
      125;20150426;   3;   13.1;  10.6;  -999;  922.48;   72.17;   3.0;   -999;   -999;    8.0;   8.7;   0.0;   0;     -999;-999;eor
      125;20150427;   3;   13.1;  10.7;   6.0;  915.30;   73.33;   3.3;   -999;   -999;    4.0;  11.3;  16.1;   4;     -999;   0;eor
      125;20150428;   3;    5.9;   8.7;   7.7;  926.17;   91.42;   5.6;   -999;   -999;    5.0;  14.9;  24.2;   4;     -999;   0;eor
      125;20150429;   3;    6.6;   6.9;   6.0;  930.20;   73.17;   3.2;   -999;   -999;   -2.0;  11.3;   0.4;   4;     -999;   0;eor
      125;20150430;   3;    9.1;   7.9;   7.3;  928.33;   70.42;   4.3;   -999;   -999;    4.0;  13.4;   6.8;   4;     -999;   0;eor
      125;20150501;   3;    9.1;  10.6;  -999;  920.57;   92.08;   3.4;   -999;   -999;    6.0;  13.9;  27.0;   4;     -999;-999;eor
      125;20150502;   3;    9.8;  11.3;  -999;  924.03;   93.25;   2.9;   -999;   -999;    8.0;  10.8;  24.6;   4;     -999;-999;eor
      125;20150503;   3;   12.6;  13.3;  -999;  922.98;   91.04;   3.3;   -999;   -999;    9.0;  13.4;   9.4;   4;     -999;-999;eor
      125;20150504;   3;   15.4;  14.4;   7.0;  925.32;   83.21;   2.8;   -999;   -999;   12.0;  11.8;   0.0;   4;     -999;   0;eor
      125;20150505;   3;   17.0;  13.7;   7.7;  922.92;   73.08;   3.2;   -999;   -999;   11.0;  13.4;   3.7;   4;     -999;   0;eor
      125;20150506;   3;   10.9;  10.9;   5.7;  929.53;   83.92;   2.9;   -999;   -999;    9.0;  12.9;   5.4;   4;     -999;   0;eor
      125;20150507;   3;   11.6;   9.1;   4.7;  932.16;   67.54;   3.1;   -999;   -999;    6.0;   7.2;   0.0;   0;     -999;   0;eor
      125;20150508;   3;   14.2;  10.0;   5.0;  928.85;   65.17;   3.2;   -999;   -999;    5.0;  14.9;   0.3;   4;     -999;   0;eor
      125;20150509;   3;   13.0;  11.8;  -999;  934.07;   78.96;   5.5;   -999;   -999;   10.0;  12.3;   1.3;   4;     -999;-999;eor
      125;20150510;   3;   12.8;  10.0;  -999;  939.32;   69.42;   3.8;   -999;   -999;    8.0;  11.3;   0.0;   0;     -999;-999;eor
      125;20150511;   3;   14.6;   9.9;   6.0;  937.46;   63.33;   1.8;   -999;   -999;    3.0;   6.2;   0.0;   0;     -999;   0;eor
      125;20150512;   3;   18.5;  10.1;   7.0;  934.01;   51.50;   3.8;   -999;   -999;    6.0;  13.4;   0.0;   0;     -999;   0;eor
      125;20150513;   3;   17.3;  14.2;   5.7;  930.38;   72.29;   3.4;   -999;   -999;   13.0;  19.5;   0.4;   4;     -999;   0;eor
      125;20150514;   3;   14.2;  12.6;  -999;  925.08;   78.39;  -999;   -999;   -999;   12.0;  -999;   8.1;   4;     -999;-999;eor
      125;20150515;   3;    9.6;  11.5;  -999;  925.60;   95.08;   2.5;   -999;   -999;    8.0;  10.3;  12.7;   4;     -999;-999;eor
      125;20150516;   3;   12.5;  11.7;  -999;  935.11;   81.96;   2.7;   -999;   -999;    7.0;  12.3;   0.0;   0;     -999;-999;eor
      125;20150517;   3;   12.6;  11.6;  -999;  936.17;   79.83;   2.6;   -999;   -999;    8.0;   7.7;   0.0;   0;     -999;-999;eor
      125;20150518;   3;   15.0;  11.6;   3.0;  926.20;   71.33;   1.9;   -999;   -999;    4.0;   7.7;   7.2;   4;     -999;   0;eor
      125;20150519;   3;   11.2;  11.9;   8.0;  923.96;   89.00;   3.4;   -999;   -999;   10.0;  14.4;  24.8;   4;     -999;   0;eor
      125;20150520;   3;    6.1;   8.9;   8.0;  927.78;   94.00;   2.6;   -999;   -999;    5.0;   6.2;  16.3;   4;     -999;   0;eor
      125;20150521;   3;    6.1;   8.7;   8.0;  934.56;   93.21;   2.2;   -999;   -999;    5.0;   9.3;   2.5;   4;     -999;   0;eor
      125;20150522;   3;    7.6;   8.9;   8.0;  935.63;   86.13;   1.5;   -999;   -999;    5.0;   7.7;   0.0;   0;     -999;   0;eor
      125;20150523;   3;    8.3;   9.3;  -999;  931.22;   85.75;   1.8;   -999;   -999;    6.0;   5.7;   4.3;   4;     -999;-999;eor
      125;20150524;   3;    9.8;  10.0;  -999;  930.89;   83.92;   2.3;   -999;   -999;    7.0;   8.7;   0.0;   0;     -999;-999;eor
      125;20150525;   3;   11.0;  10.9;  -999;  927.87;   84.33;   2.1;   -999;   -999;    7.0;  10.8;  10.7;   4;     -999;-999;eor
      125;20150526;   3;    8.5;  10.5;   8.0;  929.61;   93.54;   2.5;   -999;   -999;    8.0;   8.7;   7.4;   4;     -999;   0;eor
      125;20150527;   3;    8.1;   8.4;   6.0;  934.42;   79.17;   2.5;   -999;   -999;    5.0;   8.2;   0.0;   0;     -999;   0;eor
      125;20150528;   3;   11.9;   7.5;   6.0;  930.55;   59.54;   3.8;   -999;   -999;    0.0;  13.4;   0.0;   0;     -999;   0;eor
      125;20150529;   3;   15.6;   9.9;   6.3;  926.60;   58.58;   2.4;   -999;   -999;    5.0;  -999;   0.1;   4;     -999;   0;eor
      125;20150530;   3;   14.3;  11.9;  -999;  928.97;   73.58;  -999;   -999;   -999;   13.0;  -999;   0.1;   4;     -999;-999;eor
      125;20150531;   3;   14.6;  11.2;  -999;  930.20;   69.67;   1.4;   -999;   -999;    6.0;   6.7;   0.0;   0;     -999;-999;eor
      125;20150601;   3;   16.4;  13.1;   5.7;  930.59;   72.67;   2.5;   -999;   -999;    8.0;  10.8;  15.6;   4;     -999;   0;eor
      125;20150602;   3;   17.8;  14.9;   4.7;  932.78;   75.71;   2.9;   -999;   -999;   12.0;  10.3;   0.0;   0;     -999;   0;eor
      125;20150603;   3;   20.1;  13.4;   2.3;  936.02;   59.46;   3.6;   -999;   -999;   11.0;  13.4;   0.0;   0;     -999;   0;eor
      125;20150604;   3;   19.2;  15.0;  -999;  937.67;   69.25;   2.8;   -999;   -999;   10.0;   9.3;   0.0;   0;     -999;-999;eor
      125;20150605;   3;   21.2;  17.2;  -999;  935.00;   70.04;   2.1;   -999;   -999;   12.0;   6.7;   0.5;   4;     -999;-999;eor
      125;20150606;   3;   22.0;  17.3;  -999;  936.53;   71.75;   3.2;   -999;   -999;   15.0;  15.9;   1.3;   4;     -999;-999;eor
      125;20150607;   3;   21.0;  16.8;  -999;  937.51;   73.04;  -999;   -999;   -999;   15.0;   9.3;   0.7;   4;     -999;-999;eor
      125;20150608;   3;   14.6;  15.1;   7.7;  934.46;   90.46;   3.2;   -999;   -999;   12.0;  11.8;   5.1;   4;     -999;   0;eor
      125;20150609;   3;   10.9;  12.5;   8.0;  934.43;   95.88;   3.7;   -999;   -999;   11.0;   7.7;   0.1;   4;     -999;   0;eor
      125;20150610;   3;   13.3;  13.7;   7.3;  934.31;   90.42;   3.7;   -999;   -999;   11.0;   7.2;   0.1;   4;     -999;   0;eor
      125;20150611;   3;   16.8;  15.5;   6.0;  931.58;   81.92;   2.1;   -999;   -999;   13.0;   7.2;   0.7;   4;     -999;   0;eor
      125;20150612;   3;   19.0;  14.9;   3.0;  926.92;   71.13;   2.4;   -999;   -999;   10.0;  25.2;   9.9;   4;     -999;   0;eor
      125;20150613;   3;   18.3;  16.2;  -999;  926.18;   78.13;   2.9;   -999;   -999;   13.0;  11.8;   2.6;   4;     -999;-999;eor
      125;20150614;   3;   16.8;  17.3;  -999;  924.25;   90.21;   3.2;   -999;   -999;   12.0;  13.4;  30.6;   4;     -999;-999;eor
      125;20150615;   3;   -999;  15.3;   8.0;  927.58;   93.25;  -999;   -999;   -999;   -999;  -999;  -999;-999;     -999;   0;eor
      125;20150616;   3;   -999;  12.9;   6.7;  931.90;   78.19;  -999;   -999;   -999;   -999;  -999;   0.1;   4;     -999;   0;eor
      125;20150617;   3;   13.2;  12.4;   6.7;  934.13;   81.63;   2.5;   -999;   -999;    9.0;   8.7;   0.0;   4;     -999;   0;eor
      125;20150618;   3;   12.7;  12.9;   7.7;  931.04;   87.83;   5.3;   -999;   -999;    8.0;  14.4;  12.2;   4;     -999;   0;eor
      125;20150619;   3;   11.7;  11.5;   7.0;  930.29;   84.92;   3.5;   -999;   -999;   10.0;  11.3;   7.0;   4;     -999;   0;eor
      125;20150620;   3;    9.1;  10.7;  -999;  931.98;   92.00;   2.9;   -999;   -999;    8.0;  11.3;  15.1;   4;     -999;-999;eor
      125;20150621;   3;   11.5;  11.4;  -999;  931.85;   84.88;   4.2;   -999;   -999;    8.0;  12.9;   0.6;   4;     -999;-999;eor
      125;20150622;   3;   14.6;  12.7;   7.3;  926.48;   77.54;   5.3;   -999;   -999;   10.0;  18.5;  22.0;   4;     -999;   0;eor
      125;20150623;   3;   11.4;  10.3;   6.3;  927.15;   77.33;   6.8;   -999;   -999;    9.0;  15.9;   0.0;   4;     -999;   0;eor
      125;20150624;   3;   13.0;  10.0;   3.0;  934.54;   68.50;   2.1;   -999;   -999;    7.0;   7.7;   0.0;   0;     -999;   0;eor
      125;20150625;   3;   14.3;  10.7;   5.3;  936.05;   68.67;   2.0;   -999;   -999;    5.0;   7.2;   0.0;   0;     -999;   0;eor
      125;20150626;   3;   17.2;  12.3;   5.3;  934.90;   65.96;   2.0;   -999;   -999;    9.0;   7.2;   0.0;   0;     -999;   0;eor
      125;20150627;   3;   15.6;  14.7;  -999;  932.57;   82.71;   2.8;   -999;   -999;   12.0;  12.3;   4.4;   4;     -999;-999;eor
      125;20150628;   3;   16.7;  13.5;  -999;  934.91;   72.33;   2.0;   -999;   -999;   10.0;   8.7;   0.0;   0;     -999;-999;eor
      125;20150629;   3;   17.8;  14.1;   6.3;  935.33;   71.50;   2.8;   -999;   -999;   10.0;  10.8;   0.0;   0;     -999;   0;eor
      125;20150630;   3;   20.0;  13.7;   2.3;  934.76;   61.46;   1.8;   -999;   -999;   10.0;   6.2;   0.0;   0;     -999;   0;eor
      125;20150701;   3;   21.3;  14.9;   0.7;  934.10;   61.58;   2.6;   -999;   -999;   12.0;   9.3;   0.0;   0;     -999;   0;eor
      125;20150702;   3;   22.7;  17.7;   1.3;  936.08;   66.50;   2.0;   -999;   -999;   14.0;   7.7;   0.0;   0;     -999;   0;eor
      125;20150703;   3;   21.5;  18.8;   3.7;  938.57;   75.04;   1.9;   -999;   -999;   15.0;   9.8;   5.0;   4;     -999;   0;eor
      125;20150704;   3;   24.2;  18.3;  -999;  936.53;   63.71;   2.3;   -999;   -999;   14.0;   9.3;   0.0;   0;     -999;-999;eor
      125;20150705;   3;   25.9;  18.0;  -999;  932.62;   57.04;   1.7;   -999;   -999;   16.0;   6.2;   5.8;   4;     -999;-999;eor
      125;20150706;   3;   22.3;  21.1;   4.7;  934.78;   78.54;   2.6;   -999;   -999;   17.0;  12.9;   1.1;   4;     -999;   0;eor
      125;20150707;   3;   25.3;  19.1;   1.7;  928.52;   63.63;   2.7;   -999;   -999;   16.0;  21.6;   1.0;   4;     -999;   0;eor
      125;20150708;   3;   16.9;  16.4;   7.0;  928.48;   83.75;   4.0;   -999;   -999;   15.0;  14.4;   2.5;   4;     -999;   0;eor
      125;20150709;   3;   14.6;  11.5;   6.3;  933.37;   69.25;   4.8;   -999;   -999;   13.0;  13.4;   0.0;   0;     -999;   0;eor
      125;20150710;   3;   15.1;  11.0;   0.7;  935.13;   66.67;   1.9;   -999;   -999;    7.0;   6.7;   0.0;   0;     -999;   0;eor
      125;20150711;   3;   19.7;  13.0;  -999;  931.77;   59.58;   4.4;   -999;   -999;    8.0;  16.5;   0.0;   0;     -999;-999;eor
      125;20150712;   3;   20.6;  13.1;  -999;  932.35;   55.38;   3.9;   -999;   -999;   12.0;  10.3;   3.1;   4;     -999;-999;eor
      125;20150713;   3;   16.5;  15.2;   8.0;  933.13;   81.92;   2.3;   -999;   -999;   14.0;   9.3;   0.0;   4;     -999;   0;eor
      125;20150714;   3;   20.2;  15.4;   5.3;  932.82;   66.63;   4.5;   -999;   -999;   16.0;  14.4;   0.0;   0;     -999;   0;eor
      125;20150715;   3;   20.3;  15.8;   2.7;  933.90;   67.92;   1.8;   -999;   -999;   13.0;   6.7;   0.0;   0;     -999;   0;eor
      125;20150716;   3;   22.6;  16.2;   1.3;  932.53;   62.21;   1.8;   -999;   -999;   13.0;   7.7;   0.0;   0;     -999;   0;eor
      125;20150717;   3;   23.6;  15.4;   3.0;  932.45;   56.38;   3.1;   -999;   -999;   14.0;  17.5;   0.0;   0;     -999;   0;eor
      125;20150718;   3;   20.8;  16.2;  -999;  932.88;   66.17;   2.6;   -999;   -999;   13.0;  15.4;   0.2;   4;     -999;-999;eor
      125;20150719;   3;   21.4;  17.8;  -999;  928.63;   73.17;   4.4;   -999;   -999;   14.0;  14.4;   3.1;   4;     -999;-999;eor
      125;20150720;   3;   21.9;  17.9;   4.0;  930.45;   70.67;   2.3;   -999;   -999;   16.0;  10.8;   0.0;   0;     -999;   0;eor
      125;20150721;   3;   23.6;  17.4;   1.3;  930.92;   63.00;   1.9;   -999;   -999;   14.0;   7.7;   0.0;   0;     -999;   0;eor
      125;20150722;   3;   22.8;  18.1;   4.0;  929.25;   67.17;   2.6;   -999;   -999;   15.0;  10.3;   0.2;   4;     -999;   0;eor
      125;20150723;   3;   19.7;  17.7;   7.3;  930.50;   76.75;   3.1;   -999;   -999;   16.0;   9.8;   0.0;   4;     -999;   0;eor
      125;20150724;   3;   21.4;  17.7;   6.7;  925.62;   70.29;   3.3;   -999;   -999;   15.0;  15.9;   0.0;   0;     -999;   0;eor
      125;20150725;   3;   17.8;  12.8;  -999;  926.08;   61.88;   7.0;   -999;   -999;   17.0;  20.1;   0.0;   0;     -999;-999;eor
      125;20150726;   3;   15.3;  10.5;  -999;  928.03;   62.29;   2.2;   -999;   -999;    7.0;   9.3;   5.6;   4;     -999;-999;eor
      125;20150727;   3;   16.8;  12.8;   4.7;  923.27;   69.42;   7.8;   -999;   -999;   12.0;  20.1;   0.0;   4;     -999;   0;eor
      125;20150728;   3;   15.8;  12.1;   7.3;  925.19;   67.79;   5.4;   -999;   -999;   12.0;  14.4;   2.6;   4;     -999;   0;eor
      125;20150729;   3;   13.5;  13.4;   7.3;  926.10;   86.50;   4.3;   -999;   -999;   11.0;  18.0;   4.7;   4;     -999;   0;eor
      125;20150730;   3;   13.4;  10.6;   5.3;  929.63;   70.75;   2.4;   -999;   -999;    8.0;   7.7;   0.0;   0;     -999;   0;eor
      125;20150731;   3;   15.2;   9.9;   3.7;  929.63;   60.67;   3.5;   -999;   -999;    5.0;   9.8;   0.0;   0;     -999;   0;eor
      125;20150801;   3;   15.6;  13.5;  -999;  928.98;   76.46;   2.5;   -999;   -999;   11.0;  14.4;   3.4;   4;     -999;-999;eor
      125;20150802;   3;   17.0;  14.7;  -999;  933.09;   77.71;   2.2;   -999;   -999;   14.0;   7.7;   0.1;   4;     -999;-999;eor
      125;20150803;   3;   20.1;  13.6;   1.0;  932.25;   65.75;   2.0;   -999;   -999;    9.0;  10.3;   0.0;   0;     -999;   0;eor
      125;20150804;   3;   20.4;  16.1;   5.3;  930.81;   66.43;   4.3;   -999;   -999;   10.0;  15.4;   0.0;   4;     -999;   0;eor
      125;20150805;   3;   21.1;  15.6;   1.0;  932.09;   65.92;   2.2;   -999;   -999;   12.0;   8.2;   0.0;   0;     -999;   0;eor
      125;20150806;   3;   24.4;  15.1;   2.3;  931.77;   54.04;   1.9;   -999;   -999;   13.0;   7.2;   0.0;   0;     -999;   0;eor
      125;20150807;   3;   25.2;  15.0;   1.0;  931.13;   50.92;   1.8;   -999;   -999;   14.0;   7.2;   0.0;   0;     -999;   0;eor
      125;20150808;   3;   25.3;  15.3;  -999;  932.69;   50.21;   3.1;   -999;   -999;   17.0;  13.4;   0.0;   0;     -999;-999;eor
      125;20150809;   3;   22.8;  15.6;  -999;  930.57;   59.46;   4.2;   -999;   -999;   14.0;  14.4;   0.4;   4;     -999;-999;eor
      125;20150810;   3;   20.9;  17.6;   4.7;  929.45;   74.79;   3.1;   -999;   -999;   14.0;  14.4;  42.9;   4;     -999;   0;eor
      125;20150811;   3;   21.7;  17.6;   3.7;  930.76;   70.08;   2.0;   -999;   -999;   17.0;   8.2;   0.0;   0;     -999;   0;eor
      125;20150812;   3;   22.1;  14.9;   2.0;  933.07;   59.71;   1.7;   -999;   -999;   13.0;   6.2;   0.0;   0;     -999;   0;eor
      125;20150813;   3;   23.6;  13.4;   1.3;  928.73;   51.25;   1.9;   -999;   -999;   12.0;  14.4;   0.0;   0;     -999;   0;eor
      125;20150814;   3;   19.6;  16.6;   4.0;  925.78;   74.88;   3.5;   -999;   -999;   15.0;  19.0;  38.2;   4;     -999;   0;eor
      125;20150815;   3;   16.0;  15.7;  -999;  925.59;   87.08;   3.0;   -999;   -999;   14.0;  13.9;  34.3;   4;     -999;-999;eor
      125;20150816;   3;   14.3;  14.9;  -999;  925.99;   91.63;   2.0;   -999;   -999;   13.0;   6.7;   3.7;   4;     -999;-999;eor
      125;20150817;   3;   13.3;  13.6;   7.7;  926.95;   88.63;   2.8;   -999;   -999;   13.0;   7.7;   1.6;   4;     -999;   0;eor
      125;20150818;   3;   14.6;  13.4;   6.7;  928.66;   82.21;   1.6;   -999;   -999;    9.0;   6.7;   8.4;   4;     -999;   0;eor
      125;20150819;   3;   12.8;  13.4;   8.0;  932.67;   90.54;   2.2;   -999;   -999;   12.0;   5.7;   1.1;   4;     -999;   0;eor
      125;20150820;   3;   12.5;  12.7;   7.0;  936.58;   87.67;   1.7;   -999;   -999;   10.0;   7.7;   7.9;   4;     -999;   0;eor
      125;20150821;   3;   13.6;  11.7;   2.7;  936.88;   77.79;   1.6;   -999;   -999;    7.0;   7.7;   0.0;   0;     -999;   0;eor
      125;20150822;   3;   15.1;  11.3;  -999;  931.98;   68.96;   2.8;   -999;   -999;    7.0;   9.3;   0.0;   0;     -999;-999;eor
      125;20150823;   3;   15.7;  13.5;  -999;  924.47;   78.33;   1.7;   -999;   -999;    7.0;  15.9;  10.9;   4;     -999;-999;eor
      125;20150824;   3;   16.8;  15.8;   6.0;  923.33;   82.67;   3.5;   -999;   -999;   12.0;  20.1;  15.4;   4;     -999;   0;eor
      125;20150825;   3;   13.6;  11.5;   4.0;  932.32;   75.21;   3.0;   -999;   -999;   11.0;   9.3;   0.0;   0;     -999;   0;eor
      125;20150826;   3;   15.7;  11.8;   1.3;  932.10;   69.58;   2.2;   -999;   -999;    7.0;   6.2;   0.0;   0;     -999;   0;eor
      125;20150827;   3;   19.7;  14.6;   5.3;  929.39;   66.71;   1.5;   -999;   -999;    9.0;   5.1;   0.0;   0;     -999;   0;eor
      125;20150828;   3;   20.9;  14.8;   5.7;  933.14;   62.50;   2.2;   -999;   -999;   11.0;   7.7;   0.0;   0;     -999;   0;eor
      125;20150829;   3;   21.2;  17.2;  -999;  935.90;   70.67;   2.3;   -999;   -999;   13.0;   7.2;   0.0;   0;     -999;-999;eor
      125;20150830;   3;   22.7;  18.0;  -999;  933.83;   67.33;   2.3;   -999;   -999;   14.0;   9.8;   0.0;   0;     -999;-999;eor
      125;20150831;   3;   21.4;  14.9;   1.0;  930.05;   61.08;   2.7;   -999;   -999;   15.0;   8.7;   0.0;   0;     -999;   0;eor
      125;20150901;   3;   18.5;  15.0;   4.7;  927.37;   72.13;   3.8;   -999;   -999;   13.0;  20.1;  12.8;   4;     -999;   0;eor
      125;20150902;   3;   12.8;  13.8;   7.7;  930.10;   93.25;   2.3;   -999;   -999;   13.0;   5.1;   5.7;   4;     -999;   0;eor
      125;20150903;   3;   12.8;  13.9;   8.0;  928.23;   93.33;   1.6;   -999;   -999;   11.0;   8.2;  15.3;   4;     -999;   0;eor
      125;20150904;   3;   12.9;  11.4;   6.7;  929.13;   78.58;   2.1;   -999;   -999;   10.0;   8.2;   3.9;   4;     -999;   0;eor
      125;20150905;   3;    9.7;  10.1;  -999;  930.33;   83.67;   3.5;   -999;   -999;    9.0;  10.3;   0.4;   4;     -999;-999;eor
      125;20150906;   3;   12.8;   9.3;  -999;  935.12;   85.08;   4.3;   -999;   -999;    6.0;  10.8;   1.3;   4;     -999;-999;eor
      125;20150907;   3;    9.6;   8.8;   6.7;  937.49;   75.21;   2.7;   -999;   -999;    3.0;   8.2;   0.0;   0;     -999;   0;eor
      125;20150908;   3;   10.7;   9.7;   4.0;  935.73;   76.50;   2.8;   -999;   -999;    4.0;   9.8;   0.0;   0;     -999;   0;eor
      125;20150909;   3;   10.2;   8.8;   3.3;  933.05;   72.96;   2.8;   -999;   -999;    3.0;   9.3;   0.0;   0;     -999;   0;eor
      125;20150910;   3;    7.3;   9.0;   5.0;  931.39;   87.92;   3.3;   -999;   -999;    4.0;   8.2;   0.0;   0;     -999;   0;eor
      125;20150911;   3;   10.7;   9.7;   4.7;  930.47;   78.58;   2.5;   -999;   -999;    2.0;  12.9;   0.2;   4;     -999;   0;eor
      125;20150912;   3;   15.6;  11.4;  -999;  930.39;   67.88;   2.2;   -999;   -999;    7.0;   6.7;   0.0;   0;     -999;-999;eor
      125;20150913;   3;   15.2;  13.2;  -999;  925.39;   76.21;   2.2;   -999;   -999;    7.0;   8.2;   1.7;   4;     -999;-999;eor
      125;20150914;   3;   13.0;  12.6;   7.7;  922.88;   84.58;   3.7;   -999;   -999;    9.0;  16.5;   8.4;   4;     -999;   0;eor
      125;20150915;   3;   12.7;  10.9;   7.3;  924.62;   75.88;   1.8;   -999;   -999;   10.0;   6.7;   0.5;   4;     -999;   0;eor
      125;20150916;   3;   17.6;  12.3;   6.3;  916.87;   63.13;   1.9;   -999;   -999;    7.0;   9.8;   0.0;   4;     -999;   0;eor
      125;20150917;   3;   13.8;  12.3;   4.7;  921.25;   77.42;   3.7;   -999;   -999;    9.0;  15.4;   1.1;   4;     -999;   0;eor
      125;20150918;   3;   12.0;  11.5;   6.7;  931.67;   82.92;   1.8;   -999;   -999;    8.0;   6.2;   4.1;   4;     -999;   0;eor
      125;20150919;   3;   11.2;  11.3;  -999;  934.81;   86.33;   1.7;   -999;   -999;    5.0;   6.2;   1.9;   4;     -999;-999;eor
      125;20150920;   3;   10.6;  10.9;  -999;  935.76;   85.26;   1.9;   -999;   -999;    8.0;   6.2;   0.0;   4;     -999;-999;eor
      125;20150921;   3;   10.3;   9.6;   3.3;  929.58;   78.50;   2.3;   -999;   -999;    4.0;  12.9;   0.0;   0;     -999;   0;eor
      125;20150922;   3;   10.9;  10.5;   7.7;  921.91;   82.13;   1.8;   -999;   -999;    4.0;   6.2;  17.1;   4;     -999;   0;eor
      125;20150923;   3;    8.0;   9.3;   6.3;  925.70;   85.71;   4.1;   -999;   -999;    7.0;  15.4;   1.3;   4;     -999;   0;eor
      125;20150924;   3;    8.0;   9.2;   6.0;  933.19;   84.33;   1.7;   -999;   -999;    5.0;   5.1;   0.0;   0;     -999;   0;eor
      125;20150925;   3;    9.2;   9.5;   6.7;  934.38;   83.21;   1.5;   -999;   -999;    2.0;   6.2;   0.0;   0;     -999;   0;eor
      125;20150926;   3;   10.8;  11.3;  -999;  935.13;   87.08;   2.8;   -999;   -999;    6.0;   8.2;   0.0;   0;     -999;-999;eor
      125;20150927;   3;    8.4;   9.0;  -999;  939.08;   75.63;   4.7;   -999;   -999;    7.0;  12.3;   0.0;   0;     -999;-999;eor
      125;20150928;   3;    7.4;   7.3;   4.3;  942.36;   72.88;   6.0;   -999;   -999;    0.0;  16.5;   0.0;   0;     -999;   0;eor
      125;20150929;   3;    7.9;   7.3;   1.7;  940.68;   69.29;   8.1;   -999;   -999;    2.0;  17.0;   0.0;   0;     -999;   0;eor
      125;20150930;   3;    7.0;   7.2;   4.0;  939.42;   72.33;   6.5;   -999;   -999;    2.0;  13.4;   0.0;   0;     -999;   0;eor
      125;20151001;   3;    7.0;   7.2;   2.3;  936.75;   72.96;   3.5;   -999;   -999;   -1.0;  10.3;   0.0;   0;     -999;   0;eor
      125;20151002;   3;    9.6;   9.4;   3.3;  932.92;   79.08;   2.5;   -999;   -999;    0.0;   8.7;   0.0;   0;     -999;   0;eor
      125;20151003;   3;   12.8;  10.8;  -999;  929.46;   74.67;   2.3;   -999;   -999;    7.0;   8.7;   0.0;   4;     -999;-999;eor
      125;20151004;   3;    9.3;   9.6;  -999;  930.58;   82.46;   3.9;   -999;   -999;    6.0;  18.0;   0.6;   4;     -999;-999;eor
      125;20151005;   3;   10.7;   9.3;   6.7;  928.15;   74.79;   1.6;   -999;   -999;    2.0;   5.1;   1.0;   4;     -999;   0;eor
      125;20151006;   3;   10.7;  13.0;   7.3;  922.99;   83.17;   2.5;   -999;   -999;   10.0;  20.6;   4.9;   4;     -999;   0;eor
      125;20151007;   3;   11.8;  12.5;   7.3;  927.43;   90.13;   3.6;   -999;   -999;   11.0;  10.3;   1.4;   4;     -999;   0;eor
      125;20151008;   3;    9.8;  11.0;   7.3;  932.24;   90.00;   1.7;   -999;   -999;    9.0;   4.1;   1.4;   4;     -999;   0;eor
      125;20151009;   3;    9.2;  10.4;   7.0;  931.51;   88.71;   2.3;   -999;   -999;    6.0;   7.2;   0.0;   0;     -999;   0;eor
      125;20151010;   3;    8.3;  10.5;  -999;  927.42;   95.46;   3.2;   -999;   -999;    5.0;   7.7;   0.3;   4;     -999;-999;eor
      125;20151011;   3;    6.5;   9.0;  -999;  925.55;   92.04;   4.9;   -999;   -999;    6.0;   9.8;   0.0;   4;     -999;-999;eor
      125;20151012;   3;    4.2;   7.8;   8.0;  927.22;   95.08;   1.8;   -999;   -999;    0.0;   4.6;   0.3;   4;     -999;   0;eor
      125;20151013;   3;    7.3;   9.7;   7.7;  925.57;   94.13;   1.7;   -999;   -999;    4.0;   4.6;  21.5;   4;     -999;   0;eor
      125;20151014;   3;    7.3;   7.0;   7.3;  926.43;   85.25;   3.3;   -999;   -999;    3.0;  10.8;  11.6;   4;     -999;   0;eor
      125;20151015;   3;    2.4;   6.9;   8.0;  924.76;   94.58;   1.3;   -999;   -999;    0.0;  10.3;   0.8;   4;     -999;   0;eor
      125;20151016;   3;    3.1;   7.0;   7.3;  928.77;   91.46;   1.9;   -999;   -999;    2.0;   5.7;   2.7;   4;     -999;   0;eor
      125;20151017;   3;    4.3;   7.4;  -999;  929.43;   89.42;   1.6;   -999;   -999;    3.0;   5.1;   7.4;   4;     -999;-999;eor
      125;20151018;   3;    4.8;   8.0;  -999;  929.22;   93.83;   1.6;   -999;   -999;    4.0;   5.1;   6.9;   4;     -999;-999;eor
      125;20151019;   3;    3.7;   7.4;   7.3;  931.18;   92.42;   1.4;   -999;   -999;    4.0;   7.2;   1.0;   4;     -999;   0;eor
      125;20151020;   3;    2.9;   6.5;   4.3;  932.74;   87.17;   1.2;   -999;   -999;   -3.0;   4.1;   0.0;   0;     -999;   0;eor
      125;20151021;   3;    4.5;   7.5;   6.7;  931.97;   89.00;   1.8;   -999;   -999;    0.0;   7.2;   0.0;   0;     -999;   0;eor
      125;20151022;   3;    6.6;   7.7;   6.0;  931.13;   80.38;   3.7;   -999;   -999;    3.0;  11.8;   0.0;   4;     -999;   0;eor
      125;20151023;   3;    8.7;  10.0;   7.3;  935.42;   88.63;   3.3;   -999;   -999;    7.0;  10.3;   0.0;   0;     -999;   0;eor
      125;20151024;   3;    9.9;   9.4;  -999;  932.68;   78.92;   1.4;   -999;   -999;    5.0;   4.6;   0.0;   0;     -999;-999;eor
      125;20151025;   3;   10.6;   9.7;  -999;  936.01;   74.88;   3.0;   -999;   -999;    5.0;   8.7;   0.0;   0;     -999;-999;eor
      125;20151026;   3;    7.3;   9.6;   4.0;  932.18;   93.79;   1.9;   -999;   -999;    4.0;   6.7;   0.0;   0;     -999;   0;eor
      125;20151027;   3;    4.7;   8.1;   7.7;  929.48;   97.92;   1.3;   -999;   -999;    2.0;   4.6;   0.0;   0;     -999;   0;eor
      125;20151028;   3;    5.8;   8.3;   3.3;  925.08;   89.54;   1.2;   -999;   -999;   -1.0;   5.1;   0.1;   4;     -999;   0;eor
      125;20151029;   3;    8.3;  10.4;   8.0;  931.19;   94.29;   3.0;   -999;   -999;    2.0;   7.2;   1.7;   4;     -999;   0;eor
      125;20151030;   3;    6.9;   9.6;   8.0;  937.15;   96.63;   3.3;   -999;   -999;    7.0;   6.7;   0.0;   0;     -999;   0;eor
      125;20151031;   3;    6.2;   9.2;  -999;  938.93;   95.92;   2.4;   -999;   -999;    3.0;   6.7;   0.0;   0;     -999;-999;eor
      125;20151101;   3;    4.6;   8.1;  -999;  941.28;   92.83;   1.8;   -999;   -999;   -1.0;   5.1;   0.0;   0;     -999;-999;eor
      125;20151102;   3;    4.9;   7.2;   1.0;  938.77;   84.00;   1.7;   -999;   -999;   -4.0;   5.1;   0.0;   0;     -999;   0;eor
      125;20151103;   3;    4.9;   7.5;   1.7;  933.65;   76.08;   1.7;   -999;   -999;   -3.0;   4.6;   0.0;   0;     -999;   0;eor
      125;20151104;   3;    9.9;   8.3;   6.3;  934.74;   69.29;   2.0;   -999;   -999;    2.0;  -999;   0.0;   0;     -999;   0;eor
      125;20151105;   3;    7.5;   8.4;   3.0;  934.97;   82.04;  -999;   -999;   -999;   -999;  -999;   0.0;   0;     -999;   0;eor
      125;20151106;   3;    0.0;   9.2;   5.3;  937.53;   72.38;  -999;   -999;   -999;    2.0;  -999;   0.0;   0;     -999;   0;eor
      125;20151107;   3;    0.0;  10.6;  -999;  940.15;   71.63;  -999;   -999;   -999;    8.0;  -999;   0.0;   0;     -999;-999;eor
      125;20151108;   3;   12.3;  11.1;  -999;  941.26;   78.38;  -999;   -999;   -999;    5.0;  -999;   0.0;   0;     -999;-999;eor
      125;20151109;   3;   14.4;  10.1;   4.7;  939.81;   62.04;  -999;   -999;   -999;    6.0;  -999;   0.0;   4;     -999;   0;eor
      125;20151110;   3;   12.1;   8.7;   5.0;  939.74;   63.88;  -999;   -999;   -999;    7.0;  -999;   0.0;   0;     -999;   0;eor
      125;20151111;   3;    7.2;   7.4;   2.0;  938.64;   75.38;  -999;   -999;   -999;    0.0;  -999;   0.0;   0;     -999;   0;eor
      125;20151112;   3;    4.5;   7.2;   1.7;  939.16;   84.88;  -999;   -999;   -999;   -2.0;  -999;   0.0;   0;     -999;   0;eor
      125;20151113;   3;    0.0;   7.7;   6.0;  938.23;   71.79;  -999;   -999;   -999;   -1.0;  -999;   0.5;   4;     -999;   0;eor
      125;20151114;   3;    0.0;   7.8;  -999;  939.90;   74.88;  -999;   -999;   -999;    5.0;  -999;   0.0;   0;     -999;-999;eor
      125;20151115;   3;   12.4;   7.2;  -999;  932.33;   48.29;  -999;   -999;   -999;    5.0;  -999;   0.0;   0;     -999;-999;eor
      125;20151116;   3;   12.6;   8.3;   4.0;  931.54;   57.96;  -999;   -999;   -999;    7.0;  -999;   0.0;   0;     -999;   0;eor
      125;20151117;   3;   10.8;   8.4;   7.0;  930.27;   65.17;  -999;   -999;   -999;    2.0;  -999;   0.2;   4;     -999;   0;eor
      125;20151118;   3;   12.5;   9.0;   0.7;  932.08;   62.00;  -999;   -999;   -999;    7.0;  -999;   0.0;   4;     -999;   0;eor
      125;20151119;   3;   12.0;   8.0;   5.3;  931.56;   56.67;  -999;   -999;   -999;    6.0;  -999;   0.6;   4;     -999;   0;eor
      125;20151120;   3;    9.4;  10.1;   8.0;  920.05;   86.79;  -999;   -999;   -999;    8.0;  -999;  45.6;   4;     -999;   0;eor
      125;20151121;   3;    0.9;   5.7;  -999;  911.50;   87.42;  -999;   -999;   -999;   -1.0;  -999;   2.9;   4;     -999;-999;eor
      125;20151122;   3;   -1.8;   4.6;  -999;  918.38;   85.96;  -999;   -999;   -999;   -3.0;  -999;   0.8;   4;     -999;-999;eor
      125;20151123;   3;   -2.7;   4.3;   3.7;  931.81;   86.25;  -999;   -999;   -999;   -6.0;  -999;   0.0;   4;     -999;   3;eor
      125;20151124;   3;   -5.6;   3.3;   2.3;  932.13;   81.46;  -999;   -999;   -999;  -12.0;  -999;   0.0;   4;     -999;   2;eor
      125;20151125;   3;    0.5;   5.6;   7.7;  920.90;   86.92;  -999;   -999;   -999;   -7.0;  -999;   2.4;   4;     -999;   2;eor
      125;20151126;   3;   -0.1;   5.8;   8.0;  925.37;   95.21;  -999;   -999;   -999;   -1.0;  -999;   4.0;   4;     -999;   2;eor
      125;20151127;   3;   -1.6;   5.0;   7.7;  928.44;   91.71;  -999;   -999;   -999;   -4.0;  -999;   0.0;   0;     -999;   4;eor
      125;20151128;   3;   -1.0;   4.9;  -999;  927.98;   84.42;  -999;   -999;   -999;   -7.0;  -999;   0.4;   4;     -999;-999;eor
      125;20151129;   3;    3.3;   5.8;  -999;  932.34;   73.17;  -999;   -999;   -999;   -2.0;  -999;   0.7;   4;     -999;-999;eor
      125;20151130;   3;    7.0;   7.0;   7.7;  934.60;   70.00;  -999;   -999;   -999;    5.0;  -999;   7.0;   4;     -999;   0;eor
      125;20151201;   3;    6.5;   7.9;   7.7;  938.40;   81.96;  -999;   -999;   -999;    5.0;  -999;   6.1;   4;     -999;   0;eor
      125;20151202;   3;    4.5;   7.5;   7.7;  941.10;   89.25;  -999;   -999;   -999;   -1.0;  -999;   0.0;   0;     -999;   0;eor
      125;20151203;   3;   -0.2;   5.8;   5.3;  940.68;   97.54;  -999;   -999;   -999;   -3.0;  -999;   0.0;   0;     -999;   0;eor
      125;20151204;   3;    4.2;   6.1;   6.0;  942.56;   72.83;  -999;   -999;   -999;   -6.0;  -999;   2.8;   4;     -999;   0;eor
      125;20151205;   3;    4.1;   7.4;  -999;  943.12;   90.88;  -999;   -999;   -999;   -1.0;  -999;   0.0;   0;     -999;-999;eor
      125;20151206;   3;    4.7;   6.6;  -999;  941.87;   78.00;  -999;   -999;   -999;   -2.0;  -999;   0.0;   0;     -999;-999;eor
      125;20151207;   3;    4.0;   6.3;   1.3;  944.22;   78.65;  -999;   -999;   -999;   -2.0;  -999;   0.0;   0;     -999;   0;eor
      125;20151208;   3;    2.7;   6.0;   2.3;  942.57;   80.75;  -999;   -999;   -999;   -5.0;  -999;   0.5;   4;     -999;   0;eor
      125;20151209;   3;    3.2;   6.9;   8.0;  946.28;   88.92;  -999;   -999;   -999;   -1.0;  -999;   7.5;   4;     -999;   0;eor
      125;20151210;   3;   -1.3;   5.1;   1.0;  945.61;   91.50;  -999;   -999;   -999;   -7.0;  -999;   0.0;   0;     -999;   0;eor
      125;20151211;   3;    2.6;   4.8;   5.0;  940.31;   65.63;  -999;   -999;   -999;   -7.0;  -999;   0.0;   0;     -999;   0;eor
      125;20151212;   3;    3.9;   5.6;  -999;  936.96;   71.08;  -999;   -999;   -999;   -2.0;  -999;   0.0;   0;     -999;-999;eor
      125;20151213;   3;    1.2;   4.8;  -999;  933.45;   73.08;  -999;   -999;   -999;   -6.0;  -999;   0.0;   0;     -999;-999;eor
      125;20151214;   3;   -0.7;   4.7;   1.7;  934.26;   82.33;  -999;   -999;   -999;   -7.0;  -999;   0.0;   0;     -999;   0;eor
      125;20151215;   3;    2.6;   5.7;   5.7;  937.10;   76.46;  -999;   -999;   -999;   -4.0;  -999;   0.0;   0;     -999;   0;eor
      125;20151216;   3;    4.6;   7.9;   7.7;  939.85;   90.46;  -999;   -999;   -999;   -1.0;  -999;  19.5;   4;     -999;   0;eor
      125;20151217;   3;    7.7;   9.3;   6.0;  939.58;   89.33;  -999;   -999;   -999;    3.0;  -999;   0.0;   4;     -999;   0;eor
      125;20151218;   3;    6.2;   8.0;   7.0;  937.58;   84.21;  -999;   -999;   -999;   -1.0;  -999;   0.4;   4;     -999;   0;eor
      125;20151219;   3;    5.7;   7.7;  -999;  936.59;   85.79;  -999;   -999;   -999;    1.0;  -999;   0.0;   0;     -999;-999;eor
      125;20151220;   3;    5.1;   7.2;  -999;  935.25;   82.00;  -999;   -999;   -999;   -2.0;  -999;   0.0;   0;     -999;-999;eor
      125;20151221;   3;    7.4;   7.8;   6.7;  939.14;   75.46;  -999;   -999;   -999;    0.0;  -999;   0.2;   4;     -999;   0;eor
      125;20151222;   3;    8.0;   7.0;   5.3;  941.38;   66.29;  -999;   -999;   -999;    2.0;  -999;   0.0;   0;     -999;   0;eor
      125;20151223;   3;    6.9;   6.6;   3.3;  940.94;   66.92;  -999;   -999;   -999;   -2.0;  -999;   0.0;   0;     -999;   0;eor
      125;20151224;   3;    4.0;   6.2;  -999;  939.14;   77.29;  -999;   -999;   -999;   -3.0;  -999;   0.0;   0;     -999;-999;eor
      125;20151225;   3;    6.7;   6.6;  -999;  943.20;   67.75;  -999;   -999;   -999;    0.0;  -999;   0.0;   0;     -999;-999;eor
      125;20151226;   3;    3.6;   5.5;  -999;  942.70;   70.58;  -999;   -999;   -999;   -3.0;  -999;   0.0;   0;     -999;-999;eor
      125;20151227;   3;    4.0;   5.0;  -999;  942.67;   62.63;  -999;   -999;   -999;   -3.0;  -999;   0.0;   0;     -999;-999;eor
      125;20151228;   3;    1.1;   4.7;  -999;  940.31;   73.13;  -999;   -999;   -999;   -6.0;  -999;   0.0;   0;     -999;-999;eor
      125;20151229;   3;    1.7;   5.1;  -999;  938.83;   72.58;  -999;   -999;   -999;   -6.0;  -999;   0.0;   0;     -999;-999;eor
      125;20151230;   3;    0.1;   5.4;  -999;  937.71;   88.71;  -999;   -999;   -999;   -5.0;  -999;   0.0;   0;     -999;-999;eor
      125;20151231;   3;    0.8;   6.2;  -999;  935.41;   91.88;  -999;   -999;   -999;   -7.0;  -999;   7.2;   4;     -999;-999;eor
      125;20160101;   3;    3.5;   7.2;  -999;  935.26;   92.50;  -999;   -999;   -999;    2.0;  -999;   0.0;   4;     -999;-999;eor
      125;20160102;   3;    1.0;   6.2;  -999;  926.02;   94.92;  -999;   -999;   -999;    1.0;  -999;   7.3;   4;     -999;-999;eor
      125;20160103;   3;    1.6;   6.3;  -999;  919.61;   92.04;  -999;   -999;   -999;   -1.0;  -999;   1.5;   4;     -999;-999;eor
      125;20160104;   3;    1.6;   6.1;  -999;  907.99;   89.08;  -999;   -999;   -999;   -1.0;  -999;   0.4;   4;     -999;-999;eor
      125;20160105;   3;    1.4;   5.7;  -999;  910.41;   84.63;  -999;   -999;   -999;   -4.0;  -999;   0.4;   4;     -999;-999;eor
      125;20160106;   3;    1.5;   5.7;  -999;  913.48;   84.25;  -999;   -999;   -999;   -2.0;  -999;   5.4;   4;     -999;-999;eor
      125;20160107;   3;    2.0;   6.3;   6.7;  912.94;   89.50;  -999;   -999;   -999;   -3.0;  -999;   3.4;   4;     -999;   0;eor
      125;20160108;   3;    3.4;   6.1;   6.0;  918.71;   78.75;  -999;   -999;   -999;    0.0;  -999;  13.0;   4;     -999;   0;eor
      125;20160109;   3;    4.7;   8.0;  -999;  916.57;   94.42;  -999;   -999;   -999;    2.0;  -999;   2.2;   4;     -999;-999;eor
      125;20160110;   1;    2.9;   6.9;  -999;  913.30;   91.67;  -999;   -999;   -999;   -1.0;  15.9;   7.6;   4;     -999;-999;eor
      125;20160111;   1;    3.6;   6.8;   7.0;  907.57;   86.13;  -999;   -999;   -999;    2.0;  -999;   2.7;   4;     -999;   0;eor
      125;20160112;   1;    2.0;   6.0;   6.7;  913.84;   84.46;  -999;   -999;   -999;    0.0;  22.1;  10.0;   4;     -999;   0;eor
      125;20160113;   1;    0.4;   5.0;   7.3;  925.65;   79.29;  -999;   -999;   -999;   -1.0;  24.2;   0.0;   4;     -999;   1;eor
      125;20160114;   1;   -1.8;   4.1;   4.3;  923.33;   74.92;  -999;   -999;   -999;   -8.0;  14.9;   0.3;   4;     -999;   0;eor
      125;20160115;   1;   -1.8;   4.2;   7.3;  922.04;   78.38;  -999;   -999;   -999;   -3.0;  23.1;   1.2;   4;     -999;   2;eor
      125;20160116;   1;   -2.7;   4.3;  -999;  929.60;   86.67;  -999;   -999;   -999;   -3.0;  15.4;   2.0;   4;     -999;-999;eor
      125;20160117;   1;   -4.9;   3.6;  -999;  931.36;   84.42;  -999;   -999;   -999;   -9.0;  12.3;   1.7;   4;     -999;-999;eor
      125;20160118;   1;  -10.6;   2.4;   2.0;  928.58;   86.54;  -999;   -999;   -999;  -22.0;   7.2;   0.0;   0;     -999;  14;eor
      125;20160119;   1;   -7.1;   3.5;   7.7;  924.90;   91.50;  -999;   -999;   -999;  -17.0;   3.1;   0.9;   4;     -999;  11;eor
      125;20160120;   1;   -4.1;   4.0;   6.7;  928.08;   89.58;  -999;   -999;   -999;   -9.0;   5.7;   0.0;   0;     -999;  13;eor
      125;20160121;   1;   -5.1;   3.7;   5.7;  934.70;   88.63;  -999;   -999;   -999;  -13.0;   6.2;   0.0;   0;     -999;  10;eor
      125;20160122;   1;   -7.2;   3.1;   3.7;  938.08;   88.13;  -999;   -999;   -999;  -11.0;   4.6;   1.1;   4;     -999;  10;eor
      125;20160123;   1;    1.2;   5.7;  -999;  943.09;   84.17;  -999;   -999;   -999;  -12.0;  14.9;   0.2;   4;     -999;-999;eor
      125;20160124;   1;    0.3;   4.3;  -999;  944.28;   71.33;  -999;   -999;   -999;   -8.0;   7.7;   0.0;   4;     -999;-999;eor
      125;20160125;   1;    5.5;   5.9;   3.0;  941.18;   67.08;  -999;   -999;   -999;    1.0;   4.6;   0.0;   0;     -999;   4;eor
      125;20160126;   1;    6.6;   6.1;   3.7;  939.65;   63.17;  -999;   -999;   -999;   -1.0;  11.3;   0.0;   0;     -999;   0;eor
      125;20160127;   1;    8.3;   6.4;   6.3;  936.19;   58.92;  -999;   -999;   -999;    0.0;  14.4;   0.0;   0;     -999;   0;eor
      125;20160128;   1;    8.2;   7.4;   7.0;  936.33;   69.29;  -999;   -999;   -999;    3.0;  15.4;   3.7;   4;     -999;   0;eor
      125;20160129;   1;    5.9;   8.2;   3.7;  940.14;   88.71;  -999;   -999;   -999;    3.0;  13.4;   0.8;   4;     -999;   0;eor
      125;20160130;   1;    5.4;   7.0;  -999;  931.66;   79.08;  -999;   -999;   -999;   -1.0;  23.1;  19.8;   4;     -999;-999;eor
      125;20160131;   1;    2.1;   6.9;  -999;  927.09;   95.83;  -999;   -999;   -999;    0.0;  19.0;  27.1;   4;     -999;-999;eor
      125;20160201;   1;    9.4;   9.4;   7.0;  933.85;   80.00;  -999;   -999;   -999;    0.0;  -999;   0.2;   4;     -999;   0;eor
      125;20160202;   1;    7.6;   7.5;   7.0;  933.07;   71.92;  -999;   -999;   -999;    4.0;  -999;   0.2;   4;     -999;   0;eor
      125;20160203;   1;    2.1;   6.1;   8.0;  931.13;   87.04;  -999;   -999;   -999;    0.0;  -999;   7.2;   4;     -999;   0;eor
      125;20160204;   1;   -0.3;   5.2;   7.7;  935.68;   85.79;  -999;   -999;   -999;   -3.0;  -999;   2.1;   4;     -999;   5;eor
      125;20160205;   1;    2.4;   6.4;   5.3;  937.61;   88.71;  -999;   -999;   -999;   -1.0;  -999;   0.0;   0;     -999;   0;eor
      125;20160206;   1;    3.8;   5.6;  -999;  929.54;   72.75;  -999;   -999;   -999;   -4.0;  -999;   0.0;   0;     -999;-999;eor
      125;20160207;   1;    6.6;   5.3;  -999;  920.05;   56.83;  -999;   -999;   -999;   -2.0;  -999;   0.6;   4;     -999;-999;eor
      125;20160208;   1;    5.7;   6.0;   4.3;  920.51;   66.25;  -999;   -999;   -999;   -3.0;  -999;   2.8;   4;     -999;   0;eor
