STATIONS_ID; MESS_DATUM; QUALITAETS_NIVEAU; LUFTTEMPERATUR;DAMPFDRUCK;BEDECKUNGSGRAD;LUFTDRUCK_STATIONSHOEHE;REL_FEUCHTE; WINDGESCHWINDIGKEIT; LUFTTEMPERATUR_MAXIMUM;LUFTTEMPERATUR_MINIMUM;LUFTTEMP_AM_ERDB_MINIMUM; WINDSPITZE_MAXIMUM; NIEDERSCHLAGSHOEHE;NIEDERSCHLAGSHOEHE_IND;SONNENSCHEINDAUER; SCHNEEHOEHE;eor
      150;20140809;   3;   20.7;  16.1;  -999;    -999;   66.83;-999;   24.6;   15.2;   13.3;-999;   2.8;   4;   10.533;   0;eor
      150;20140810;   3;   19.7;  19.9;  -999;    -999;   86.42;-999;   25.5;   15.7;   15.4;-999;   5.8;   4;    2.617;   0;eor
      150;20140811;   3;   17.4;  13.6;  -999;    -999;   69.71;-999;   22.6;   12.4;   10.1;-999;   0.1;   4;    9.233;   0;eor
      150;20140812;   3;   17.5;  12.7;  -999;    -999;   65.58;-999;   23.2;   13.1;   10.0;-999;   0.0;   0;   10.467;   0;eor
      150;20140813;   3;   15.6;  14.9;  -999;    -999;   84.38;-999;   18.6;   13.4;   11.3;-999;  14.1;   4;    1.417;   0;eor
      150;20140814;   3;   15.6;  14.5;  -999;    -999;   82.42;-999;   20.8;   12.0;   10.1;-999;  11.8;   4;    7.700;   0;eor
      150;20140815;   3;   14.8;  14.2;  -999;    -999;   85.17;-999;   20.0;   12.4;   11.4;-999;   4.7;   4;    2.800;   0;eor
      150;20140816;   3;   15.7;  13.7;  -999;    -999;   78.25;-999;   20.8;   12.3;   11.2;-999;   1.3;   4;    5.700;   0;eor
      150;20140817;   3;   16.3;  13.3;  -999;    -999;   72.83;-999;   21.0;   11.7;    9.8;-999;   0.0;   0;    5.633;   0;eor
      150;20140818;   3;   14.7;  13.4;  -999;    -999;   80.17;-999;   17.9;   11.6;    9.7;-999;   1.9;   4;    1.933;   0;eor
      150;20140819;   3;   14.2;  12.1;  -999;    -999;   76.42;-999;   21.4;    8.1;    6.6;-999;   0.3;   4;    8.183;   0;eor
      150;20140820;   3;   13.8;  10.3;  -999;    -999;   67.67;-999;   19.5;    7.0;    5.4;-999;   0.0;   0;    7.933;   0;eor
      150;20140821;   3;   13.7;  10.1;  -999;    -999;   67.04;-999;   20.3;    7.6;    5.7;-999;   0.0;   0;    9.983;   0;eor
      150;20140822;   3;   14.6;   9.9;  -999;    -999;   61.75;-999;   20.3;    7.9;    5.0;-999;   0.0;   0;    4.900;   0;eor
      150;20140823;   3;   14.1;  11.7;  -999;    -999;   73.54;-999;   19.7;    9.8;    7.6;-999;   0.0;   0;    2.083;   0;eor
      150;20140824;   3;   13.3;  10.7;  -999;    -999;   71.33;-999;   18.8;    7.9;    5.4;-999;   0.1;   4;    7.683;   0;eor
      150;20140825;   3;   14.1;  12.1;  -999;    -999;   76.29;-999;   20.3;    8.9;    6.8;-999;  12.7;   4;    1.067;   0;eor
      150;20140826;   3;   16.1;  15.8;  -999;    -999;   87.00;-999;   21.3;   12.4;   12.2;-999;  14.9;   4;    1.317;   0;eor
      150;20140827;   3;   15.4;  14.4;  -999;    -999;   84.00;-999;   20.9;   12.1;   10.7;-999;   0.0;   0;    5.000;   0;eor
      150;20140828;   3;   17.4;  15.9;  -999;    -999;   80.67;-999;   23.4;   10.3;    8.9;-999;   0.0;   0;    6.317;   0;eor
      150;20140829;   3;   19.4;  16.5;  -999;    -999;   74.83;-999;   24.8;   15.9;   13.2;-999;   0.0;   0;    6.633;   0;eor
      150;20140830;   3;   18.1;  14.9;  -999;    -999;   73.13;-999;   22.9;   12.9;   10.4;-999;   7.4;   4;    6.650;   0;eor
      150;20140831;   3;   15.1;  14.8;  -999;    -999;   86.46;-999;   19.2;   11.6;   10.0;-999;   1.2;   4;    1.767;   0;eor
      150;20140901;   3;   14.6;  13.2;  -999;    -999;   80.08;-999;   19.1;   10.5;    8.6;-999;   0.0;   0;    3.567;   0;eor
      150;20140902;   3;   15.8;  14.0;  -999;    -999;   79.38;-999;   20.8;   10.5;    8.3;-999;   0.0;   0;    4.217;   0;eor
      150;20140903;   3;   15.1;  14.3;  -999;    -999;   83.71;-999;   16.6;   11.5;   10.2;-999;   0.0;   0;    2.650;   0;eor
      150;20140904;   3;   16.8;  15.9;  -999;    -999;   83.33;-999;   19.0;   13.6;   11.4;-999;   0.2;   4;    0.000;   0;eor
      150;20140905;   3;   19.7;  17.6;  -999;    -999;   78.67;-999;   26.0;   15.2;   13.7;-999;   0.1;   4;    8.717;   0;eor
      150;20140906;   3;   19.3;  17.5;  -999;    -999;   79.63;-999;   26.4;   13.1;   11.3;-999;   0.0;   0;    8.283;   0;eor
      150;20140907;   3;   18.8;  17.0;  -999;    -999;   79.33;-999;   23.8;   15.1;   12.6;-999;   0.0;   0;    6.567;   0;eor
      150;20140908;   3;   18.7;  15.9;  -999;    -999;   75.25;-999;   24.1;   14.6;   11.6;-999;   0.0;   0;    7.300;   0;eor
      150;20140909;   3;   16.4;  13.5;  -999;    -999;   73.71;-999;   22.2;   12.0;    8.8;-999;   0.0;   0;    8.850;   0;eor
      150;20140910;   3;   13.7;  12.0;  -999;    -999;   77.21;-999;   17.9;    9.3;    6.9;-999;   0.0;   0;    0.200;   0;eor
      150;20140911;   3;   12.7;  13.0;  -999;    -999;   88.13;-999;   17.8;    7.9;    5.6;-999;  10.1;   4;    0.950;   0;eor
      150;20140912;   3;   13.3;  13.8;  -999;    -999;   89.83;-999;   15.9;   10.1;    8.4;-999;   5.4;   4;    0.000;   0;eor
      150;20140913;   3;   16.4;  16.1;  -999;    -999;   86.50;-999;   18.9;   15.2;   13.9;-999;   0.0;   0;    0.000;   0;eor
      150;20140914;   3;   16.7;  16.0;  -999;    -999;   84.67;-999;   20.9;   12.3;   10.0;-999;   0.0;   0;    2.100;   0;eor
      150;20140915;   3;   16.3;  16.2;  -999;    -999;   87.54;-999;   20.2;   11.9;   10.0;-999;   0.0;   0;    0.367;   0;eor
      150;20140916;   3;   17.1;  16.0;  -999;    -999;   83.63;-999;   24.7;   11.9;    9.5;-999;   0.0;   0;    7.617;   0;eor
      150;20140917;   3;   17.5;  16.1;  -999;    -999;   82.00;-999;   24.7;   11.8;    9.4;-999;   0.3;   4;    8.067;   0;eor
      150;20140918;   3;   19.1;  18.1;  -999;    -999;   82.96;-999;   25.4;   14.8;   13.1;-999;   2.5;   4;    3.567;   0;eor
      150;20140919;   3;   19.2;  18.6;  -999;    -999;   84.50;-999;   24.8;   14.9;   13.1;-999;   0.2;   4;    4.367;   0;eor
      150;20140920;   3;   18.0;  18.3;  -999;    -999;   88.67;-999;   24.5;   15.4;   13.1;-999;  19.8;   4;    3.117;   0;eor
      150;20140921;   3;   15.5;  16.0;  -999;    -999;   90.17;-999;   20.4;   10.8;    8.6;-999;   3.2;   4;    0.417;   0;eor
      150;20140922;   3;   11.0;  11.0;  -999;    -999;   83.79;-999;   16.0;    7.8;    6.0;-999;   1.9;   4;    3.400;   0;eor
      150;20140923;   3;   10.3;   9.8;  -999;    -999;   79.33;-999;   15.4;    6.3;    3.8;-999;   0.0;   0;    9.583;   0;eor
      150;20140924;   3;   10.9;  10.5;  -999;    -999;   81.46;-999;   16.8;    5.0;    3.6;-999;   0.0;   0;    4.717;   0;eor
      150;20140925;   3;   13.3;  11.8;  -999;    -999;   78.29;-999;   18.5;    9.2;    6.1;-999;   0.0;   0;    4.117;   0;eor
      150;20140926;   3;   15.3;  13.3;  -999;    -999;   76.83;-999;   20.2;   10.7;    8.6;-999;   0.0;   0;    7.383;   0;eor
      150;20140927;   3;   16.1;  14.8;  -999;    -999;   81.46;-999;   21.1;   10.7;    7.5;-999;   0.0;   0;    7.867;   0;eor
      150;20140928;   3;   15.2;  14.9;  -999;    -999;   85.92;-999;   21.7;    9.1;    6.7;-999;   0.0;   0;    8.017;   0;eor
      150;20140929;   3;   17.2;  15.9;  -999;    -999;   82.04;-999;   25.1;   10.4;    8.4;-999;   0.0;   4;    4.433;   0;eor
      150;20140930;   3;   17.4;  16.2;  -999;    -999;   82.08;-999;   21.5;   12.9;   10.3;-999;   0.0;   0;    2.667;   0;eor
      150;20141001;   3;   16.1;  15.4;  -999;    -999;   84.83;-999;   22.7;   11.6;    8.8;-999;   0.0;   0;    4.800;   0;eor
      150;20141002;   3;   14.8;  13.9;  -999;    -999;   83.50;-999;   21.8;    9.2;    7.3;-999;   0.0;   0;    9.800;   0;eor
      150;20141003;   3;   14.3;  13.4;  -999;    -999;   83.17;-999;   21.5;    9.5;    6.8;-999;   0.0;   0;    8.283;   0;eor
      150;20141004;   3;   13.7;  12.4;  -999;    -999;   80.92;-999;   20.8;    8.1;    5.3;-999;   0.0;   0;    7.783;   0;eor
      150;20141005;   3;   11.9;  12.4;  -999;    -999;   88.88;-999;   15.2;    9.4;    7.1;-999;   0.0;   0;    3.233;   0;eor
      150;20141006;   3;   13.7;  13.5;  -999;    -999;   86.42;-999;   18.6;   11.5;    8.8;-999;   2.0;   4;    3.733;   0;eor
      150;20141007;   3;   14.0;  13.9;  -999;    -999;   87.25;-999;   17.0;   11.9;    9.8;-999;   2.4;   4;    0.283;   0;eor
      150;20141008;   3;   14.6;  15.1;  -999;    -999;   90.08;-999;   18.0;   10.7;    7.9;-999;   4.2;   4;    0.733;   0;eor
      150;20141009;   3;   16.6;  16.5;  -999;    -999;   87.25;-999;   19.5;   12.6;   10.5;-999;   3.1;   4;    0.050;   0;eor
      150;20141010;   3;   15.2;  15.5;  -999;    -999;   90.29;-999;   18.9;   11.9;   10.6;-999;   4.4;   4;    1.300;   0;eor
      150;20141011;   3;   14.9;  15.5;  -999;    -999;   91.17;-999;   19.5;   11.1;    8.0;-999;   0.1;   4;    1.900;   0;eor
      150;20141012;   3;   11.8;  13.3;  -999;    -999;   95.04;-999;   15.4;    6.9;    4.9;-999;   6.7;   4;    1.683;   0;eor
      150;20141013;   3;   14.7;  15.2;  -999;    -999;   90.92;-999;   18.3;   11.6;    9.0;-999;   1.0;   4;    1.917;   0;eor
      150;20141014;   3;   13.9;  14.3;  -999;    -999;   89.96;-999;   19.8;    9.5;    7.1;-999;   0.0;   0;    4.083;   0;eor
      150;20141015;   3;   14.1;  13.2;  -999;    -999;   83.50;-999;   20.1;   10.4;    7.0;-999;   6.7;   4;    4.150;   0;eor
      150;20141016;   3;   14.9;  15.0;  -999;    -999;   89.17;-999;   17.9;   12.6;   10.3;-999;   8.6;   4;    1.183;   0;eor
      150;20141017;   3;   14.1;  14.3;  -999;    -999;   89.29;-999;   17.8;    9.6;    7.3;-999;   0.0;   4;    3.083;   0;eor
      150;20141018;   3;   12.6;  13.4;  -999;    -999;   91.71;-999;   18.6;    7.8;    6.3;-999;   0.0;   0;    7.367;   0;eor
      150;20141019;   3;   16.2;  15.8;  -999;    -999;   85.50;-999;   23.1;    9.4;    7.6;-999;   0.2;   4;    7.533;   0;eor
      150;20141020;   3;   15.8;  15.1;  -999;    -999;   84.04;-999;   19.5;   10.1;    6.9;-999;   0.0;   0;    1.250;   0;eor
      150;20141021;   3;   10.8;  11.0;  -999;    -999;   84.33;-999;   14.7;    7.3;    5.2;-999;   6.0;   4;    1.400;   0;eor
      150;20141022;   3;    8.1;   8.7;  -999;    -999;   79.96;-999;   10.7;    6.1;    4.4;-999;   0.7;   4;    0.733;   0;eor
      150;20141023;   3;    8.9;   9.6;  -999;    -999;   84.38;-999;   13.9;    5.1;    2.3;-999;   0.1;   4;    2.983;   0;eor
      150;20141024;   3;    8.2;   9.7;  -999;    -999;   89.00;-999;   13.7;    3.0;    0.9;-999;   0.1;   4;    7.783;   0;eor
      150;20141025;   3;   11.4;  11.9;  -999;    -999;   88.13;-999;   14.4;    8.9;    8.2;-999;   0.2;   4;    0.100;   0;eor
      150;20141026;   3;   11.8;  12.8;  -999;    -999;   92.25;-999;   16.0;    8.2;    5.9;-999;   0.1;   4;    1.933;   0;eor
      150;20141027;   3;    8.5;  10.7;  -999;    -999;   96.17;-999;   11.0;    6.3;    3.0;-999;   0.0;   0;    0.600;   0;eor
      150;20141028;   3;    6.4;   8.6;  -999;    -999;   89.04;-999;    7.2;    3.7;    1.8;-999;   0.0;   0;    0.000;   0;eor
      150;20141029;   3;    9.0;   9.9;  -999;    -999;   86.42;-999;   13.1;    6.7;    6.3;-999;   1.1;   4;    2.950;   0;eor
      150;20141030;   3;   11.0;  12.6;  -999;    -999;   95.67;-999;   13.3;    9.4;    8.0;-999;   0.0;   0;    0.000;   0;eor
      150;20141031;   3;   10.7;  12.2;  -999;    -999;   94.50;-999;   15.6;    7.4;    5.1;-999;   0.0;   0;    2.100;   0;eor
      150;20141101;   3;    9.1;  11.4;  -999;    -999;   98.92;-999;   11.3;    6.5;    5.7;-999;   0.0;   0;    0.000;   0;eor
      150;20141102;   3;   10.0;  12.0;  -999;    -999;   96.54;-999;   13.8;    4.8;    3.2;-999;   0.6;   4;    2.283;   0;eor
      150;20141103;   3;   13.2;  13.2;  -999;    -999;   86.96;-999;   15.1;   11.3;   10.3;-999;   3.6;   4;    0.133;   0;eor
      150;20141104;   3;   11.9;  12.1;  -999;    -999;   87.08;-999;   14.9;    8.4;    8.0;-999;   8.8;   4;    0.233;   0;eor
      150;20141105;   3;    8.5;  10.2;  -999;    -999;   91.63;-999;    9.9;    7.2;    6.2;-999;   0.7;   4;    0.000;   0;eor
      150;20141106;   3;    6.3;   8.4;  -999;    -999;   87.92;-999;   11.2;    1.0;   -1.2;-999;   0.0;   0;    5.183;   0;eor
      150;20141107;   3;    5.3;   8.5;  -999;    -999;   94.96;-999;    8.6;    0.8;   -1.1;-999;   0.1;   4;    0.000;   0;eor
      150;20141108;   3;    8.1;   9.6;  -999;    -999;   88.29;-999;   13.0;    3.5;    0.9;-999;   0.0;   0;    2.700;   0;eor
      150;20141109;   3;    5.8;   8.8;  -999;    -999;   95.17;-999;    9.3;    1.9;   -0.3;-999;   0.3;   4;    3.633;   0;eor
      150;20141110;   3;    8.1;  10.5;  -999;    -999;   96.50;-999;   10.0;    6.4;    5.7;-999;   0.0;   0;    0.000;   0;eor
      150;20141111;   3;    7.4;   9.9;  -999;    -999;   96.17;-999;    8.7;    5.5;    5.6;-999;   0.0;   0;    0.017;   0;eor
      150;20141112;   3;    8.5;  10.6;  -999;    -999;   95.21;-999;    9.8;    7.4;    6.7;-999;   5.4;   4;    0.000;   0;eor
      150;20141113;   3;   10.0;  11.6;  -999;    -999;   94.96;-999;   11.7;    8.8;    7.9;-999;   0.1;   4;    0.000;   0;eor
      150;20141114;   3;    9.7;  10.8;  -999;    -999;   89.67;-999;   11.8;    7.4;    5.3;-999;   0.0;   4;    0.250;   0;eor
      150;20141115;   3;    8.8;  10.7;  -999;    -999;   94.08;-999;   11.3;    6.6;    5.2;-999;  19.2;   4;    0.100;   0;eor
      150;20141116;   3;    8.9;  10.6;  -999;    -999;   92.50;-999;   11.5;    7.8;    6.3;-999;   1.8;   4;    0.950;   0;eor
      150;20141117;   3;    8.4;  10.1;  -999;    -999;   91.96;-999;   11.0;    7.3;    6.6;-999;   0.9;   4;    1.483;   0;eor
      150;20141118;   3;    7.7;   9.9;  -999;    -999;   93.96;-999;    8.8;    6.8;    6.2;-999;   4.0;   4;    0.000;   0;eor
      150;20141119;   3;    7.6;   9.8;  -999;    -999;   93.63;-999;   10.8;    5.5;    3.1;-999;   0.1;   4;    1.050;   0;eor
      150;20141120;   3;    5.8;   8.7;  -999;    -999;   95.08;-999;    7.6;    2.9;    0.8;-999;   0.0;   0;    0.133;   0;eor
      150;20141121;   3;    3.6;   7.4;  -999;    -999;   94.17;-999;    8.5;    0.9;   -1.4;-999;   0.0;   0;    3.617;   0;eor
      150;20141122;   3;    5.0;   8.2;  -999;    -999;   93.42;-999;    9.6;    1.5;   -0.6;-999;   0.0;   4;    4.733;   0;eor
      150;20141123;   3;    4.8;   8.5;  -999;    -999;   98.96;-999;    5.6;    3.6;    3.7;-999;   0.0;   0;    0.000;   0;eor
      150;20141124;   3;    7.0;   9.8;  -999;    -999;   96.83;-999;   10.1;    3.6;    1.2;-999;   0.0;   0;    0.000;   0;eor
      150;20141125;   3;    3.7;   7.6;  -999;    -999;   95.54;-999;    5.9;    1.0;   -1.0;-999;   0.0;   0;    3.650;   0;eor
      150;20141126;   3;    3.9;   7.4;  -999;    -999;   91.88;-999;    5.0;    2.6;    2.4;-999;   0.2;   4;    0.000;   0;eor
      150;20141127;   3;    4.6;   7.8;  -999;    -999;   91.71;-999;    6.1;    2.3;   -0.1;-999;   0.2;   4;    0.000;   0;eor
      150;20141128;   3;    3.3;   7.2;  -999;    -999;   93.08;-999;    4.8;    0.9;   -0.6;-999;   0.0;   0;    0.217;   0;eor
      150;20141129;   3;    2.9;   6.8;  -999;    -999;   90.21;-999;    3.2;    2.6;    2.4;-999;   0.0;   0;    0.000;   0;eor
      150;20141130;   3;    2.6;   6.9;  -999;    -999;   93.83;-999;    3.1;    2.3;    2.1;-999;   0.0;   0;    0.000;   0;eor
      150;20141201;   3;    2.4;   6.6;  -999;    -999;   91.00;-999;    3.7;    0.4;    0.4;-999;   0.0;   0;    0.000;   0;eor
      150;20141202;   3;    0.3;   6.1;  -999;    -999;   97.58;-999;    0.9;   -0.2;   -0.4;-999;   4.7;   4;    0.000;   0;eor
      150;20141203;   3;    0.3;   5.9;  -999;    -999;   94.46;-999;    1.1;   -0.2;   -0.5;-999;   0.0;   0;    0.000;   4;eor
      150;20141204;   3;    1.2;   6.5;  -999;    -999;   96.38;-999;    2.1;    0.3;    0.1;-999;   0.0;   4;    0.000;   0;eor
      150;20141205;   3;    3.1;   7.1;  -999;    -999;   93.50;-999;    4.5;    1.8;    1.6;-999;   0.3;   4;    0.000;   0;eor
      150;20141206;   3;    3.9;   7.4;  -999;    -999;   91.50;-999;    4.9;    3.1;    1.3;-999;   0.0;   0;    0.000;   0;eor
      150;20141207;   3;    3.6;   7.1;  -999;    -999;   89.58;-999;    6.4;    1.8;   -1.3;-999;   0.4;   4;    0.467;   0;eor
      150;20141208;   3;    2.7;   6.5;  -999;    -999;   87.63;-999;    6.0;    0.1;   -2.6;-999;   2.2;   4;    2.933;   0;eor
      150;20141209;   3;    1.4;   6.3;  -999;    -999;   93.21;-999;    4.3;   -0.9;   -3.6;-999;   0.0;   0;    1.117;   0;eor
      150;20141210;   3;    2.8;   6.7;  -999;    -999;   89.83;-999;    4.3;    0.5;   -1.2;-999;   0.5;   4;    0.000;   0;eor
      150;20141211;   3;    5.6;   8.0;  -999;    -999;   87.29;-999;    6.7;    4.3;    2.9;-999;   1.9;   4;    0.050;   0;eor
      150;20141212;   3;    8.1;   8.5;  -999;    -999;   78.79;-999;    9.8;    6.4;    5.0;-999;   1.9;   4;    0.000;   0;eor
      150;20141213;   3;    6.8;   9.0;  -999;    -999;   91.38;-999;    9.5;    3.5;    3.5;-999;   7.4;   4;    0.000;   0;eor
      150;20141214;   3;    3.9;   7.7;  -999;    -999;   95.04;-999;    4.8;    3.1;    2.9;-999;   0.9;   4;    0.000;   0;eor
      150;20141215;   3;    5.4;   8.1;  -999;    -999;   90.00;-999;    7.3;    1.5;   -1.7;-999;   1.2;   4;    1.967;   0;eor
      150;20141216;   3;    5.6;   8.4;  -999;    -999;   91.88;-999;    7.6;    2.4;   -0.5;-999;   0.8;   4;    0.000;   0;eor
      150;20141217;   3;    4.7;   7.8;  -999;    -999;   90.17;-999;    7.5;    2.4;    0.0;-999;   1.8;   4;    0.000;   0;eor
      150;20141218;   3;   10.5;  11.4;  -999;    -999;   89.75;-999;   13.3;    7.4;    6.8;-999;   0.0;   4;    0.000;   0;eor
      150;20141219;   3;   10.0;  10.4;  -999;    -999;   84.42;-999;   11.3;    4.7;    2.7;-999;   4.1;   4;    0.000;   0;eor
      150;20141220;   3;    4.9;   7.2;  -999;    -999;   82.79;-999;    7.0;    2.4;   -0.3;-999;   1.1;   4;    0.500;   0;eor
      150;20141221;   3;    5.6;   7.6;  -999;    -999;   82.96;-999;    7.3;    3.3;    0.4;-999;   0.0;   0;    0.767;   0;eor
      150;20141222;   3;    6.9;   8.4;  -999;    -999;   84.13;-999;    7.5;    6.2;    5.1;-999;   0.0;   0;    0.000;   0;eor
      150;20141223;   3;    7.6;   9.2;  -999;    -999;   87.88;-999;    8.8;    5.7;    5.2;-999;   0.0;   0;    0.000;   0;eor
      150;20141224;   3;    6.8;   8.3;  -999;    -999;   83.96;-999;    8.5;    4.6;    4.2;-999;   1.1;   4;    0.683;   0;eor
      150;20141225;   3;    4.3;   6.8;  -999;    -999;   81.83;-999;    6.9;    1.7;   -1.1;-999;   2.7;   4;    2.417;   0;eor
      150;20141226;   3;    2.1;   6.4;  -999;    -999;   90.13;-999;    5.8;    0.1;   -1.8;-999;   0.5;   4;    4.200;   0;eor
      150;20141227;   3;   -0.1;   6.0;  -999;    -999;   99.00;-999;    1.4;   -2.1;   -2.4;-999;   7.8;   4;    0.000;   1;eor
      150;20141228;   3;   -4.3;   3.5;  -999;    -999;   79.17;-999;   -1.8;   -7.7;  -12.9;-999;   0.4;   4;    5.400;   5;eor
      150;20141229;   3;   -1.8;   4.7;  -999;    -999;   86.92;-999;    1.9;   -7.2;  -10.3;-999;   0.8;   4;    0.783;   6;eor
      150;20141230;   3;    1.0;   5.7;  -999;    -999;   87.08;-999;    4.1;   -3.8;   -8.1;-999;   0.0;   0;    1.833;   6;eor
      150;20141231;   3;    2.0;   6.2;  -999;    -999;   88.29;-999;    3.5;    1.3;    0.3;-999;   0.0;   0;    0.000;   2;eor
      150;20150101;   3;    2.0;   6.6;  -999;    -999;   94.17;-999;    3.7;    0.6;   -0.8;-999;   0.0;   0;    0.100;   0;eor
      150;20150102;   3;    1.7;   6.3;  -999;    -999;   91.58;-999;    3.7;   -0.1;   -1.7;-999;   0.5;   4;    0.000;   0;eor
      150;20150103;   3;    1.2;   6.4;  -999;    -999;   96.50;-999;    3.0;    0.1;   -0.9;-999;  19.1;   4;    0.000;   0;eor
      150;20150104;   3;    2.2;   6.3;  -999;    -999;   87.96;-999;    4.4;   -0.1;   -1.9;-999;   0.1;   4;    1.333;   0;eor
      150;20150105;   3;    0.5;   5.6;  -999;    -999;   87.79;-999;    4.9;   -3.6;   -5.9;-999;   0.0;   0;    6.717;   0;eor
      150;20150106;   3;   -2.6;   5.0;  -999;    -999;   99.42;-999;    0.1;   -4.4;   -6.7;-999;   0.2;   4;    0.000;   0;eor
      150;20150107;   3;    1.8;   6.5;  -999;    -999;   92.63;-999;    4.4;    0.1;   -2.0;-999;   1.3;   4;    4.667;   0;eor
      150;20150108;   3;    6.2;   8.5;  -999;    -999;   88.63;-999;    9.6;    1.2;    0.8;-999;   4.0;   4;    0.000;   0;eor
      150;20150109;   3;    8.9;   9.6;  -999;    -999;   83.33;-999;   13.6;    4.9;    1.7;-999;   2.6;   4;    0.000;   0;eor
      150;20150110;   3;   12.1;  11.6;  -999;    -999;   81.75;-999;   14.5;    5.6;    3.6;-999;   1.6;   4;    0.933;   0;eor
      150;20150111;   3;    4.7;   5.9;  -999;    -999;   69.33;-999;    6.3;    2.6;    0.7;-999;   0.1;   4;    4.517;   0;eor
      150;20150112;   3;    5.7;   7.1;  -999;    -999;   78.00;-999;    7.1;    4.6;    3.5;-999;   0.0;   0;    0.067;   0;eor
      150;20150113;   3;    8.9;   7.0;  -999;    -999;   62.13;-999;   13.6;    5.2;    2.9;-999;   3.0;   4;    7.050;   0;eor
      150;20150114;   3;    5.1;   7.2;  -999;    -999;   81.63;-999;    7.8;    1.2;   -1.9;-999;   1.4;   4;    1.350;   0;eor
      150;20150115;   3;    7.2;   8.0;  -999;    -999;   79.04;-999;   11.5;    1.9;    0.7;-999;   0.8;   4;    1.333;   0;eor
      150;20150116;   3;    4.9;   7.8;  -999;    -999;   90.33;-999;    8.2;    3.8;    3.2;-999;   4.4;   4;    0.000;   0;eor
      150;20150117;   3;    3.3;   6.9;  -999;    -999;   88.67;-999;    5.6;    0.0;   -3.1;-999;   0.1;   4;    0.550;   0;eor
      150;20150118;   3;   -0.4;   5.8;  -999;    -999;   97.54;-999;    2.6;   -2.7;   -4.3;-999;   0.0;   0;    1.917;   0;eor
      150;20150119;   3;   -1.1;   5.5;  -999;    -999;   98.17;-999;   -0.4;   -2.1;   -3.1;-999;   0.7;   4;    0.000;   0;eor
      150;20150120;   3;   -0.2;   5.6;  -999;    -999;   92.29;-999;    1.6;   -2.5;   -5.2;-999;   0.0;   4;    2.567;   1;eor
      150;20150121;   3;   -0.4;   5.6;  -999;    -999;   95.00;-999;    1.2;   -2.5;   -3.2;-999;   0.0;   0;    0.000;   0;eor
      150;20150122;   3;    0.4;   5.6;  -999;    -999;   88.96;-999;    1.0;   -0.2;   -0.4;-999;   0.0;   0;    0.000;   0;eor
      150;20150123;   3;    1.0;   5.7;  -999;    -999;   87.79;-999;    2.7;   -2.3;   -5.5;-999;   0.0;   0;    0.000;   0;eor
      150;20150124;   3;   -0.4;   5.6;  -999;    -999;   94.00;-999;    1.9;   -4.7;   -6.5;-999;   2.6;   4;    0.000;   0;eor
      150;20150125;   3;    1.5;   6.1;  -999;    -999;   89.50;-999;    3.3;   -0.7;   -6.2;-999;   1.1;   4;    1.267;   4;eor
      150;20150126;   3;    1.8;   6.6;  -999;    -999;   95.17;-999;    4.0;    0.8;    0.1;-999;   3.2;   4;    0.000;   0;eor
      150;20150127;   3;    3.1;   6.6;  -999;    -999;   86.08;-999;    4.9;    1.2;   -0.6;-999;   0.0;   0;    0.650;   0;eor
      150;20150128;   3;    3.1;   6.8;  -999;    -999;   89.54;-999;    5.2;    1.4;   -0.2;-999;   1.4;   4;    0.000;   0;eor
      150;20150129;   3;    2.3;   6.4;  -999;    -999;   88.42;-999;    5.1;    0.1;   -2.5;-999;   2.1;   4;    0.817;   0;eor
      150;20150130;   3;    1.4;   5.8;  -999;    -999;   85.83;-999;    2.7;   -0.2;   -2.8;-999;   0.0;   0;    1.433;   0;eor
      150;20150131;   3;    1.1;   5.9;  -999;    -999;   89.42;-999;    2.9;   -0.3;   -3.0;-999;   5.2;   4;    1.050;   0;eor
      150;20150201;   3;    0.7;   6.0;  -999;    -999;   93.21;-999;    2.9;   -1.4;   -2.4;-999;   1.1;   4;    1.467;   5;eor
      150;20150202;   3;    0.8;   5.4;  -999;    -999;   83.75;-999;    3.1;   -1.7;   -3.4;-999;   0.0;   0;    3.967;   4;eor
      150;20150203;   3;   -0.6;   4.8;  -999;    -999;   83.29;-999;    3.2;   -4.0;   -5.8;-999;   0.0;   0;    3.617;   0;eor
      150;20150204;   3;   -1.6;   4.5;  -999;    -999;   82.83;-999;   -0.1;   -3.4;   -6.1;-999;   0.0;   0;    0.633;   0;eor
      150;20150205;   3;   -1.9;   4.1;  -999;    -999;   77.88;-999;    1.4;   -4.0;   -5.6;-999;   0.0;   0;    2.417;   0;eor
      150;20150206;   3;   -1.7;   4.0;  -999;    -999;   74.54;-999;    2.2;   -5.2;   -8.1;-999;   0.0;   0;    5.100;   0;eor
      150;20150207;   3;   -1.7;   4.1;  -999;    -999;   75.83;-999;    2.5;   -6.4;   -8.5;-999;   0.2;   4;    8.417;   0;eor
      150;20150208;   3;    2.2;   5.1;  -999;    -999;   71.83;-999;    4.6;   -0.8;   -3.8;-999;   0.1;   4;    3.583;   0;eor
      150;20150209;   3;    2.8;   6.3;  -999;    -999;   84.00;-999;    4.7;    0.8;   -0.2;-999;   0.0;   0;    0.000;   0;eor
      150;20150210;   3;    3.7;   7.0;  -999;    -999;   87.67;-999;    5.9;    2.1;    0.8;-999;   0.0;   0;    0.000;   0;eor
      150;20150211;   3;    2.5;   6.4;  -999;    -999;   86.83;-999;    3.4;    1.2;    0.9;-999;   0.0;   0;    0.000;   0;eor
      150;20150212;   3;    0.8;   6.1;  -999;    -999;   94.42;-999;    1.9;   -1.1;   -3.1;-999;   0.0;   0;    0.000;   0;eor
      150;20150213;   3;   -0.6;   5.8;  -999;    -999;   99.63;-999;    1.3;   -2.1;   -4.1;-999;   0.0;   0;    0.367;   0;eor
      150;20150214;   3;    0.6;   5.9;  -999;    -999;   93.13;-999;    5.6;   -2.5;   -4.6;-999;   0.2;   4;    3.383;   0;eor
      150;20150215;   3;   -1.3;   5.2;  -999;    -999;   94.54;-999;    1.2;   -2.8;   -5.1;-999;   0.0;   0;    1.750;   0;eor
      150;20150216;   3;    0.8;   5.8;  -999;    -999;   90.25;-999;    1.8;   -0.8;   -1.1;-999;   0.0;   0;    0.000;   0;eor
      150;20150217;   3;    1.7;   6.2;  -999;    -999;   89.17;-999;    3.7;    0.0;   -0.3;-999;   0.0;   0;    0.000;   0;eor
      150;20150218;   3;    2.6;   6.3;  -999;    -999;   86.13;-999;    4.6;    0.1;   -0.1;-999;   0.0;   0;    0.000;   0;eor
      150;20150219;   3;    0.4;   5.5;  -999;    -999;   88.08;-999;    1.7;   -1.1;   -4.0;-999;   0.0;   0;    0.000;   0;eor
      150;20150220;   3;    5.2;   6.3;  -999;    -999;   73.38;-999;   13.2;   -1.3;   -2.5;-999;   1.0;   4;    5.700;   0;eor
      150;20150221;   3;    4.9;   7.1;  -999;    -999;   81.46;-999;    8.3;   -0.5;   -2.2;-999;   0.5;   4;    0.767;   0;eor
      150;20150222;   3;    2.5;   6.1;  -999;    -999;   84.38;-999;    5.7;   -0.3;   -3.3;-999;   0.0;   0;    0.650;   0;eor
      150;20150223;   3;    2.5;   6.7;  -999;    -999;   90.13;-999;    5.4;   -0.3;   -3.0;-999;   3.1;   4;    0.000;   0;eor
      150;20150224;   3;    3.8;   6.8;  -999;    -999;   84.79;-999;    6.9;    1.1;   -1.7;-999;   0.5;   4;    3.133;   0;eor
      150;20150225;   3;    4.3;   6.8;  -999;    -999;   82.38;-999;    7.9;    0.5;   -1.9;-999;   0.3;   4;    8.100;   0;eor
      150;20150226;   3;    5.6;   7.2;  -999;    -999;   80.13;-999;    9.5;    3.0;    2.3;-999;   3.7;   4;    0.633;   0;eor
      150;20150227;   3;    4.0;   7.2;  -999;    -999;   88.25;-999;    5.3;    2.3;    1.0;-999;   4.6;   4;    0.000;   0;eor
      150;20150228;   3;    3.1;   5.8;  -999;    -999;   77.04;-999;    8.5;   -0.8;   -3.7;-999;   0.7;   4;    9.800;   0;eor
      150;20150301;   3;    6.4;   8.3;  -999;    -999;   85.75;-999;   10.0;    1.8;    1.0;-999;   3.0;   4;    0.000;   0;eor
      150;20150302;   3;    6.5;   6.9;  -999;    -999;   71.79;-999;   10.9;    2.5;    0.1;-999;   0.9;   4;    7.450;   0;eor
      150;20150303;   3;    5.1;   6.2;  -999;    -999;   72.33;-999;   10.9;    0.5;   -2.6;-999;   2.4;   4;    7.800;   0;eor
      150;20150304;   3;    3.7;   6.1;  -999;    -999;   77.33;-999;    8.3;   -0.1;   -3.1;-999;   0.0;   4;    6.733;   0;eor
      150;20150305;   3;    4.1;   5.8;  -999;    -999;   71.46;-999;    8.0;    0.5;   -2.7;-999;   0.0;   0;    5.400;   0;eor
      150;20150306;   3;    4.3;   6.1;  -999;    -999;   74.21;-999;   10.3;   -0.4;   -3.6;-999;   0.0;   0;    2.450;   0;eor
      150;20150307;   3;    4.1;   6.0;  -999;    -999;   73.75;-999;   10.2;   -2.1;   -4.2;-999;   0.0;   0;    6.883;   0;eor
      150;20150308;   3;    5.6;   6.5;  -999;    -999;   73.13;-999;   13.3;   -1.5;   -3.9;-999;   0.0;   0;    8.550;   0;eor
      150;20150309;   3;    8.4;   8.0;  -999;    -999;   73.08;-999;   15.1;    3.0;   -0.9;-999;   0.0;   0;   10.083;   0;eor
      150;20150310;   3;    6.9;   9.0;  -999;    -999;   89.04;-999;   10.7;    2.1;   -2.1;-999;   0.5;   4;    1.250;   0;eor
      150;20150311;   3;    4.5;   6.1;  -999;    -999;   74.92;-999;    9.6;   -0.3;   -4.0;-999;   0.0;   0;    9.867;   0;eor
      150;20150312;   3;    4.3;   5.8;  -999;    -999;   71.58;-999;   10.8;   -1.7;   -5.2;-999;   0.0;   0;   10.183;   0;eor
      150;20150313;   3;    3.6;   5.3;  -999;    -999;   69.33;-999;    7.5;   -1.0;   -4.1;-999;   0.0;   0;    4.417;   0;eor
      150;20150314;   3;    4.0;   6.3;  -999;    -999;   77.50;-999;    6.0;    2.3;    1.7;-999;   0.2;   4;    0.000;   0;eor
      150;20150315;   3;    3.7;   6.9;  -999;    -999;   87.13;-999;    6.7;    1.7;   -1.4;-999;   0.4;   4;    0.583;   0;eor
      150;20150316;   3;    5.8;   6.7;  -999;    -999;   74.79;-999;   12.5;    1.1;   -1.8;-999;   0.0;   0;    5.600;   0;eor
      150;20150317;   3;    9.0;   7.4;  -999;    -999;   66.58;-999;   16.2;    2.6;   -1.6;-999;   0.0;   0;   10.333;   0;eor
      150;20150318;   3;   10.8;   8.2;  -999;    -999;   65.38;-999;   18.3;    3.3;   -1.2;-999;   0.0;   0;   10.067;   0;eor
      150;20150319;   3;    8.9;   9.2;  -999;    -999;   81.50;-999;   14.4;    5.0;    1.3;-999;   0.0;   0;    6.750;   0;eor
      150;20150320;   3;    7.2;   7.1;  -999;    -999;   72.75;-999;   14.7;    1.6;   -2.2;-999;   0.0;   0;   10.550;   0;eor
      150;20150321;   3;    4.7;   7.1;  -999;    -999;   83.25;-999;    9.5;    0.2;   -3.0;-999;   0.8;   4;    1.717;   0;eor
      150;20150322;   3;    4.1;   6.6;  -999;    -999;   81.25;-999;    9.1;    0.0;   -2.5;-999;   0.0;   0;    4.233;   0;eor
      150;20150323;   3;    3.0;   6.3;  -999;    -999;   82.83;-999;    8.5;   -0.8;   -3.9;-999;   0.0;   0;    0.000;   0;eor
      150;20150324;   3;    6.0;   7.1;  -999;    -999;   77.54;-999;   13.6;   -1.8;   -4.5;-999;   0.0;   0;    6.933;   0;eor
      150;20150325;   3;    9.0;   8.2;  -999;    -999;   72.50;-999;   16.9;    3.4;   -0.6;-999;   0.0;   0;    8.500;   0;eor
      150;20150326;   3;    6.9;   7.2;  -999;    -999;   73.83;-999;   12.3;    4.4;    3.6;-999;   1.1;   4;    2.400;   0;eor
      150;20150327;   3;    7.2;   6.8;  -999;    -999;   68.21;-999;   11.3;    3.6;    1.3;-999;   0.0;   0;    6.117;   0;eor
      150;20150328;   3;    8.4;   7.5;  -999;    -999;   68.58;-999;   13.6;    2.7;   -0.6;-999;   0.2;   4;    4.533;   0;eor
      150;20150329;   3;   11.0;  10.8;  -999;    -999;   81.67;-999;   12.2;    6.8;    5.5;-999;   5.1;   4;    0.000;   0;eor
      150;20150330;   3;    7.3;   7.1;  -999;    -999;   69.42;-999;   11.1;    3.1;   -1.1;-999;   0.2;   4;    6.033;   0;eor
      150;20150331;   3;    9.2;   9.3;  -999;    -999;   78.96;-999;   13.1;    3.1;    2.4;-999;  14.5;   4;    4.000;   0;eor
      150;20150401;   3;    5.3;   6.2;  -999;    -999;   69.58;-999;    8.6;    2.7;    1.1;-999;   1.9;   4;    6.967;   0;eor
      150;20150402;   3;    5.6;   6.2;  -999;    -999;   68.88;-999;    9.1;    1.1;   -2.1;-999;   1.0;   4;    4.567;   0;eor
      150;20150403;   3;    5.8;   6.1;  -999;    -999;   67.33;-999;   11.1;   -0.9;   -4.4;-999;   0.4;   4;   10.500;   0;eor
      150;20150404;   3;    4.6;   7.1;  -999;    -999;   83.46;-999;    7.2;    2.2;   -0.1;-999;   7.6;   4;    0.050;   0;eor
      150;20150405;   3;    5.0;   5.2;  -999;    -999;   61.00;-999;   10.5;    0.7;   -3.2;-999;   0.0;   0;   10.583;   0;eor
      150;20150406;   3;    4.8;   5.2;  -999;    -999;   60.50;-999;   10.6;    0.1;   -4.2;-999;   0.0;   0;    3.600;   0;eor
      150;20150407;   3;    5.8;   5.3;  -999;    -999;   60.13;-999;   12.8;   -1.8;   -5.1;-999;   0.0;   0;    9.950;   0;eor
      150;20150408;   3;    8.6;   7.5;  -999;    -999;   67.83;-999;   15.4;    1.2;   -2.0;-999;   0.0;   0;   10.117;   0;eor
      150;20150409;   3;   11.5;   8.9;  -999;    -999;   68.00;-999;   19.9;    4.3;   -0.2;-999;   0.0;   0;   11.900;   0;eor
      150;20150410;   3;   13.3;   8.2;  -999;    -999;   57.50;-999;   21.4;    3.4;   -0.1;-999;   0.0;   0;   12.250;   0;eor
      150;20150411;   3;   12.9;   9.6;  -999;    -999;   64.17;-999;   17.0;    9.6;    3.9;-999;   1.0;   4;    1.250;   0;eor
      150;20150412;   3;   11.7;   8.7;  -999;    -999;   65.38;-999;   18.6;    5.3;    2.4;-999;   0.0;   0;    9.800;   0;eor
      150;20150413;   3;   12.1;   8.9;  -999;    -999;   63.33;-999;   16.8;    6.0;    2.1;-999;   0.0;   0;    7.050;   0;eor
      150;20150414;   3;   13.8;   9.3;  -999;    -999;   60.92;-999;   22.4;    4.2;    0.5;-999;   0.0;   0;   12.133;   0;eor
      150;20150415;   3;   17.1;   9.1;  -999;    -999;   50.88;-999;   26.2;    8.1;    2.6;-999;   0.0;   0;   11.283;   0;eor
      150;20150416;   3;   16.9;   9.6;  -999;    -999;   51.04;-999;   23.7;    9.6;    5.0;-999;   0.0;   0;    8.517;   0;eor
      150;20150417;   3;   10.2;   7.5;  -999;    -999;   60.67;-999;   15.2;    5.0;    0.1;-999;   0.2;   4;    1.900;   0;eor
      150;20150418;   3;    8.0;   5.8;  -999;    -999;   56.04;-999;   13.6;    2.6;   -1.9;-999;   0.0;   0;   11.667;   0;eor
      150;20150419;   3;    9.0;   5.4;  -999;    -999;   51.04;-999;   16.5;    0.6;   -3.3;-999;   0.0;   0;   12.800;   0;eor
      150;20150420;   3;   12.3;   6.8;  -999;    -999;   49.79;-999;   19.3;    3.7;   -1.2;-999;   0.0;   0;   12.250;   0;eor
      150;20150421;   3;   14.2;   7.3;  -999;    -999;   48.92;-999;   23.5;    5.0;   -0.3;-999;   0.0;   0;   12.900;   0;eor
      150;20150422;   3;   11.1;   7.4;  -999;    -999;   57.04;-999;   17.5;    3.2;   -0.7;-999;   0.0;   0;   11.917;   0;eor
      150;20150423;   3;    9.7;   7.1;  -999;    -999;   62.00;-999;   17.5;    0.9;   -2.3;-999;   0.0;   0;   12.783;   0;eor
      150;20150424;   3;   13.5;   7.6;  -999;    -999;   51.38;-999;   22.2;    2.6;   -1.0;-999;   0.0;   0;   12.400;   0;eor
      150;20150425;   3;   12.9;  10.6;  -999;    -999;   70.96;-999;   17.4;    8.5;    4.2;-999;   0.0;   0;    1.483;   0;eor
      150;20150426;   3;   16.2;  12.6;  -999;    -999;   70.79;-999;   21.8;   10.9;    7.4;-999;   1.0;   4;    7.950;   0;eor
      150;20150427;   3;   11.2;  12.3;  -999;    -999;   92.13;-999;   13.8;    7.0;    6.4;-999;   5.9;   4;    0.000;   0;eor
      150;20150428;   3;    9.3;   7.5;  -999;    -999;   65.75;-999;   14.9;    2.9;   -0.9;-999;   0.0;   0;    6.533;   0;eor
      150;20150429;   3;    9.1;   6.9;  -999;    -999;   62.58;-999;   15.9;    0.2;   -2.3;-999;   0.0;   0;   12.317;   0;eor
      150;20150430;   3;   10.4;   9.0;  -999;    -999;   72.33;-999;   17.2;    6.1;    2.4;-999;   2.7;   4;    4.667;   0;eor
      150;20150501;   3;    9.0;   9.7;  -999;    -999;   84.75;-999;   11.4;    7.0;    6.5;-999;   0.3;   4;    0.083;-999;eor
      150;20150502;   3;   11.4;   9.4;  -999;    -999;   70.63;-999;   15.5;    4.7;    1.3;-999;   2.0;   4;    5.017;-999;eor
      150;20150503;   3;   14.2;  15.0;  -999;    -999;   92.17;-999;   16.8;   10.7;   10.1;-999;   2.7;   4;    0.150;-999;eor
      150;20150504;   3;   17.7;  14.2;  -999;    -999;   71.92;-999;   23.2;   11.0;    7.5;-999;   0.1;   4;    8.300;-999;eor
      150;20150505;   3;   18.9;  13.7;  -999;    -999;   63.75;-999;   25.3;   10.0;    6.4;-999;   0.0;   0;    6.850;-999;eor
      150;20150506;   3;   13.1;   9.5;  -999;    -999;   66.00;-999;   18.9;    7.5;    4.3;-999;   0.6;   4;   10.200;-999;eor
      150;20150507;   3;   12.1;   8.9;  -999;    -999;   65.29;-999;   19.0;    6.2;    3.1;-999;   0.0;   0;    7.217;-999;eor
      150;20150508;   3;   14.9;   9.8;  -999;    -999;   60.79;-999;   21.9;    7.1;    4.9;-999;   0.1;   4;    9.833;-999;eor
      150;20150509;   3;   15.7;  12.1;  -999;    -999;   69.67;-999;   20.9;    9.0;    5.3;-999;   0.3;   4;    6.050;-999;eor
      150;20150510;   3;   14.5;  10.7;  -999;    -999;   66.83;-999;   21.2;    8.5;    5.1;-999;   0.0;   0;   12.083;-999;eor
      150;20150511;   3;   17.3;  12.0;  -999;    -999;   62.88;-999;   25.6;    7.1;    4.6;-999;   0.0;   0;   11.400;-999;eor
      150;20150512;   3;   20.1;  14.0;  -999;    -999;   61.29;-999;   29.1;   11.1;    6.6;-999;   0.0;   0;    9.683;-999;eor
      150;20150513;   3;   14.7;   9.9;  -999;    -999;   60.54;-999;   21.4;    6.7;    2.6;-999;   0.1;   4;    9.750;-999;eor
      150;20150514;   3;   14.8;  10.8;  -999;    -999;   64.96;-999;   20.3;    9.6;    6.4;-999;   1.3;   4;    7.867;-999;eor
      150;20150515;   3;   15.2;  11.5;  -999;    -999;   68.83;-999;   21.4;    9.2;    5.2;-999;   0.0;   0;    5.867;-999;eor
      150;20150516;   3;   13.8;  10.0;  -999;    -999;   64.92;-999;   20.0;    6.5;    3.0;-999;   0.0;   0;    5.250;-999;eor
      150;20150517;   3;   14.1;  10.1;  -999;    -999;   65.04;-999;   20.3;    8.7;    5.0;-999;   0.0;   0;    6.433;-999;eor
      150;20150518;   3;   15.3;   9.3;  -999;    -999;   57.88;-999;   23.1;    6.3;    3.1;-999;   0.0;   0;   13.700;-999;eor
      150;20150519;   3;   13.4;   8.2;  -999;    -999;   54.25;-999;   17.9;    8.1;    4.5;-999;   1.2;   4;    8.583;-999;eor
      150;20150520;   3;   11.0;   8.3;  -999;    -999;   64.58;-999;   16.4;    6.1;    3.4;-999;   0.0;   0;    6.867;-999;eor
      150;20150521;   3;   11.0;   7.5;  -999;    -999;   60.29;-999;   17.9;    5.1;    1.6;-999;   0.0;   0;    9.333;-999;eor
      150;20150522;   3;   13.8;   8.5;  -999;    -999;   56.96;-999;   20.4;    4.2;    1.1;-999;   0.0;   0;    9.567;-999;eor
      150;20150523;   3;   16.0;  10.9;  -999;    -999;   60.79;-999;   20.5;   12.0;   10.8;-999;   0.0;   0;    1.083;-999;eor
      150;20150524;   3;   16.7;  13.0;  -999;    -999;   69.21;-999;   21.6;   12.6;   11.2;-999;   0.0;   0;    1.800;-999;eor
      150;20150525;   3;   15.0;  12.4;  -999;    -999;   74.58;-999;   21.2;    9.4;    6.8;-999;   0.6;   4;    2.700;-999;eor
      150;20150526;   3;   11.5;   9.1;  -999;    -999;   67.63;-999;   15.3;    6.3;    2.7;-999;   0.0;   0;    1.033;-999;eor
      150;20150527;   3;   10.3;   7.9;  -999;    -999;   65.63;-999;   15.8;    4.9;    1.4;-999;   0.0;   0;    1.650;-999;eor
      150;20150528;   3;   14.3;  10.3;  -999;    -999;   64.75;-999;   22.1;    5.1;    2.0;-999;   1.0;   4;    5.117;-999;eor
      150;20150529;   3;   13.9;  11.9;  -999;    -999;   75.75;-999;   18.8;    8.5;    5.3;-999;   1.4;   4;    4.017;-999;eor
      150;20150530;   3;   13.3;   9.0;  -999;    -999;   60.25;-999;   18.2;    6.2;    3.2;-999;   0.0;   0;    6.017;-999;eor
      150;20150531;   3;   15.2;  11.0;  -999;    -999;   64.88;-999;   22.0;    4.9;    2.7;-999;   0.5;   4;    7.150;-999;eor
      150;20150601;   3;   13.7;  13.0;  -999;    -999;   83.17;-999;   18.2;    8.6;    5.6;-999;   5.8;   4;    1.367;-999;eor
      150;20150602;   3;   17.5;  11.9;  -999;    -999;   63.21;-999;   25.2;    8.7;    5.9;-999;   0.0;   0;    6.733;-999;eor
      150;20150603;   3;   18.6;  13.3;  -999;    -999;   62.75;-999;   24.5;   10.4;    7.3;-999;   0.0;   0;    9.783;-999;eor
      150;20150604;   3;   18.1;  11.9;  -999;    -999;   60.58;-999;   26.4;    8.2;    5.2;-999;   0.0;   0;   14.117;-999;eor
      150;20150605;   3;   23.5;  15.0;  -999;    -999;   54.33;-999;   32.6;   12.4;    9.1;-999;   7.2;   4;   14.150;-999;eor
      150;20150606;   3;   22.2;  19.3;  -999;    -999;   72.33;-999;   28.9;   15.1;   13.1;-999;   0.3;   4;    9.333;-999;eor
      150;20150607;   3;   19.3;  11.6;  -999;    -999;   54.08;-999;   25.4;   13.4;   11.5;-999;   0.0;   0;   12.383;-999;eor
      150;20150608;   3;   16.2;  10.7;  -999;    -999;   58.63;-999;   20.5;   13.0;   11.7;-999;   0.0;   0;    4.583;-999;eor
      150;20150609;   3;   14.4;   9.9;  -999;    -999;   60.63;-999;   18.7;    9.9;    7.1;-999;   0.0;   0;    0.217;-999;eor
      150;20150610;   3;   15.0;  12.1;  -999;    -999;   70.92;-999;   19.9;    8.4;    6.0;-999;   0.0;   0;    2.567;-999;eor
      150;20150611;   3;   18.5;  13.9;  -999;    -999;   66.21;-999;   24.0;   12.5;    9.8;-999;   0.0;   0;    4.617;-999;eor
      150;20150612;   3;   20.1;  16.7;  -999;    -999;   73.21;-999;   30.0;   13.5;   10.8;-999;   1.0;   4;   10.183;-999;eor
      150;20150613;   3;   19.5;  16.5;  -999;    -999;   74.63;-999;   25.5;   13.0;   10.3;-999;   0.0;   0;    4.750;-999;eor
      150;20150614;   3;   20.4;  12.0;  -999;    -999;   53.67;-999;   27.5;   12.0;    8.9;-999;   0.0;   0;   11.983;-999;eor
      150;20150615;   3;   18.0;  13.5;  -999;    -999;   65.71;-999;   23.5;   11.6;    8.9;-999;   0.0;   0;    5.233;-999;eor
      150;20150616;   3;   15.6;  10.0;  -999;    -999;   58.04;-999;   21.8;    9.0;    5.4;-999;   0.0;   0;    4.967;-999;eor
      150;20150617;   3;   15.5;   9.2;  -999;    -999;   55.13;-999;   22.4;    7.5;    4.0;-999;   3.4;   4;   13.283;-999;eor
      150;20150618;   3;   16.5;  14.2;  -999;    -999;   75.46;-999;   21.2;   11.7;   10.1;-999;   6.8;   4;    2.533;-999;eor
      150;20150619;   3;   13.1;  10.8;  -999;    -999;   72.42;-999;   16.8;    8.9;    7.3;-999;   0.3;   4;    0.700;-999;eor
      150;20150620;   3;   13.0;  10.7;  -999;    -999;   71.96;-999;   17.7;    9.5;    8.2;-999;   0.2;   4;    1.217;-999;eor
      150;20150621;   3;   15.0;  14.2;  -999;    -999;   83.08;-999;   20.5;   11.0;   10.4;-999;   4.4;   4;    1.717;-999;eor
      150;20150622;   3;   13.2;  12.9;  -999;    -999;   85.13;-999;   16.3;   10.0;    8.7;-999;   6.4;   4;    0.000;-999;eor
      150;20150623;   3;   12.4;  11.5;  -999;    -999;   80.67;-999;   19.0;    7.1;    5.6;-999;   1.3;   4;    4.433;-999;eor
      150;20150624;   3;   14.3;  12.2;  -999;    -999;   75.96;-999;   20.3;   10.2;    8.7;-999;   0.0;   0;    6.733;-999;eor
      150;20150625;   3;   17.4;  12.4;  -999;    -999;   66.33;-999;   25.3;    8.6;    7.1;-999;   0.0;   0;    8.333;-999;eor
      150;20150626;   3;   20.8;  14.6;  -999;    -999;   61.75;-999;   27.5;   11.7;    9.6;-999;   8.2;   4;    7.883;-999;eor
      150;20150627;   3;   19.5;  16.5;  -999;    -999;   74.04;-999;   25.3;   12.6;   10.8;-999;   6.3;   4;    6.200;-999;eor
      150;20150628;   3;   18.4;  12.9;  -999;    -999;   63.50;-999;   23.9;   10.6;    8.7;-999;   0.0;   0;   11.333;-999;eor
      150;20150629;   3;   21.3;  15.4;  -999;    -999;   62.75;-999;   28.9;   13.8;   12.7;-999;   0.0;   0;    7.533;-999;eor
      150;20150630;   3;   22.0;  13.0;  -999;    -999;   53.54;-999;   29.1;   12.9;   11.0;-999;   0.0;   0;   14.350;-999;eor
      150;20150701;   3;   24.5;  15.6;  -999;    -999;   55.42;-999;   33.1;   14.2;   12.0;-999;   0.0;   0;   14.367;-999;eor
      150;20150702;   3;   27.3;  18.5;  -999;    -999;   54.79;-999;   35.2;   17.3;   15.7;-999;   0.0;   0;   13.883;-999;eor
      150;20150703;   3;   27.8;  20.8;  -999;    -999;   58.25;-999;   35.3;   20.2;   17.8;-999;   0.0;   0;   13.817;-999;eor
      150;20150704;   3;   29.6;  19.0;  -999;    -999;   49.46;-999;   38.0;   21.8;   18.6;-999;   0.0;   0;   13.000;-999;eor
      150;20150705;   3;   28.6;  19.0;  -999;    -999;   52.46;-999;   38.3;   19.3;   18.4;-999;   0.0;   0;   10.633;-999;eor
      150;20150706;   3;   22.2;  12.6;  -999;    -999;   51.42;-999;   30.1;   14.9;   13.2;-999;   0.0;   0;   14.267;-999;eor
      150;20150707;   3;   23.9;  15.4;  -999;    -999;   55.92;-999;   35.8;   13.1;   11.2;-999;   2.5;   4;   11.400;-999;eor
      150;20150708;   3;   18.9;  12.0;  -999;    -999;   56.17;-999;   23.7;   14.9;   13.8;-999;   0.2;   4;    6.100;-999;eor
      150;20150709;   3;   16.3;  11.6;  -999;    -999;   64.21;-999;   21.9;    9.7;    6.1;-999;   0.0;   0;    4.200;-999;eor
      150;20150710;   3;   16.3;   8.6;  -999;    -999;   51.71;-999;   24.5;    7.0;    4.3;-999;   0.0;   0;   14.183;-999;eor
      150;20150711;   3;   21.7;  10.5;  -999;    -999;   44.92;-999;   32.0;    9.7;    7.1;-999;   0.0;   0;   12.700;-999;eor
      150;20150712;   3;   20.2;  12.8;  -999;    -999;   56.50;-999;   26.5;   15.4;   11.7;-999;   0.2;   4;    6.983;-999;eor
      150;20150713;   3;   19.0;  15.2;  -999;    -999;   69.46;-999;   22.0;   15.8;   15.3;-999;   0.0;   0;    1.150;-999;eor
      150;20150714;   3;   21.7;  16.6;  -999;    -999;   65.21;-999;   27.3;   16.8;   14.2;-999;   0.0;   0;    3.950;-999;eor
      150;20150715;   3;   22.3;  16.1;  -999;    -999;   62.79;-999;   30.1;   14.7;   11.7;-999;   0.0;   0;    7.983;-999;eor
      150;20150716;   3;   25.1;  16.8;  -999;    -999;   56.50;-999;   32.4;   17.0;   14.8;-999;   0.1;   4;   13.083;-999;eor
      150;20150717;   3;   27.5;  15.8;  -999;    -999;   45.71;-999;   35.2;   19.5;   17.8;-999;   1.9;   4;    7.367;-999;eor
      150;20150718;   3;   24.4;  18.6;  -999;    -999;   62.88;-999;   31.2;   18.0;   15.6;-999;   0.1;   4;    6.400;-999;eor
      150;20150719;   3;   21.9;  18.1;  -999;    -999;   69.13;-999;   27.8;   17.8;   15.5;-999;   3.4;   4;    2.033;-999;eor
      150;20150720;   3;   22.7;  19.7;  -999;    -999;   72.25;-999;   28.7;   17.9;   16.5;-999;   0.4;   4;    3.150;-999;eor
      150;20150721;   3;   25.3;  18.9;  -999;    -999;   61.54;-999;   32.4;   16.9;   14.7;-999;   0.0;   0;    9.533;-999;eor
      150;20150722;   3;   25.7;  18.8;  -999;    -999;   59.50;-999;   34.9;   18.5;   16.3;-999;   0.0;   0;    9.517;-999;eor
      150;20150723;   3;   22.1;  12.7;  -999;    -999;   49.42;-999;   26.8;   16.7;   14.9;-999;   0.0;   0;    4.083;-999;eor
      150;20150724;   3;   23.5;  14.5;  -999;    -999;   52.96;-999;   31.2;   14.9;   11.6;-999;   2.9;   4;   12.500;-999;eor
      150;20150725;   3;   17.7;  14.3;  -999;    -999;   70.21;-999;   21.7;   11.1;    8.8;-999;   0.0;   0;    6.100;-999;eor
      150;20150726;   3;   15.5;  10.8;  -999;    -999;   64.67;-999;   22.1;    7.8;    4.5;-999;   1.5;   4;    8.117;-999;eor
      150;20150727;   3;   17.7;  14.3;  -999;    -999;   71.63;-999;   23.1;   13.4;   11.9;-999;   1.0;   4;    4.050;-999;eor
      150;20150728;   3;   17.8;  10.9;  -999;    -999;   55.00;-999;   22.5;   13.4;   11.8;-999;   0.0;   0;    6.067;-999;eor
      150;20150729;   3;   15.7;  10.8;  -999;    -999;   62.50;-999;   22.1;   10.2;    6.6;-999;   0.1;   4;    4.467;-999;eor
      150;20150730;   3;   15.2;   9.7;  -999;    -999;   59.83;-999;   23.6;    8.7;    5.6;-999;   1.1;   4;    8.217;-999;eor
      150;20150731;   3;   15.8;  10.2;  -999;    -999;   60.79;-999;   22.5;    8.0;    5.1;-999;   0.0;   0;   12.733;-999;eor
      150;20150801;   3;   19.7;  10.9;  -999;    -999;   48.54;-999;   26.7;   13.9;   12.3;-999;   0.0;   0;    9.617;-999;eor
      150;20150802;   3;   21.7;  12.1;  -999;    -999;   49.88;-999;   29.8;   12.8;    9.6;-999;   0.0;   0;   13.067;-999;eor
      150;20150803;   3;   24.1;  12.6;  -999;    -999;   45.38;-999;   32.8;   12.9;   10.0;-999;   0.0;   0;   13.717;-999;eor
      150;20150804;   3;   20.0;  16.6;  -999;    -999;   72.25;-999;   28.5;   13.2;   11.4;-999;   3.7;   4;    4.700;-999;eor
      150;20150805;   3;   20.2;  15.4;  -999;    -999;   69.13;-999;   28.5;   11.6;    9.8;-999;   0.0;   0;   11.350;-999;eor
      150;20150806;   3;   25.1;  15.9;  -999;    -999;   53.96;-999;   35.7;   15.1;   12.5;-999;   0.0;   0;    9.000;-999;eor
      150;20150807;   3;   28.6;  17.2;  -999;    -999;   48.00;-999;   38.4;   18.2;   15.6;-999;   0.0;   0;   12.250;-999;eor
      150;20150808;   3;   25.5;  19.2;  -999;    -999;   59.79;-999;   32.2;   20.7;   19.8;-999;   1.2;   4;   10.733;-999;eor
      150;20150809;   3;   23.3;  19.5;  -999;    -999;   69.42;-999;   29.8;   18.5;   17.0;-999;   7.3;   4;    6.083;-999;eor
      150;20150810;   3;   22.5;  19.9;  -999;    -999;   74.38;-999;   29.3;   18.5;   17.6;-999;   0.0;   0;   11.033;-999;eor
      150;20150811;   3;   23.2;  19.0;  -999;    -999;   68.42;-999;   28.6;   18.1;   17.1;-999;   0.0;   0;    7.133;-999;eor
      150;20150812;   3;   24.7;  19.6;  -999;    -999;   64.79;-999;   31.0;   17.5;   15.7;-999;   0.0;   0;   10.933;-999;eor
      150;20150813;   3;   26.5;  18.5;  -999;    -999;   56.50;-999;   34.5;   19.7;   17.8;-999;   0.3;   4;   12.300;-999;eor
      150;20150814;   3;   22.5;  19.2;  -999;    -999;   72.17;-999;   28.4;   18.1;   15.9;-999;   0.4;   4;    4.867;-999;eor
      150;20150815;   3;   20.2;  16.6;  -999;    -999;   71.83;-999;   25.9;   16.9;   14.5;-999;   1.5;   4;    6.517;-999;eor
      150;20150816;   3;   16.3;  16.0;  -999;    -999;   86.46;-999;   17.8;   14.5;   14.3;-999;   1.0;   4;    0.000;-999;eor
      150;20150817;   3;   15.3;  14.7;  -999;    -999;   84.25;-999;   17.3;   14.1;   13.7;-999;   0.4;   4;    0.000;-999;eor
      150;20150818;   3;   15.7;  12.9;  -999;    -999;   73.63;-999;   19.6;   10.5;    8.4;-999;   0.0;   0;    0.383;-999;eor
      150;20150819;   3;   16.2;  12.1;  -999;    -999;   67.58;-999;   21.1;    9.0;    6.4;-999;   0.0;   0;    1.967;-999;eor
      150;20150820;   3;   17.9;  12.9;  -999;    -999;   64.17;-999;   23.8;   11.7;    8.9;-999;   0.0;   0;    6.767;-999;eor
      150;20150821;   3;   18.1;  12.6;  -999;    -999;   64.29;-999;   25.8;   10.7;    7.9;-999;   0.0;   0;   11.067;-999;eor
      150;20150822;   3;   19.9;  10.8;  -999;    -999;   50.04;-999;   27.3;   11.9;    9.0;-999;   0.0;   0;     -999;-999;eor
      150;20150823;   3;   19.0;  12.9;  -999;    -999;   63.42;-999;   28.5;    9.4;    6.9;-999;   5.5;   4;    8.383;-999;eor
      150;20150824;   3;   17.7;  17.8;  -999;    -999;   87.67;-999;   20.8;   14.7;   12.4;-999;   5.0;   4;    0.450;-999;eor
      150;20150825;   3;   17.1;  11.6;  -999;    -999;   60.33;-999;   21.8;   13.5;   11.9;-999;   0.0;   0;    9.917;-999;eor
      150;20150826;   3;   20.5;  13.2;  -999;    -999;   55.96;-999;   27.2;   13.3;   10.4;-999;   0.0;   0;   11.733;-999;eor
      150;20150827;   3;   23.3;  15.7;  -999;    -999;   56.63;-999;   31.1;   18.2;   15.1;-999;   3.4;   4;    3.550;-999;eor
      150;20150828;   3;   16.4;  17.8;  -999;    -999;   94.83;-999;   18.9;   14.1;   13.0;-999;   9.2;   4;    0.133;-999;eor
      150;20150829;   3;   20.7;  20.2;  -999;    -999;   83.96;-999;   28.3;   15.0;   14.9;-999;   0.0;   0;    8.083;-999;eor
      150;20150830;   3;   25.7;  20.0;  -999;    -999;   65.17;-999;   34.4;   17.7;   16.2;-999;   0.0;   0;   11.600;-999;eor
      150;20150831;   3;   26.3;  15.8;  -999;    -999;   50.71;-999;   34.1;   19.2;   16.9;-999;   0.2;   4;   12.117;-999;eor
      150;20150901;   3;   19.0;  17.3;  -999;    -999;   79.21;-999;   26.9;   13.5;   11.7;-999;   3.6;   4;    1.517;-999;eor
      150;20150902;   3;   16.0;  13.6;  -999;    -999;   76.00;-999;   21.4;   12.8;   10.5;-999;   0.0;   0;    5.233;-999;eor
      150;20150903;   3;   15.6;  11.2;  -999;    -999;   65.08;-999;   22.3;    9.3;    6.5;-999;   0.0;   0;    6.300;-999;eor
      150;20150904;   3;   13.1;   9.7;  -999;    -999;   66.21;-999;   19.2;    8.0;    5.0;-999;   0.0;   0;    5.683;-999;eor
      150;20150905;   3;   13.1;  11.2;  -999;    -999;   74.75;-999;   16.9;    8.0;    5.3;-999;   1.3;   4;    1.517;-999;eor
      150;20150906;   3;   11.9;   9.7;  -999;    -999;   71.25;-999;   16.7;    7.0;    5.3;-999;   0.0;   0;    4.350;-999;eor
      150;20150907;   3;   13.5;  11.9;  -999;    -999;   76.17;-999;   16.7;   10.4;    9.6;-999;   0.0;   0;    0.250;-999;eor
      150;20150908;   3;   14.5;  12.4;  -999;    -999;   75.96;-999;   18.7;   11.2;    7.5;-999;   0.0;   0;    2.000;-999;eor
      150;20150909;   3;   15.1;  10.6;  -999;    -999;   64.00;-999;   21.1;    9.8;    6.6;-999;   0.0;   0;    9.617;-999;eor
      150;20150910;   3;   14.1;   8.9;  -999;    -999;   58.67;-999;   20.5;    8.6;    5.9;-999;   0.0;   0;   11.150;-999;eor
      150;20150911;   3;   13.8;   9.7;  -999;    -999;   64.25;-999;   21.7;    7.9;    4.3;-999;   0.0;   0;   11.483;-999;eor
      150;20150912;   3;   17.0;  13.7;  -999;    -999;   71.75;-999;   26.3;    9.1;    6.4;-999;   0.4;   4;    3.000;-999;eor
      150;20150913;   3;   17.2;  17.5;  -999;    -999;   89.33;-999;   20.9;   14.3;   12.1;-999;   3.4;   4;    2.267;-999;eor
      150;20150914;   3;   15.8;  14.9;  -999;    -999;   83.04;-999;   22.3;   10.9;    8.0;-999;   3.9;   4;    4.183;-999;eor
      150;20150915;   3;   13.1;  11.7;  -999;    -999;   77.58;-999;   18.0;    9.3;    7.3;-999;   6.5;   4;    1.517;-999;eor
      150;20150916;   3;   14.6;  15.3;  -999;    -999;   91.79;-999;   17.4;   12.2;   11.4;-999;  10.7;   4;    0.067;-999;eor
      150;20150917;   3;   14.2;  14.5;  -999;    -999;   89.04;-999;   15.6;   11.1;    9.1;-999;   2.4;   4;    0.017;-999;eor
      150;20150918;   3;   14.9;  13.1;  -999;    -999;   78.79;-999;   20.2;   11.5;    9.1;-999;   3.3;   4;    6.133;-999;eor
      150;20150919;   3;   13.7;  13.8;  -999;    -999;   87.88;-999;   18.3;   11.3;    9.1;-999;   5.8;   4;    1.817;-999;eor
      150;20150920;   3;   13.8;  12.0;  -999;    -999;   77.08;-999;   18.0;   10.6;    8.7;-999;   0.0;   0;    4.433;-999;eor
      150;20150921;   3;   13.4;  11.3;  -999;    -999;   75.08;-999;   19.3;    6.6;    5.2;-999;   0.0;   0;    9.700;-999;eor
      150;20150922;   3;   12.9;  12.8;  -999;    -999;   85.63;-999;   15.6;   10.1;    8.1;-999;   5.2;   4;    1.217;-999;eor
      150;20150923;   3;   12.1;  11.9;  -999;    -999;   84.71;-999;   15.4;    9.6;    7.9;-999;   0.5;   4;    2.067;-999;eor
      150;20150924;   3;   13.4;  11.9;  -999;    -999;   79.33;-999;   19.0;    8.3;    5.7;-999;   0.0;   0;    7.217;-999;eor
      150;20150925;   3;   13.9;  11.8;  -999;    -999;   75.67;-999;   19.1;    9.1;    6.2;-999;   0.0;   0;    3.067;-999;eor
      150;20150926;   3;   14.1;  11.2;  -999;    -999;   70.25;-999;   18.2;   11.8;   10.2;-999;   0.0;   0;    3.600;-999;eor
      150;20150927;   3;   12.6;   9.7;  -999;    -999;   67.42;-999;   18.1;    8.9;    6.4;-999;   0.0;   0;    9.667;-999;eor
      150;20150928;   3;   11.6;   9.1;  -999;    -999;   68.50;-999;   17.9;    7.1;    3.8;-999;   0.0;   0;    9.767;-999;eor
      150;20150929;   3;   11.9;   8.9;  -999;    -999;   65.67;-999;   18.1;    7.3;    3.7;-999;   0.0;   0;    8.100;-999;eor
      150;20150930;   3;   11.4;   8.0;  -999;    -999;   61.38;-999;   16.8;    6.6;    3.7;-999;   0.0;   0;   10.817;-999;eor
      150;20151001;   3;   10.5;   7.5;  -999;    -999;   60.83;-999;   16.3;    5.1;    2.6;-999;   0.0;   0;   10.767;   0;eor
      150;20151002;   3;   12.1;   8.7;  -999;    -999;   63.08;-999;   18.6;    5.7;    1.2;-999;   0.0;   0;   10.600;   0;eor
      150;20151003;   3;   13.6;  10.7;  -999;    -999;   69.96;-999;   21.0;    7.1;    4.0;-999;   0.5;   4;    7.817;   0;eor
      150;20151004;   3;   13.0;  13.2;  -999;    -999;   87.88;-999;   17.6;    9.2;    5.9;-999;   1.7;   4;    2.083;   0;eor
      150;20151005;   3;   12.2;  13.1;  -999;    -999;   91.79;-999;   16.8;    7.7;    5.8;-999;   3.1;   4;    2.850;   0;eor
      150;20151006;   3;   15.9;  17.1;  -999;    -999;   94.42;-999;   18.3;   13.8;   11.4;-999;   1.5;   4;    0.867;   0;eor
      150;20151007;   3;   14.4;  14.2;  -999;    -999;   85.92;-999;   16.5;   11.7;   10.4;-999;   0.1;   4;    0.700;   0;eor
      150;20151008;   3;   12.1;  11.6;  -999;    -999;   83.17;-999;   16.6;    7.7;    5.1;-999;   0.0;   0;    1.867;   0;eor
      150;20151009;   3;   11.0;  11.6;  -999;    -999;   89.25;-999;   16.9;    7.2;    3.5;-999;   0.0;   0;    2.733;   0;eor
      150;20151010;   3;   10.9;  11.5;  -999;    -999;   88.50;-999;   13.3;    7.8;    6.1;-999;   0.0;   0;    0.217;   0;eor
      150;20151011;   3;    8.2;   7.8;  -999;    -999;   71.75;-999;   12.9;    4.0;    1.8;-999;   0.0;   0;    9.817;   0;eor
      150;20151012;   3;    5.6;   6.3;  -999;    -999;   70.08;-999;   11.0;    1.0;   -2.6;-999;   0.0;   0;    7.350;   0;eor
      150;20151013;   3;    5.3;   7.4;  -999;    -999;   83.08;-999;   10.5;    0.2;   -2.9;-999;  11.4;   4;    3.717;   0;eor
      150;20151014;   3;    3.3;   7.2;  -999;    -999;   93.29;-999;    4.3;    1.6;    1.7;-999;   0.5;   4;    0.000;   0;eor
      150;20151015;   3;    4.2;   7.6;  -999;    -999;   91.96;-999;    5.7;    3.0;    2.5;-999;   1.0;   4;    0.000;   0;eor
      150;20151016;   3;    5.9;   8.1;  -999;    -999;   87.67;-999;    8.0;    4.5;    3.8;-999;   0.0;   0;    0.000;   0;eor
      150;20151017;   3;    6.1;   8.1;  -999;    -999;   86.17;-999;    8.0;    4.6;    4.0;-999;   0.0;   4;    0.000;   0;eor
      150;20151018;   3;    6.4;   8.7;  -999;    -999;   90.58;-999;    8.4;    4.3;    2.7;-999;   0.0;   0;    0.000;   0;eor
      150;20151019;   3;    7.7;   8.7;  -999;    -999;   83.71;-999;   12.2;    2.5;    0.3;-999;   0.1;   4;    3.817;   0;eor
      150;20151020;   3;    9.6;  10.0;  -999;    -999;   84.21;-999;   13.2;    7.9;    6.5;-999;   0.2;   4;    3.450;   0;eor
      150;20151021;   3;    9.0;   9.6;  -999;    -999;   83.71;-999;   12.2;    6.3;    2.8;-999;   0.0;   0;    0.017;   0;eor
      150;20151022;   3;    9.9;  10.7;  -999;    -999;   87.21;-999;   12.1;    6.5;    4.3;-999;   0.2;   4;    0.000;   0;eor
      150;20151023;   3;   11.2;  11.2;  -999;    -999;   84.63;-999;   15.2;    7.9;    5.8;-999;   0.0;   0;    1.883;   0;eor
      150;20151024;   3;   10.0;  10.6;  -999;    -999;   86.54;-999;   14.8;    6.8;    4.0;-999;   0.1;   4;    3.833;   0;eor
      150;20151025;   3;   12.1;  12.0;  -999;    -999;   85.17;-999;   15.3;    7.0;    3.9;-999;   0.0;   0;    0.050;   0;eor
      150;20151026;   3;    9.1;  10.7;  -999;    -999;   92.29;-999;   15.6;    4.6;    1.8;-999;   0.0;   0;    4.300;   0;eor
      150;20151027;   3;    7.1;   9.8;  -999;    -999;   96.96;-999;    8.7;    3.1;    0.7;-999;   0.0;   0;    0.000;   0;eor
      150;20151028;   3;    8.1;  10.4;  -999;    -999;   95.71;-999;    9.2;    7.5;    6.4;-999;   0.1;   4;    0.000;   0;eor
      150;20151029;   3;    9.9;  10.9;  -999;    -999;   89.83;-999;   15.8;    4.7;    2.4;-999;   0.0;   0;    2.367;   0;eor
      150;20151030;   3;    8.1;   9.6;  -999;    -999;   89.79;-999;   13.6;    3.6;    1.0;-999;   0.0;   0;    0.783;   0;eor
      150;20151031;   3;    6.9;   9.3;  -999;    -999;   93.33;-999;   11.0;    2.5;   -0.7;-999;   0.0;   0;    0.000;   0;eor
      150;20151101;   3;    4.3;   8.4;  -999;    -999;   99.92;-999;    7.4;    0.3;   -1.5;-999;   0.0;   0;    0.000;   0;eor
      150;20151102;   3;    3.5;   7.9;  -999;    -999;  100.00;-999;    5.3;    1.7;    2.1;-999;   0.0;   0;    0.000;   0;eor
      150;20151103;   3;    3.8;   8.0;  -999;    -999;  100.00;-999;    4.8;    2.6;    3.0;-999;   0.0;   0;    0.000;   0;eor
      150;20151104;   3;    5.4;   8.9;  -999;    -999;   98.92;-999;    8.9;    3.5;    2.5;-999;   0.0;   0;    0.033;   0;eor
      150;20151105;   3;    9.8;  10.9;  -999;    -999;   90.00;-999;   16.5;    3.5;    1.2;-999;   0.0;   0;    7.217;   0;eor
      150;20151106;   3;   13.7;  13.8;  -999;    -999;   87.75;-999;   18.0;    9.2;    7.8;-999;   1.1;   4;    1.983;   0;eor
      150;20151107;   3;   16.7;  16.9;  -999;    -999;   88.92;-999;   20.0;   14.9;   12.0;-999;   0.0;   0;    0.333;   0;eor
      150;20151108;   3;   14.3;  14.6;  -999;    -999;   89.71;-999;   18.5;    8.6;    6.2;-999;   0.0;   0;    6.050;   0;eor
      150;20151109;   3;   15.3;  12.9;  -999;    -999;   74.17;-999;   18.6;   12.5;    7.9;-999;   0.0;   0;    1.700;   0;eor
      150;20151110;   3;   13.0;  11.8;  -999;    -999;   79.00;-999;   14.8;   10.9;    8.6;-999;   0.0;   0;    1.300;   0;eor
      150;20151111;   3;   11.3;  11.0;  -999;    -999;   82.00;-999;   14.8;    7.4;    2.5;-999;   0.0;   0;    4.067;   0;eor
      150;20151112;   3;   11.0;  11.5;  -999;    -999;   87.25;-999;   15.4;    4.6;    2.3;-999;   0.0;   0;    2.467;   0;eor
      150;20151113;   3;    8.7;  10.1;  -999;    -999;   89.54;-999;   12.3;    3.2;    0.9;-999;   0.5;   4;    0.033;   0;eor
      150;20151114;   3;    8.6;   8.5;  -999;    -999;   75.38;-999;   10.7;    6.4;    4.0;-999;   0.0;   0;    1.800;   0;eor
      150;20151115;   3;   11.4;  10.8;  -999;    -999;   80.29;-999;   14.1;    9.0;    6.9;-999;   0.0;   0;    3.583;   0;eor
      150;20151116;   3;    9.4;   9.9;  -999;    -999;   83.50;-999;   10.9;    4.2;    0.6;-999;   4.5;   4;    2.283;   0;eor
      150;20151117;   3;   12.4;  13.1;  -999;    -999;   90.42;-999;   14.9;   10.3;    9.5;-999;   0.2;   4;    0.000;   0;eor
      150;20151118;   3;   13.0;  10.7;  -999;    -999;   71.00;-999;   15.3;   11.1;    7.2;-999;   0.0;   0;    0.500;   0;eor
      150;20151119;   3;   13.3;  12.2;  -999;    -999;   79.96;-999;   15.6;   10.9;   10.0;-999;  21.2;   4;    0.800;   0;eor
      150;20151120;   3;    7.6;   9.8;  -999;    -999;   92.88;-999;   11.7;    4.2;    2.5;-999;  15.3;   4;    0.000;   0;eor
      150;20151121;   3;    3.0;   6.9;  -999;    -999;   90.67;-999;    4.6;    0.7;   -1.1;-999;   2.7;   4;    0.383;   0;eor
      150;20151122;   3;    2.3;   6.1;  -999;    -999;   84.54;-999;    5.6;   -0.1;   -2.0;-999;   0.5;   4;    3.300;   0;eor
      150;20151123;   3;    2.2;   6.1;  -999;    -999;   85.96;-999;    5.0;   -0.2;   -2.7;-999;   0.0;   0;    1.700;   0;eor
      150;20151124;   3;    1.1;   5.9;  -999;    -999;   89.21;-999;    2.6;   -1.0;   -3.7;-999;   0.8;   4;    0.433;   0;eor
      150;20151125;   3;    3.6;   7.2;  -999;    -999;   90.58;-999;    7.3;    1.4;    0.0;-999;   0.9;   4;    1.233;   0;eor
      150;20151126;   3;    4.5;   7.3;  -999;    -999;   87.38;-999;    6.5;    0.1;   -2.3;-999;   0.0;   0;    0.150;   0;eor
      150;20151127;   3;   -0.1;   6.1;  -999;    -999;   99.58;-999;    1.6;   -2.0;   -4.0;-999;   0.1;   4;    0.000;   0;eor
      150;20151128;   3;    3.3;   6.5;  -999;    -999;   85.04;-999;    7.3;    0.1;   -1.5;-999;   0.7;   4;    1.050;   0;eor
      150;20151129;   3;    7.6;   8.9;  -999;    -999;   84.83;-999;   10.8;    4.4;    2.9;-999;   0.6;   4;    0.000;   0;eor
      150;20151130;   3;   10.4;  10.4;  -999;    -999;   82.17;-999;   11.3;    9.8;    7.9;-999;   0.8;   4;    0.000;   0;eor
      150;20151201;   3;   11.1;  11.3;  -999;    -999;   85.33;-999;   12.2;   10.4;    9.0;-999;   0.2;   4;    0.000;   0;eor
      150;20151202;   3;    9.4;   9.8;  -999;    -999;   82.88;-999;   10.7;    7.6;    6.5;-999;   0.0;   0;    0.000;   0;eor
      150;20151203;   3;    6.8;   8.3;  -999;    -999;   84.13;-999;    9.0;    1.4;   -0.8;-999;   0.0;   0;    0.000;   0;eor
      150;20151204;   3;    5.7;   8.6;  -999;    -999;   93.29;-999;    9.4;    1.0;   -2.1;-999;   0.2;   4;    0.083;   0;eor
      150;20151205;   3;    4.3;   7.7;  -999;    -999;   93.13;-999;    8.3;    0.2;   -1.6;-999;   0.0;   0;    3.217;   0;eor
      150;20151206;   3;    8.3;   9.3;  -999;    -999;   84.46;-999;   10.9;    4.8;    0.4;-999;   0.0;   0;    2.900;   0;eor
      150;20151207;   3;    8.3;   9.8;  -999;    -999;   89.25;-999;   13.0;    1.8;   -0.1;-999;   0.0;   0;    6.467;   0;eor
      150;20151208;   3;    2.8;   7.5;  -999;    -999;   99.92;-999;    5.3;    0.9;   -0.9;-999;   4.3;   4;    0.000;   0;eor
      150;20151209;   3;    5.7;   8.5;  -999;    -999;   92.38;-999;   10.1;    1.3;   -1.4;-999;   0.0;   0;    3.750;   0;eor
      150;20151210;   3;    1.5;   6.8;  -999;    -999;   99.75;-999;    2.9;   -1.0;   -1.8;-999;   0.0;   0;    0.000;   0;eor
      150;20151211;   3;    3.7;   7.5;  -999;    -999;   93.50;-999;    7.9;   -1.0;   -2.9;-999;   0.0;   0;    0.033;   0;eor
      150;20151212;   3;    8.5;  10.3;  -999;    -999;   92.58;-999;    9.3;    6.9;    6.3;-999;   0.7;   4;    0.000;   0;eor
      150;20151213;   3;    8.4;   9.5;  -999;    -999;   85.58;-999;    9.4;    7.3;    5.9;-999;   0.0;   0;    0.300;   0;eor
      150;20151214;   3;    5.2;   8.2;  -999;    -999;   93.08;-999;    7.5;    0.7;   -1.0;-999;   0.0;   0;    5.417;   0;eor
      150;20151215;   3;    6.4;   9.0;  -999;    -999;   93.04;-999;   11.9;    3.2;   -0.1;-999;   3.8;   4;    2.850;   0;eor
      150;20151216;   3;    8.9;  11.2;  -999;    -999;   97.63;-999;   12.3;    5.6;    4.3;-999;   4.3;   4;    0.000;   0;eor
      150;20151217;   3;   11.4;  12.9;  -999;    -999;   95.88;-999;   13.5;    8.8;    6.8;-999;   0.8;   4;    0.000;   0;eor
      150;20151218;   3;   10.8;  11.9;  -999;    -999;   91.79;-999;   12.7;    9.0;    6.2;-999;   0.0;   4;    0.817;   0;eor
      150;20151219;   3;   10.6;  11.7;  -999;    -999;   91.25;-999;   14.5;    6.9;    3.2;-999;   0.0;   0;    4.833;   0;eor
      150;20151220;   3;    8.3;  10.2;  -999;    -999;   93.00;-999;   12.0;    4.1;    1.8;-999;   1.6;   4;    0.017;   0;eor
      150;20151221;   3;   10.1;  10.5;  -999;    -999;   84.54;-999;   12.3;    8.5;    7.0;-999;   0.5;   4;    1.183;   0;eor
      150;20151222;   3;   10.5;   9.9;  -999;    -999;   78.33;-999;   12.7;    8.7;    5.6;-999;   0.0;   0;    0.650;   0;eor
      150;20151223;   3;    8.8;   9.8;  -999;    -999;   87.00;-999;   11.6;    4.4;    0.6;-999;   0.1;   4;    1.933;   0;eor
      150;20151224;   3;    9.4;  10.5;  -999;    -999;   89.79;-999;   13.5;    4.8;    2.4;-999;   0.4;   4;    2.200;   0;eor
      150;20151225;   3;   11.5;  11.2;  -999;    -999;   82.83;-999;   13.3;    9.4;    8.6;-999;   0.9;   4;    0.100;   0;eor
      150;20151226;   3;   10.1;  10.5;  -999;    -999;   85.17;-999;   13.9;    5.6;    1.9;-999;   0.0;   0;    5.267;   0;eor
      150;20151227;   3;    8.3;   9.7;  -999;    -999;   88.13;-999;   13.6;    2.5;   -0.3;-999;   0.0;   0;    4.367;   0;eor
      150;20151228;   3;    1.8;   7.0;  -999;    -999;   99.75;-999;    5.1;   -0.9;   -2.6;-999;   0.0;   0;    0.000;   0;eor
      150;20151229;   3;    2.8;   7.0;  -999;    -999;   93.58;-999;    6.8;   -1.5;   -3.4;-999;   0.0;   0;    2.183;   0;eor
      150;20151230;   3;    4.4;   7.8;  -999;    -999;   92.54;-999;    6.6;    1.8;   -2.1;-999;   0.0;   0;    0.067;   0;eor
      150;20151231;   3;    3.1;   7.5;  -999;    -999;   97.79;-999;    5.7;    1.3;    0.0;-999;   1.0;   4;    0.000;   0;eor
      150;20160101;   3;    4.4;   8.2;  -999;    -999;   98.29;-999;    6.1;    2.0;   -0.5;-999;   0.4;   4;    0.000;   0;eor
      150;20160102;   3;    2.8;   7.4;  -999;    -999;   98.29;-999;    3.5;    2.4;    1.4;-999;   5.9;   4;    0.000;   0;eor
      150;20160103;   3;    4.8;   8.2;  -999;    -999;   95.25;-999;    7.9;    2.7;    2.7;-999;   4.4;   4;    0.567;   0;eor
      150;20160104;   3;    4.8;   8.1;  -999;    -999;   93.38;-999;    7.8;    1.9;   -0.1;-999;   0.6;   4;    0.167;   0;eor
      150;20160105;   3;    4.8;   8.2;  -999;    -999;   94.83;-999;    7.5;    2.1;   -0.8;-999;   5.1;   4;    0.600;   0;eor
      150;20160106;   3;    4.7;   8.1;  -999;    -999;   94.79;-999;    6.8;    2.9;    0.3;-999;   0.0;   0;    0.467;   0;eor
      150;20160107;   3;    4.3;   7.8;  -999;    -999;   93.54;-999;    7.3;    2.5;    0.3;-999;   6.2;   4;    0.000;   0;eor
      150;20160108;   3;    3.6;   6.9;  -999;    -999;   86.92;-999;    7.2;   -1.0;   -3.2;-999;   0.0;   0;    5.467;   0;eor
      150;20160109;   3;    1.0;   6.6;  -999;    -999;   99.46;-999;    4.7;   -1.7;   -3.4;-999;   2.2;   4;    0.000;   0;eor
      150;20160110;   3;    5.8;   8.8;  -999;    -999;   95.33;-999;    7.9;    4.7;    2.7;-999;   3.5;   4;    1.183;   0;eor
      150;20160111;   1;    5.1;   8.3;  -999;    -999;   93.83;-999;    6.4;    3.5;    1.5;-999;  11.9;   4;    0.067;   0;eor
      150;20160112;   1;    5.0;   7.7;  -999;    -999;   88.00;-999;    7.4;    3.3;    0.1;-999;   0.3;   4;    0.567;   0;eor
      150;20160113;   1;    4.5;   7.1;  -999;    -999;   84.67;-999;    6.7;    1.3;   -1.7;-999;   0.6;   4;    1.900;   0;eor
      150;20160114;   1;    2.0;   6.4;  -999;    -999;   90.63;-999;    6.6;   -0.6;   -3.1;-999;   0.7;   4;    2.033;   0;eor
      150;20160115;   1;    2.0;   6.1;  -999;    -999;   85.92;-999;    2.9;    0.8;   -0.4;-999;   0.5;   4;    0.117;   0;eor
      150;20160116;   1;    1.7;   5.7;  -999;    -999;   82.67;-999;    4.3;   -0.5;   -2.6;-999;   0.4;   4;    1.767;   0;eor
      150;20160117;   1;   -1.1;   4.7;  -999;    -999;   84.00;-999;    1.4;   -6.7;   -8.9;-999;   0.2;   4;    1.717;   1;eor
      150;20160118;   1;   -5.5;   3.7;  -999;    -999;   90.29;-999;   -1.1;   -8.7;  -10.5;-999;   0.0;   0;    5.850;   1;eor
      150;20160119;   1;   -6.1;   3.6;  -999;    -999;   93.33;-999;   -4.8;   -8.3;  -10.5;-999;   0.0;   0;    0.000;   1;eor
      150;20160120;   1;   -2.4;   4.6;  -999;    -999;   88.04;-999;    1.8;   -6.5;   -7.1;-999;   0.0;   0;    0.450;   0;eor
      150;20160121;   1;   -0.6;   5.4;  -999;    -999;   92.21;-999;    1.8;   -3.8;   -5.5;-999;   0.0;   0;    0.683;   0;eor
      150;20160122;   1;   -3.7;   4.4;  -999;    -999;   93.88;-999;   -0.8;   -6.4;   -8.2;-999;   3.3;   4;    3.083;   0;eor
      150;20160123;   1;    3.7;   7.5;  -999;    -999;   93.42;-999;    7.9;   -1.1;   -1.2;-999;   0.0;   0;    2.700;   0;eor
      150;20160124;   1;    3.6;   7.6;  -999;    -999;   95.83;-999;    7.3;   -0.4;   -1.7;-999;   0.4;   4;    0.000;   0;eor
      150;20160125;   1;    7.2;   8.6;  -999;    -999;   85.29;-999;   11.2;    3.6;   -0.2;-999;   0.0;   0;    4.500;   0;eor
      150;20160126;   1;    9.0;   9.6;  -999;    -999;   83.50;-999;   13.0;    4.5;    1.1;-999;   0.0;   0;    4.950;   0;eor
      150;20160127;   1;   10.5;   9.0;  -999;    -999;   71.00;-999;   12.7;    8.0;    5.9;-999;   0.4;   4;    0.600;   0;eor
      150;20160128;   1;    8.2;   9.1;  -999;    -999;   83.96;-999;   11.4;    3.0;   -0.9;-999;   1.4;   4;    0.000;   0;eor
      150;20160129;   1;    5.6;   7.2;  -999;    -999;   79.67;-999;    9.9;    1.2;   -2.5;-999;   0.0;   0;    6.950;   0;eor
      150;20160130;   1;    6.4;   8.2;  -999;    -999;   84.88;-999;    8.2;    3.7;    1.2;-999;   6.0;   4;    0.000;   0;eor
      150;20160131;   1;    6.6;   8.6;  -999;    -999;   86.33;-999;   13.3;    3.1;    0.5;-999;   0.1;   4;    0.000;   0;eor
      150;20160201;   1;   11.8;  10.9;  -999;    -999;   78.88;-999;   13.3;    9.9;    8.8;-999;   0.0;   0;    0.000;   0;eor
      150;20160202;   1;    9.5;  10.4;  -999;    -999;   87.38;-999;   11.5;    5.0;    2.5;-999;   3.6;   4;    0.100;   0;eor
      150;20160203;   1;    4.3;   6.9;  -999;    -999;   83.33;-999;    6.9;    1.3;   -2.0;-999;   0.6;   4;    1.583;   0;eor
      150;20160204;   1;    4.1;   7.2;  -999;    -999;   87.25;-999;    6.8;    1.7;   -1.2;-999;   2.6;   4;    0.000;   0;eor
      150;20160205;   1;    6.8;   8.9;  -999;    -999;   90.42;-999;   10.6;    4.0;    2.0;-999;   0.0;   0;    0.733;   0;eor
      150;20160206;   1;    7.4;   8.6;  -999;    -999;   84.54;-999;   14.0;    2.6;    1.3;-999;   0.0;   0;    5.333;   0;eor
      150;20160207;   1;    7.3;   8.3;  -999;    -999;   80.63;-999;    9.8;    5.8;    3.0;-999;   1.0;   4;    0.000;   0;eor
      150;20160208;   1;    7.5;   8.2;  -999;    -999;   78.88;-999;   10.1;    5.0;    3.2;-999;   8.5;   4;    1.400;   0;eor
      150;20160209;   1;    6.7;   8.5;  -999;    -999;   85.54;-999;   10.6;    2.9;    1.4;-999;  24.6;   4;    0.000;   0;eor
