Stations_id; Stationshoehe; Geogr.Breite; Geogr.Laenge; von_datum; bis_datum; Stationsname;                                                                                                             
   150;  191; 49.7421;  8.1092;19001101;19310630;Alzey                                                                                                                                                  
   150;  188; 49.7400;  8.1100;19310701;19330831;Alzey                                                                                                                                                  
   150;  198; 49.7395;  8.1169;19330901;19391130;Alzey                                                                                                                                                  
   150;  187; 49.7426;  8.1090;19391201;19420914;Alzey                                                                                                                                                  
   150;  160; 49.7500;  8.1200;19420915;19460630;Alzey                                                                                                                                                  
   150;  170; 49.7501;  8.1254;19460701;19500228;Alzey                                                                                                                                                  
   150;  173; 49.7435;  8.1250;19500301;19630711;Alzey                                                                                                                                                  
   150;  166; 49.7493;  8.1224;19630712;19870531;Alzey                                                                                                                                                  
   150;  215; 49.7271;  8.1169;19870601;        ;Alzey                                                                                                                                                  
