STATIONS_ID; MESS_DATUM; QUALITAETS_NIVEAU; LUFTTEMPERATUR;DAMPFDRUCK;BEDECKUNGSGRAD;LUFTDRUCK_STATIONSHOEHE;REL_FEUCHTE; WINDGESCHWINDIGKEIT; LUFTTEMPERATUR_MAXIMUM;LUFTTEMPERATUR_MINIMUM;LUFTTEMP_AM_ERDB_MINIMUM; WINDSPITZE_MAXIMUM; NIEDERSCHLAGSHOEHE;NIEDERSCHLAGSHOEHE_IND;SONNENSCHEINDAUER; SCHNEEHOEHE;eor
       91;20140809;   3;   18.8;  16.1;  -999;    -999;   75.08;-999;   23.3;   12.0;   10.1;-999;   1.9;   4;     -999;   0;eor
       91;20140810;   3;   18.5;  18.6;  -999;    -999;   87.08;-999;   24.9;   12.2;   10.9;-999;  14.0;   4;     -999;   0;eor
       91;20140811;   3;   16.2;  13.2;  -999;    -999;   72.96;-999;   20.8;   10.6;    8.9;-999;   0.0;   0;     -999;   0;eor
       91;20140812;   3;   16.0;  12.1;  -999;    -999;   68.50;-999;   21.4;   10.9;    8.7;-999;   0.0;   0;     -999;   0;eor
       91;20140813;   3;   15.3;  14.4;  -999;    -999;   83.83;-999;   21.5;   11.1;   10.1;-999;  11.4;   4;     -999;   0;eor
       91;20140814;   3;   14.7;  14.2;  -999;    -999;   85.21;-999;   19.6;   10.8;   10.0;-999;   1.4;   4;     -999;   0;eor
       91;20140815;   3;   13.2;  13.8;  -999;    -999;   91.25;-999;   17.1;   10.6;    9.8;-999;   1.3;   4;     -999;   0;eor
       91;20140816;   3;   13.9;  13.8;  -999;    -999;   87.33;-999;   17.9;   11.8;    9.8;-999;   3.7;   4;     -999;   0;eor
       91;20140817;   3;   14.9;  12.5;  -999;    -999;   74.54;-999;   18.3;   10.9;    8.9;-999;   0.0;   4;     -999;   0;eor
       91;20140818;   3;   14.5;  12.3;  -999;    -999;   74.71;-999;   18.1;   10.7;    8.5;-999;   0.0;   4;     -999;   0;eor
       91;20140819;   3;   12.1;  11.4;  -999;    -999;   81.54;-999;   19.4;    6.7;    4.7;-999;   1.1;   4;     -999;   0;eor
       91;20140820;   3;   11.4;  10.3;  -999;    -999;   78.54;-999;   17.1;    5.7;    3.1;-999;   0.0;   0;     -999;   0;eor
       91;20140821;   3;   11.5;   9.9;  -999;    -999;   76.25;-999;   18.7;    5.3;    4.0;-999;   0.0;   0;     -999;   0;eor
       91;20140822;   3;   13.2;  10.0;  -999;    -999;   68.50;-999;   19.0;    5.2;    3.7;-999;   0.5;   4;     -999;   0;eor
       91;20140823;   3;   12.6;  12.5;  -999;    -999;   85.88;-999;   17.5;    9.4;    8.1;-999;   5.6;   4;     -999;   0;eor
       91;20140824;   3;   11.0;  10.8;  -999;    -999;   83.38;-999;   16.2;    6.1;    3.8;-999;   0.7;   4;     -999;   0;eor
       91;20140825;   3;   12.4;  11.9;  -999;    -999;   83.58;-999;   18.0;    5.9;    4.6;-999;   9.6;   4;     -999;   0;eor
       91;20140826;   3;   12.5;  13.7;  -999;    -999;   94.50;-999;   14.3;   11.0;   10.9;-999;   7.9;   4;     -999;   0;eor
       91;20140827;   3;   12.9;  12.1;  -999;    -999;   83.58;-999;   20.0;    7.3;    6.2;-999;   0.0;   0;     -999;   0;eor
       91;20140828;   3;   15.1;  13.8;  -999;    -999;   80.75;-999;   22.0;    6.1;    4.9;-999;   0.0;   0;     -999;   0;eor
       91;20140829;   3;   17.3;  16.3;  -999;    -999;   84.04;-999;   22.8;   13.8;   12.5;-999;   2.7;   4;     -999;   0;eor
       91;20140830;   3;   15.9;  15.1;  -999;    -999;   84.54;-999;   20.2;   11.1;    9.7;-999;   0.7;   4;     -999;   0;eor
       91;20140831;   3;   14.2;  13.9;  -999;    -999;   86.67;-999;   18.1;    9.2;    8.0;-999;   1.2;   4;     -999;   0;eor
       91;20140901;   3;   12.6;  13.4;  -999;    -999;   91.96;-999;   15.9;    8.7;    7.4;-999;   0.9;   4;     -999;   0;eor
       91;20140902;   3;   14.0;  14.8;  -999;    -999;   93.08;-999;   17.7;   11.5;    9.6;-999;   2.7;   4;     -999;   0;eor
       91;20140903;   3;   13.7;  13.4;  -999;    -999;   85.71;-999;   17.2;    8.8;    7.0;-999;   0.0;   0;     -999;   0;eor
       91;20140904;   3;   15.8;  15.6;  -999;    -999;   86.96;-999;   21.1;   10.5;    9.3;-999;   0.0;   0;     -999;   0;eor
       91;20140905;   3;   18.1;  17.8;  -999;    -999;   86.46;-999;   24.3;   12.5;   11.6;-999;   0.0;   0;     -999;   0;eor
       91;20140906;   3;   17.9;  17.8;  -999;    -999;   88.21;-999;   24.4;   12.8;   11.9;-999;   0.0;   0;     -999;   0;eor
       91;20140907;   3;   16.6;  16.8;  -999;    -999;   89.46;-999;   23.6;   12.3;   11.3;-999;   0.0;   0;     -999;   0;eor
       91;20140908;   3;   15.3;  14.6;  -999;    -999;   85.92;-999;   22.6;   10.3;    9.1;-999;   0.0;   0;     -999;   0;eor
       91;20140909;   3;   13.3;  12.4;  -999;    -999;   82.88;-999;   18.7;    8.4;    7.0;-999;   0.0;   0;     -999;   0;eor
       91;20140910;   3;   12.5;  12.1;  -999;    -999;   84.46;-999;   15.4;    9.4;    7.9;-999;   2.1;   4;     -999;   0;eor
       91;20140911;   3;   11.9;  13.0;  -999;    -999;   92.88;-999;   16.4;    7.9;    7.0;-999;   4.4;   4;     -999;   0;eor
       91;20140912;   3;   12.9;  13.5;  -999;    -999;   90.75;-999;   15.9;    7.5;    6.8;-999;   1.0;   4;     -999;   0;eor
       91;20140913;   3;   14.6;  15.6;  -999;    -999;   93.79;-999;   15.2;   14.0;   13.9;-999;   1.3;   4;     -999;   0;eor
       91;20140914;   3;   15.9;  16.0;  -999;    -999;   89.04;-999;   20.2;   13.9;   12.9;-999;   0.0;   0;     -999;-999;eor
       91;20140915;   3;   16.1;  16.5;  -999;    -999;   90.67;-999;   20.5;   11.9;   10.7;-999;   0.0;   0;     -999;   0;eor
       91;20140916;   3;   16.2;  16.3;  -999;    -999;   89.33;-999;   22.5;   11.6;   10.0;-999;   0.0;   0;     -999;   0;eor
       91;20140917;   3;   16.0;  15.2;  -999;    -999;   85.54;-999;   23.4;   10.8;    8.8;-999;   0.0;   0;     -999;   0;eor
       91;20140918;   3;   15.8;  16.1;  -999;    -999;   89.83;-999;   21.1;   10.9;    8.7;-999;   0.0;   0;     -999;   0;eor
       91;20140919;   3;   17.2;  17.7;  -999;    -999;   90.25;-999;   21.7;   12.6;   10.7;-999;   0.0;   0;     -999;   0;eor
       91;20140920;   3;   15.1;  16.6;  -999;    -999;   96.25;-999;   22.7;   12.0;   10.8;-999;   8.1;   4;     -999;   0;eor
       91;20140921;   3;   13.9;  15.3;  -999;    -999;   95.58;-999;   17.2;    8.5;    7.2;-999;  11.4;   4;     -999;   0;eor
       91;20140922;   3;    9.9;  10.7;  -999;    -999;   87.79;-999;   12.5;    7.4;    6.2;-999;   2.8;   4;     -999;   0;eor
       91;20140923;   3;    9.0;   9.7;  -999;    -999;   85.63;-999;   14.4;    4.5;    3.4;-999;   0.0;   0;     -999;   0;eor
       91;20140924;   3;    9.5;  10.1;  -999;    -999;   85.33;-999;   14.0;    4.2;    3.2;-999;   0.0;   0;     -999;   0;eor
       91;20140925;   3;   12.6;  11.8;  -999;    -999;   81.71;-999;   16.2;    9.7;    8.1;-999;   0.2;   4;     -999;   0;eor
       91;20140926;   3;   13.1;  13.2;  -999;    -999;   87.79;-999;   15.4;   10.8;    9.9;-999;   1.3;   4;     -999;   0;eor
       91;20140927;   3;   13.5;  13.7;  -999;    -999;   89.67;-999;   19.5;    8.2;    6.7;-999;   0.0;   0;     -999;   0;eor
       91;20140928;   3;   13.1;  13.5;  -999;    -999;   89.71;-999;   20.1;    6.6;    5.3;-999;   0.0;   0;     -999;   0;eor
       91;20140929;   3;   15.5;  15.3;  -999;    -999;   88.00;-999;   22.2;    9.2;    8.2;-999;   0.3;   4;     -999;   0;eor
       91;20140930;   3;   16.0;  16.2;  -999;    -999;   89.54;-999;   19.8;   12.9;   11.4;-999;   0.0;   0;     -999;   0;eor
       91;20141001;   3;   13.9;  14.4;  -999;    -999;   91.42;-999;   20.9;    9.4;    8.4;-999;   0.0;   4;     -999;   0;eor
       91;20141002;   3;   13.3;  13.3;  -999;    -999;   88.63;-999;   22.0;    8.4;    7.8;-999;   0.0;   0;     -999;   0;eor
       91;20141003;   3;   13.2;  12.8;  -999;    -999;   86.17;-999;   21.3;    7.3;    6.0;-999;   0.0;   0;     -999;   0;eor
       91;20141004;   3;   12.3;  11.7;  -999;    -999;   84.17;-999;   20.1;    6.2;    4.4;-999;   0.0;   0;     -999;   0;eor
       91;20141005;   3;   10.6;  11.1;  -999;    -999;   87.71;-999;   17.5;    5.6;    4.0;-999;   0.0;   0;     -999;   0;eor
       91;20141006;   3;   10.4;  11.0;  -999;    -999;   88.29;-999;   16.8;    4.9;    3.1;-999;   3.0;   4;     -999;   0;eor
       91;20141007;   3;   12.6;  13.1;  -999;    -999;   89.96;-999;   15.8;   10.1;    8.7;-999;   4.8;   4;     -999;   0;eor
       91;20141008;   3;   13.1;  14.1;  -999;    -999;   92.63;-999;   16.7;    9.1;    7.7;-999;   6.4;   4;     -999;   0;eor
       91;20141009;   3;   16.0;  16.5;  -999;    -999;   90.67;-999;   18.5;   12.7;   10.4;-999;   7.2;   4;     -999;   0;eor
       91;20141010;   3;   13.2;  14.1;  -999;    -999;   93.21;-999;   17.3;    9.2;    8.0;-999;   5.5;   4;     -999;   0;eor
       91;20141011;   3;   13.6;  14.8;  -999;    -999;   94.88;-999;   16.9;   10.2;    8.7;-999;   0.0;   0;     -999;   0;eor
       91;20141012;   3;   12.4;  13.4;  -999;    -999;   92.92;-999;   17.1;    6.8;    5.8;-999;   2.5;   4;     -999;   0;eor
       91;20141013;   3;   13.5;  14.7;  -999;    -999;   94.71;-999;   16.9;    9.6;    8.2;-999;   0.6;   4;     -999;   0;eor
       91;20141014;   3;   12.6;  13.7;  -999;    -999;   93.46;-999;   17.2;    8.8;    7.3;-999;   0.0;   0;     -999;   0;eor
       91;20141015;   3;   11.6;  12.0;  -999;    -999;   88.42;-999;   15.9;    8.0;    5.8;-999;   2.3;   4;     -999;   0;eor
       91;20141016;   3;   13.1;  13.9;  -999;    -999;   92.33;-999;   16.6;   10.2;    9.8;-999;   2.4;   4;     -999;   0;eor
       91;20141017;   3;   12.5;  13.8;  -999;    -999;   94.92;-999;   15.9;    8.3;    6.6;-999;   0.1;   4;     -999;   0;eor
       91;20141018;   3;   12.9;  13.8;  -999;    -999;   92.38;-999;   18.3;    7.1;    6.0;-999;   0.0;   0;     -999;   0;eor
       91;20141019;   3;   15.4;  15.4;  -999;    -999;   87.92;-999;   20.4;    8.5;    6.6;-999;   1.7;   4;     -999;   0;eor
       91;20141020;   3;   12.8;  12.2;  -999;    -999;   82.25;-999;   15.7;    8.0;    5.4;-999;   0.0;   0;     -999;   0;eor
       91;20141021;   3;   10.2;  10.9;  -999;    -999;   87.33;-999;   12.8;    6.5;    6.0;-999;   5.9;   4;     -999;   0;eor
       91;20141022;   3;    7.1;   8.7;  -999;    -999;   86.04;-999;    9.2;    5.5;    5.1;-999;   2.2;   4;     -999;   0;eor
       91;20141023;   3;    8.3;   9.2;  -999;    -999;   84.83;-999;   11.6;    5.2;    3.9;-999;   0.0;   0;     -999;   0;eor
       91;20141024;   3;    8.4;   9.5;  -999;    -999;   87.29;-999;   13.4;    3.5;    1.7;-999;   0.1;   4;     -999;   0;eor
       91;20141025;   3;   10.3;  11.0;  -999;    -999;   87.54;-999;   13.1;    8.1;    7.3;-999;   0.2;   4;     -999;   0;eor
       91;20141026;   3;   11.9;  12.4;  -999;    -999;   88.75;-999;   14.7;    9.9;    8.6;-999;   0.0;   0;     -999;   0;eor
       91;20141027;   3;    8.2;  10.0;  -999;    -999;   92.13;-999;   11.8;    5.2;    3.3;-999;   0.0;   0;     -999;   0;eor
       91;20141028;   3;    6.0;   8.3;  -999;    -999;   88.50;-999;    6.7;    5.0;    5.1;-999;   0.0;   0;     -999;   0;eor
       91;20141029;   3;    7.2;   8.8;  -999;    -999;   86.63;-999;   10.5;    5.3;    5.1;-999;   1.5;   4;     -999;   0;eor
       91;20141030;   3;    9.7;  11.7;  -999;    -999;   97.08;-999;   11.9;    7.5;    7.5;-999;   0.0;   0;     -999;   0;eor
       91;20141031;   3;   11.4;  12.6;  -999;    -999;   93.79;-999;   16.3;    8.0;    6.3;-999;   0.0;   0;     -999;   0;eor
       91;20141101;   3;   10.2;  11.7;  -999;    -999;   93.25;-999;   17.7;    5.7;    3.9;-999;   0.0;   0;     -999;   0;eor
       91;20141102;   3;    9.7;  11.5;  -999;    -999;   94.08;-999;   15.1;    4.5;    3.0;-999;   1.1;   4;     -999;   0;eor
       91;20141103;   3;   12.8;  12.7;  -999;    -999;   85.50;-999;   13.9;   11.2;    9.9;-999;   2.6;   4;     -999;   0;eor
       91;20141104;   3;   11.8;  11.6;  -999;    -999;   84.04;-999;   13.9;    9.3;    8.2;-999;   2.3;   4;     -999;   0;eor
       91;20141105;   3;    8.7;  10.6;  -999;    -999;   94.13;-999;   10.0;    6.9;    5.9;-999;   1.1;   4;     -999;   0;eor
       91;20141106;   3;    6.8;   8.7;  -999;    -999;   88.25;-999;    9.4;    2.1;   -0.4;-999;   0.0;   0;     -999;   0;eor
       91;20141107;   3;    4.3;   7.8;  -999;    -999;   93.75;-999;    8.2;    0.0;   -2.2;-999;   0.6;   4;     -999;   0;eor
       91;20141108;   3;    7.9;   9.1;  -999;    -999;   86.17;-999;   11.7;    3.0;    1.0;-999;   0.0;   0;     -999;   0;eor
       91;20141109;   3;    4.9;   8.3;  -999;    -999;   95.75;-999;    8.9;    1.3;   -0.8;-999;   0.0;   0;     -999;   0;eor
       91;20141110;   3;    6.8;   9.5;  -999;    -999;   96.17;-999;    9.1;    4.4;    3.3;-999;   0.0;   0;     -999;   0;eor
       91;20141111;   3;    7.5;   9.9;  -999;    -999;   95.21;-999;   10.1;    6.1;    4.9;-999;   0.0;   0;     -999;   0;eor
       91;20141112;   3;    7.5;  10.2;  -999;    -999;   98.33;-999;    9.5;    5.6;    6.0;-999;   0.0;   0;     -999;   0;eor
       91;20141113;   3;    9.4;  11.0;  -999;    -999;   92.96;-999;   11.9;    7.8;    8.0;-999;   0.0;   0;     -999;   0;eor
       91;20141114;   3;    8.7;  10.1;  -999;    -999;   89.75;-999;   10.8;    4.6;    3.0;-999;   0.0;   0;     -999;   0;eor
       91;20141115;   3;    8.0;  10.1;  -999;    -999;   94.54;-999;   10.8;    4.9;    3.2;-999;   6.7;   4;     -999;   0;eor
       91;20141116;   3;    7.8;  10.2;  -999;    -999;   96.75;-999;    8.4;    6.8;    4.6;-999;   4.6;   4;     -999;   0;eor
       91;20141117;   3;    7.0;   9.4;  -999;    -999;   94.08;-999;    9.9;    3.8;    2.3;-999;   0.1;   4;     -999;   0;eor
       91;20141118;   3;    7.2;   9.7;  -999;    -999;   95.46;-999;    8.0;    6.2;    5.8;-999;   7.8;   4;     -999;   0;eor
       91;20141119;   3;    6.0;   8.9;  -999;    -999;   95.54;-999;    6.6;    5.6;    5.4;-999;   0.0;   0;     -999;   0;eor
       91;20141120;   3;    5.8;   8.5;  -999;    -999;   92.46;-999;    7.4;    2.5;   -0.6;-999;   0.0;   0;     -999;   0;eor
       91;20141121;   3;    3.4;   7.2;  -999;    -999;   92.42;-999;    7.6;   -1.1;   -2.9;-999;   0.0;   0;     -999;   0;eor
       91;20141122;   3;    3.0;   7.4;  -999;    -999;   97.00;-999;    6.2;   -1.3;   -3.1;-999;   0.0;   0;     -999;   0;eor
       91;20141123;   3;    6.3;   8.3;  -999;    -999;   87.42;-999;   12.4;    0.3;   -1.4;-999;   0.0;   0;     -999;   0;eor
       91;20141124;   3;    4.4;   7.9;  -999;    -999;   94.17;-999;    8.0;   -1.3;   -3.3;-999;   0.6;   4;     -999;   0;eor
       91;20141125;   3;    0.7;   6.2;  -999;    -999;   96.17;-999;    5.9;   -2.9;   -5.3;-999;   0.0;   0;     -999;   0;eor
       91;20141126;   3;    1.6;   6.3;  -999;    -999;   92.46;-999;    4.8;   -1.7;   -4.3;-999;   0.0;   0;     -999;   0;eor
       91;20141127;   3;    3.2;   6.8;  -999;    -999;   87.88;-999;    5.0;    1.5;   -0.6;-999;   0.0;   0;     -999;   0;eor
       91;20141128;   3;    2.0;   6.6;  -999;    -999;   93.79;-999;    3.2;    0.0;   -2.2;-999;   0.0;   0;     -999;   0;eor
       91;20141129;   3;    1.9;   6.5;  -999;    -999;   92.08;-999;    2.4;    1.4;    1.4;-999;   0.0;   0;     -999;   0;eor
       91;20141130;   3;    1.9;   6.6;  -999;    -999;   94.46;-999;    2.8;    1.4;    1.4;-999;   0.0;   0;     -999;   0;eor
       91;20141201;   3;   -0.3;   5.5;  -999;    -999;   91.54;-999;    2.4;   -2.2;   -2.1;-999;   0.0;   0;     -999;   0;eor
       91;20141202;   3;   -1.6;   4.8;  -999;    -999;   88.04;-999;   -0.8;   -2.5;   -3.0;-999;   0.3;   4;     -999;   0;eor
       91;20141203;   3;   -1.7;   4.9;  -999;    -999;   90.38;-999;   -1.0;   -2.1;   -2.3;-999;   0.0;   0;     -999;   0;eor
       91;20141204;   3;   -0.5;   5.6;  -999;    -999;   95.92;-999;    0.7;   -1.6;   -1.5;-999;   0.0;   0;     -999;   0;eor
       91;20141205;   3;    1.5;   6.6;  -999;    -999;   97.04;-999;    2.4;    0.6;    0.6;-999;   0.0;   0;     -999;   0;eor
       91;20141206;   3;    2.1;   7.0;  -999;    -999;   97.67;-999;    3.2;    0.5;   -1.0;-999;   0.0;   0;     -999;   0;eor
       91;20141207;   3;    2.7;   6.8;  -999;    -999;   91.92;-999;    4.7;    1.6;   -2.8;-999;   1.6;   4;     -999;   0;eor
       91;20141208;   3;    1.0;   6.1;  -999;    -999;   92.50;-999;    3.8;   -3.0;   -5.2;-999;   0.0;   0;     -999;   0;eor
       91;20141209;   3;   -0.1;   5.7;  -999;    -999;   94.50;-999;    2.4;   -2.3;   -4.8;-999;   0.0;   0;     -999;   0;eor
       91;20141210;   3;    2.0;   6.3;  -999;    -999;   89.33;-999;    3.3;    0.9;   -0.1;-999;   0.6;   4;     -999;   0;eor
       91;20141211;   3;    3.6;   7.1;  -999;    -999;   90.00;-999;    5.3;    0.4;   -1.0;-999;   8.4;   4;     -999;   0;eor
       91;20141212;   3;    6.7;   8.4;  -999;    -999;   85.58;-999;    8.2;    4.5;    2.3;-999;   6.9;   4;     -999;   0;eor
       91;20141213;   3;    2.7;   7.2;  -999;    -999;   96.25;-999;    5.9;    0.3;    0.0;-999;  11.8;   4;     -999;   0;eor
       91;20141214;   3;    0.8;   6.3;  -999;    -999;   98.29;-999;    2.2;   -1.4;   -4.2;-999;   0.1;   4;     -999;   0;eor
       91;20141215;   3;    3.0;   6.9;  -999;    -999;   90.58;-999;    5.0;   -0.9;   -3.0;-999;   0.4;   4;     -999;   0;eor
       91;20141216;   3;    4.3;   7.6;  -999;    -999;   91.79;-999;    5.9;    2.0;   -1.2;-999;   0.4;   4;     -999;   0;eor
       91;20141217;   3;    3.4;   7.3;  -999;    -999;   93.00;-999;    7.2;    0.9;   -1.7;-999;   2.5;   4;     -999;   0;eor
       91;20141218;   3;    9.3;  11.0;  -999;    -999;   93.04;-999;   12.1;    7.0;    5.9;-999;   0.2;   4;     -999;   0;eor
       91;20141219;   3;    8.7;  10.1;  -999;    -999;   88.42;-999;   10.7;    4.7;    2.2;-999;   7.7;   4;     -999;   0;eor
       91;20141220;   3;    4.1;   7.1;  -999;    -999;   86.17;-999;    5.2;    2.2;   -1.0;-999;   4.7;   4;     -999;   0;eor
       91;20141221;   3;    4.4;   7.4;  -999;    -999;   88.21;-999;    5.9;    2.0;   -0.6;-999;   0.4;   4;     -999;   0;eor
       91;20141222;   3;    6.8;   8.8;  -999;    -999;   89.42;-999;    8.7;    5.4;    4.7;-999;   0.3;   4;     -999;   0;eor
       91;20141223;   3;    8.3;   9.5;  -999;    -999;   87.50;-999;    9.7;    6.7;    5.8;-999;   0.0;   0;     -999;   0;eor
       91;20141224;   3;    6.2;   8.3;  -999;    -999;   87.79;-999;    7.5;    4.5;    3.1;-999;   1.7;   4;     -999;   0;eor
       91;20141225;   3;    3.3;   6.6;  -999;    -999;   84.83;-999;    4.5;    1.0;   -1.5;-999;   1.8;   4;     -999;   0;eor
       91;20141226;   3;   -0.2;   5.7;  -999;    -999;   94.08;-999;    2.5;   -3.5;   -6.5;-999;   1.0;   4;     -999;   0;eor
       91;20141227;   3;   -1.7;   5.0;  -999;    -999;   93.17;-999;   -0.1;   -4.0;   -3.3;-999;   2.4;   4;     -999;   0;eor
       91;20141228;   3;   -4.9;   3.1;  -999;    -999;   74.13;-999;   -2.6;   -8.4;   -3.7;-999;   0.0;   4;     -999;   4;eor
       91;20141229;   3;   -2.1;   4.6;  -999;    -999;   87.79;-999;    0.3;   -4.3;   -1.1;-999;   2.4;   4;     -999;   4;eor
       91;20141230;   3;   -0.3;   5.8;  -999;    -999;   96.71;-999;    1.5;   -2.9;   -0.3;-999;   2.2;   4;     -999;   8;eor
       91;20141231;   3;    1.2;   6.4;  -999;    -999;   96.75;-999;    1.8;    0.4;    0.0;-999;   1.4;   4;     -999;   5;eor
       91;20150101;   3;    1.2;   6.5;  -999;    -999;   97.25;-999;    2.3;    0.2;   -0.5;-999;   0.1;   4;     -999;   2;eor
       91;20150102;   3;    2.1;   6.4;  -999;    -999;   89.21;-999;    3.7;   -0.9;   -3.5;-999;   0.8;   4;     -999;   0;eor
       91;20150103;   3;    1.4;   6.2;  -999;    -999;   91.13;-999;    3.1;   -0.3;   -1.0;-999;   4.5;   4;     -999;   0;eor
       91;20150104;   3;    1.9;   6.3;  -999;    -999;   89.54;-999;    3.4;   -0.1;   -2.2;-999;   0.1;   4;     -999;   2;eor
       91;20150105;   3;    0.1;   5.6;  -999;    -999;   91.75;-999;    2.2;   -3.0;   -5.8;-999;   0.0;   0;     -999;   0;eor
       91;20150106;   3;   -2.0;   5.0;  -999;    -999;   94.67;-999;    1.6;   -4.9;   -7.3;-999;   0.1;   4;     -999;   0;eor
       91;20150107;   3;    1.0;   6.2;  -999;    -999;   93.50;-999;    2.7;   -0.9;   -2.7;-999;   1.1;   4;     -999;   0;eor
       91;20150108;   3;    4.4;   7.7;  -999;    -999;   90.75;-999;    7.9;    0.5;   -0.3;-999;  10.8;   4;     -999;   0;eor
       91;20150109;   3;    6.8;   8.4;  -999;    -999;   85.04;-999;    9.7;    4.3;    2.2;-999;   3.5;   4;     -999;   0;eor
       91;20150110;   3;   10.3;  10.7;  -999;    -999;   83.58;-999;   13.5;    2.9;    0.2;-999;   4.5;   4;     -999;   0;eor
       91;20150111;   3;    2.7;   5.7;  -999;    -999;   77.29;-999;    3.7;    1.6;   -0.9;-999;   1.0;   4;     -999;   0;eor
       91;20150112;   3;    4.7;   7.4;  -999;    -999;   86.33;-999;    6.0;    2.9;    2.4;-999;   0.2;   4;     -999;   0;eor
       91;20150113;   3;    7.8;   7.6;  -999;    -999;   71.83;-999;   11.0;    5.5;    2.3;-999;   6.8;   4;     -999;   0;eor
       91;20150114;   3;    3.9;   6.9;  -999;    -999;   84.92;-999;    7.0;    0.9;   -2.3;-999;   2.0;   4;     -999;   0;eor
       91;20150115;   3;    6.3;   7.5;  -999;    -999;   78.63;-999;    9.9;    0.9;   -0.9;-999;   1.8;   4;     -999;   0;eor
       91;20150116;   3;    5.4;   8.0;  -999;    -999;   89.63;-999;    8.2;    3.4;    2.5;-999;   4.7;   4;     -999;   0;eor
       91;20150117;   3;    1.8;   6.5;  -999;    -999;   92.88;-999;    3.8;   -2.8;   -5.7;-999;   0.0;   4;     -999;   0;eor
       91;20150118;   3;   -0.4;   5.2;  -999;    -999;   88.04;-999;    2.2;   -3.5;   -6.4;-999;   0.0;   0;     -999;   0;eor
       91;20150119;   3;   -1.0;   5.4;  -999;    -999;   94.71;-999;    1.5;   -3.8;   -6.3;-999;   0.2;   4;     -999;   0;eor
       91;20150120;   3;   -1.1;   5.4;  -999;    -999;   95.63;-999;    0.1;   -4.9;   -7.5;-999;   0.2;   4;     -999;   1;eor
       91;20150121;   3;   -2.0;   4.7;  -999;    -999;   90.21;-999;    1.4;   -5.8;   -7.9;-999;   0.0;   0;     -999;   0;eor
       91;20150122;   3;   -0.7;   5.3;  -999;    -999;   90.71;-999;    0.2;   -2.2;   -3.8;-999;   0.0;   0;     -999;   0;eor
       91;20150123;   3;   -0.9;   5.2;  -999;    -999;   90.46;-999;    0.0;   -2.4;   -3.2;-999;   0.0;   0;     -999;   0;eor
       91;20150124;   3;   -1.9;   5.1;  -999;    -999;   95.54;-999;   -0.1;   -4.6;   -4.3;-999;   1.8;   4;     -999;   0;eor
       91;20150125;   3;    0.1;   5.9;  -999;    -999;   95.92;-999;    1.8;   -3.7;   -5.1;-999;   0.1;   4;     -999;   2;eor
       91;20150126;   3;    1.0;   6.2;  -999;    -999;   94.79;-999;    1.5;    0.6;   -0.4;-999;   3.9;   4;     -999;   0;eor
       91;20150127;   3;    1.4;   6.4;  -999;    -999;   94.92;-999;    2.9;    0.5;   -1.1;-999;   1.5;   4;     -999;   2;eor
       91;20150128;   3;    2.1;   6.5;  -999;    -999;   91.00;-999;    3.2;    0.6;   -1.8;-999;   3.0;   4;     -999;   0;eor
       91;20150129;   3;    1.0;   5.8;  -999;    -999;   88.38;-999;    2.3;   -0.3;   -2.9;-999;   5.0;   4;     -999;   0;eor
       91;20150130;   3;   -0.2;   5.5;  -999;    -999;   92.25;-999;    1.0;   -1.9;   -4.5;-999;   5.0;   4;     -999;   2;eor
       91;20150131;   3;   -0.7;   5.3;  -999;    -999;   91.96;-999;    1.9;   -5.1;   -4.8;-999;   0.1;   4;     -999;   9;eor
       91;20150201;   3;   -0.9;   5.3;  -999;    -999;   92.50;-999;    2.3;   -4.6;   -0.4;-999;   0.2;   4;     -999;   7;eor
       91;20150202;   3;    0.0;   5.5;  -999;    -999;   89.83;-999;    1.7;   -3.5;   -1.7;-999;   0.2;   4;     -999;   7;eor
       91;20150203;   3;   -0.8;   5.2;  -999;    -999;   90.17;-999;    1.0;   -6.6;   -5.3;-999;   0.2;   4;     -999;   5;eor
       91;20150204;   3;   -2.7;   4.1;  -999;    -999;   83.13;-999;    0.3;   -7.8;  -11.1;-999;   0.0;   0;     -999;   5;eor
       91;20150205;   3;   -3.2;   3.9;  -999;    -999;   81.79;-999;   -0.9;   -7.4;   -8.8;-999;   0.0;   0;     -999;   5;eor
       91;20150206;   3;   -3.2;   3.8;  -999;    -999;   78.71;-999;   -1.0;   -7.9;  -11.2;-999;   0.0;   0;     -999;   5;eor
       91;20150207;   3;   -3.3;   4.0;  -999;    -999;   82.33;-999;    2.0;  -10.2;  -12.2;-999;   0.7;   4;     -999;   4;eor
       91;20150208;   3;    0.3;   4.4;  -999;    -999;   70.71;-999;    2.4;   -3.8;   -8.1;-999;   0.8;   4;     -999;   4;eor
       91;20150209;   3;    2.1;   6.5;  -999;    -999;   90.58;-999;    4.1;   -0.4;   -0.9;-999;   0.1;   4;     -999;   4;eor
       91;20150210;   3;    2.9;   6.9;  -999;    -999;   92.21;-999;    4.4;    1.7;    0.8;-999;   0.0;   0;     -999;   0;eor
       91;20150211;   3;    1.0;   6.0;  -999;    -999;   91.92;-999;    3.1;   -2.2;   -4.7;-999;   0.0;   0;     -999;   0;eor
       91;20150212;   3;   -0.9;   5.6;  -999;    -999;   96.83;-999;    0.2;   -1.5;   -1.3;-999;   0.0;   0;     -999;   0;eor
       91;20150213;   3;   -0.4;   5.5;  -999;    -999;   92.42;-999;    3.0;   -1.5;   -4.0;-999;   0.0;   0;     -999;   0;eor
       91;20150214;   3;    0.8;   5.6;  -999;    -999;   86.21;-999;    7.4;   -2.5;   -5.1;-999;   0.0;   0;     -999;   0;eor
       91;20150215;   3;   -0.9;   5.2;  -999;    -999;   90.67;-999;    5.0;   -4.2;   -7.4;-999;   0.0;   0;     -999;   0;eor
       91;20150216;   3;   -1.1;   5.3;  -999;    -999;   93.46;-999;    3.6;   -5.2;   -7.1;-999;   0.0;   0;     -999;   0;eor
       91;20150217;   3;    0.5;   5.8;  -999;    -999;   91.75;-999;    1.9;   -0.9;   -1.1;-999;   0.0;   0;     -999;   0;eor
       91;20150218;   3;    1.9;   6.3;  -999;    -999;   89.71;-999;    4.7;    0.0;   -1.9;-999;   0.0;   0;     -999;   0;eor
       91;20150219;   3;   -0.4;   5.2;  -999;    -999;   87.25;-999;    0.5;   -1.7;   -4.2;-999;   0.0;   0;     -999;   0;eor
       91;20150220;   3;    5.0;   6.4;  -999;    -999;   73.67;-999;    9.1;   -1.7;   -2.9;-999;   0.6;   4;     -999;   0;eor
       91;20150221;   3;    3.9;   6.7;  -999;    -999;   82.96;-999;    8.2;   -1.3;   -3.0;-999;   1.4;   4;     -999;   0;eor
       91;20150222;   3;    1.2;   5.7;  -999;    -999;   86.54;-999;    5.3;   -1.2;   -4.8;-999;   0.1;   4;     -999;   0;eor
       91;20150223;   3;    1.7;   6.2;  -999;    -999;   90.17;-999;    3.2;    0.6;   -2.8;-999;   5.1;   4;     -999;   0;eor
       91;20150224;   3;    2.6;   6.4;  -999;    -999;   86.21;-999;    4.8;    0.0;   -2.9;-999;   0.2;   4;     -999;   0;eor
       91;20150225;   3;    2.6;   6.2;  -999;    -999;   84.75;-999;    7.2;   -1.2;   -3.1;-999;   0.5;   4;     -999;   0;eor
       91;20150226;   3;    3.6;   6.5;  -999;    -999;   82.75;-999;    6.9;    0.4;   -1.0;-999;   0.0;   0;     -999;   0;eor
       91;20150227;   3;    2.5;   6.3;  -999;    -999;   87.00;-999;    4.1;    1.3;    0.7;-999;   7.3;   4;     -999;   0;eor
       91;20150228;   3;    1.6;   5.6;  -999;    -999;   82.29;-999;    6.1;   -2.2;   -5.4;-999;   0.3;   4;     -999;   0;eor
       91;20150301;   3;    5.1;   7.4;  -999;    -999;   83.25;-999;    9.2;    1.6;   -0.7;-999;   4.1;   4;     -999;   0;eor
       91;20150302;   3;    4.4;   6.4;  -999;    -999;   76.96;-999;    7.7;    0.0;   -0.6;-999;   3.4;   4;     -999;   0;eor
       91;20150303;   3;    3.5;   6.2;  -999;    -999;   79.75;-999;    8.0;   -0.8;   -4.8;-999;   0.7;   4;     -999;   2;eor
       91;20150304;   3;    2.6;   6.1;  -999;    -999;   83.17;-999;    5.5;    0.8;   -1.8;-999;   0.8;   4;     -999;   0;eor
       91;20150305;   3;    2.8;   5.9;  -999;    -999;   79.42;-999;    6.4;    0.1;   -2.5;-999;   0.0;   0;     -999;   0;eor
       91;20150306;   3;    2.3;   6.2;  -999;    -999;   86.25;-999;    5.9;   -1.4;   -4.0;-999;   0.0;   0;     -999;   0;eor
       91;20150307;   3;    3.4;   5.9;  -999;    -999;   77.42;-999;   10.3;   -2.1;   -4.5;-999;   0.0;   0;     -999;   0;eor
       91;20150308;   3;    6.5;   6.6;  -999;    -999;   71.00;-999;   14.2;   -0.5;   -1.9;-999;   0.0;   0;     -999;   0;eor
       91;20150309;   3;    5.9;   7.6;  -999;    -999;   82.88;-999;   14.9;   -0.8;   -2.5;-999;   0.0;   0;     -999;   0;eor
       91;20150310;   3;    4.4;   8.2;  -999;    -999;   96.88;-999;    8.2;   -0.5;   -2.4;-999;   1.2;   4;     -999;   0;eor
       91;20150311;   3;    3.2;   6.2;  -999;    -999;   82.67;-999;    8.5;   -1.8;   -3.6;-999;   0.0;   0;     -999;   0;eor
       91;20150312;   3;    2.8;   6.0;  -999;    -999;   81.33;-999;   11.0;   -3.2;   -5.3;-999;   0.0;   0;     -999;   0;eor
       91;20150313;   3;    2.4;   5.7;  -999;    -999;   78.96;-999;    6.0;   -0.5;   -3.6;-999;   0.0;   0;     -999;   0;eor
       91;20150314;   3;    1.9;   6.3;  -999;    -999;   89.33;-999;    4.4;   -1.1;   -3.0;-999;   1.1;   4;     -999;   0;eor
       91;20150315;   3;    3.6;   6.9;  -999;    -999;   87.13;-999;    5.5;    1.9;   -0.6;-999;   0.0;   4;     -999;   0;eor
       91;20150316;   3;    5.6;   7.1;  -999;    -999;   79.54;-999;   12.2;    1.0;   -1.9;-999;   0.0;   0;     -999;   0;eor
       91;20150317;   3;    7.4;   7.8;  -999;    -999;   78.42;-999;   15.7;    0.1;   -2.3;-999;   0.0;   0;     -999;   0;eor
       91;20150318;   3;    7.5;   8.1;  -999;    -999;   80.21;-999;   16.2;    1.3;   -1.0;-999;   0.0;   0;     -999;   0;eor
       91;20150319;   3;    5.4;   7.3;  -999;    -999;   83.25;-999;   13.5;   -1.0;   -3.0;-999;   0.0;   0;     -999;   0;eor
       91;20150320;   3;    3.7;   6.0;  -999;    -999;   79.50;-999;   12.9;   -2.3;   -4.4;-999;   0.0;   0;     -999;   0;eor
       91;20150321;   3;    1.7;   6.3;  -999;    -999;   91.29;-999;    5.9;   -2.6;   -5.0;-999;   0.9;   4;     -999;   0;eor
       91;20150322;   3;    1.1;   5.8;  -999;    -999;   87.75;-999;    3.0;   -1.5;   -3.8;-999;   0.0;   0;     -999;   0;eor
       91;20150323;   3;    2.9;   6.1;  -999;    -999;   81.67;-999;   10.9;   -3.6;   -6.1;-999;   0.0;   0;     -999;   0;eor
       91;20150324;   3;    5.0;   7.0;  -999;    -999;   81.42;-999;   11.2;   -0.5;   -1.6;-999;   0.0;   0;     -999;   0;eor
       91;20150325;   3;    9.2;   7.5;  -999;    -999;   69.29;-999;   18.8;    0.9;   -1.4;-999;   0.0;   0;     -999;   0;eor
       91;20150326;   3;    5.8;   7.3;  -999;    -999;   79.83;-999;    8.5;    3.6;    3.2;-999;   0.1;   4;     -999;   0;eor
       91;20150327;   3;    5.7;   7.0;  -999;    -999;   77.38;-999;    7.3;    3.8;    1.2;-999;   0.0;   0;     -999;   0;eor
       91;20150328;   3;    6.5;   6.9;  -999;    -999;   72.21;-999;   11.7;   -0.8;   -2.1;-999;   1.1;   4;     -999;   0;eor
       91;20150329;   3;    9.3;  10.2;  -999;    -999;   87.08;-999;   10.9;    6.4;    5.4;-999;  14.9;   4;     -999;   0;eor
       91;20150330;   3;    5.7;   6.5;  -999;    -999;   70.33;-999;    8.4;    3.1;    0.4;-999;   4.6;   4;     -999;   0;eor
       91;20150331;   3;    6.6;   7.9;  -999;    -999;   80.17;-999;   11.0;    1.7;    0.7;-999;   5.5;   4;     -999;   0;eor
       91;20150401;   3;    2.8;   6.1;  -999;    -999;   82.00;-999;    6.0;    0.7;   -0.5;-999;   5.5;   4;     -999;   0;eor
       91;20150402;   3;    2.9;   6.4;  -999;    -999;   84.63;-999;    6.5;    0.2;   -2.2;-999;   3.5;   4;     -999;   0;eor
       91;20150403;   3;    4.5;   5.7;  -999;    -999;   69.83;-999;    9.5;    0.2;   -1.8;-999;   0.0;   0;     -999;   0;eor
       91;20150404;   3;    3.1;   5.5;  -999;    -999;   73.71;-999;    7.4;   -2.0;   -3.3;-999;   0.0;   0;     -999;   0;eor
       91;20150405;   3;    2.5;   4.7;  -999;    -999;   68.83;-999;    9.0;   -3.8;   -5.0;-999;   0.0;   0;     -999;   0;eor
       91;20150406;   3;    2.9;   5.2;  -999;    -999;   71.96;-999;    9.9;   -2.4;   -4.1;-999;   0.0;   0;     -999;   0;eor
       91;20150407;   3;    4.4;   5.3;  -999;    -999;   67.71;-999;   12.0;   -3.6;   -5.2;-999;   0.0;   0;     -999;   0;eor
       91;20150408;   3;    6.0;   7.6;  -999;    -999;   81.92;-999;   14.0;   -0.8;   -2.1;-999;   0.0;   0;     -999;   0;eor
       91;20150409;   3;    9.4;   9.1;  -999;    -999;   78.88;-999;   17.7;    1.4;   -0.3;-999;   0.0;   0;     -999;   0;eor
       91;20150410;   3;   11.9;   7.8;  -999;    -999;   62.42;-999;   20.8;    3.4;    1.4;-999;   0.0;   0;     -999;   0;eor
       91;20150411;   3;   11.6;   9.0;  -999;    -999;   65.88;-999;   16.5;    5.2;    2.9;-999;   1.7;   4;     -999;   0;eor
       91;20150412;   3;    9.0;   6.9;  -999;    -999;   62.25;-999;   15.9;    0.1;   -1.0;-999;   0.0;   0;     -999;   0;eor
       91;20150413;   3;    9.1;   7.0;  -999;    -999;   62.17;-999;   13.2;    0.3;   -1.3;-999;   0.0;   0;     -999;   0;eor
       91;20150414;   3;   10.1;   8.0;  -999;    -999;   66.25;-999;   19.5;   -0.3;   -1.7;-999;   0.0;   0;     -999;   0;eor
       91;20150415;   3;   14.7;   9.7;  -999;    -999;   61.83;-999;   23.0;    4.8;    2.2;-999;   0.0;   0;     -999;   0;eor
       91;20150416;   3;   12.0;   9.5;  -999;    -999;   69.46;-999;   19.9;    4.7;    2.4;-999;   0.2;   4;     -999;   0;eor
       91;20150417;   3;    7.1;   6.5;  -999;    -999;   65.67;-999;   11.7;    0.6;   -1.1;-999;   0.0;   0;     -999;   0;eor
       91;20150418;   3;    5.5;   5.5;  -999;    -999;   65.08;-999;   12.8;   -1.1;   -2.7;-999;   0.0;   0;     -999;   0;eor
       91;20150419;   3;    7.4;   5.6;  -999;    -999;   59.88;-999;   16.1;   -2.2;   -3.9;-999;   0.0;   0;     -999;   0;eor
       91;20150420;   3;    9.2;   6.7;  -999;    -999;   62.42;-999;   18.0;   -0.6;   -2.0;-999;   0.0;   0;     -999;   0;eor
       91;20150421;   3;   11.4;   6.9;  -999;    -999;   57.92;-999;   21.1;    0.7;   -1.1;-999;   0.0;   0;     -999;   0;eor
       91;20150422;   3;    6.8;   7.0;  -999;    -999;   71.67;-999;   11.7;    3.0;    0.8;-999;   0.0;   0;     -999;   0;eor
       91;20150423;   3;    9.0;   7.2;  -999;    -999;   67.04;-999;   18.1;   -0.7;   -2.1;-999;   0.0;   0;     -999;   0;eor
       91;20150424;   3;   11.1;   7.2;  -999;    -999;   59.71;-999;   19.4;    0.8;   -0.6;-999;   0.0;   0;     -999;   0;eor
       91;20150425;   3;   11.4;  10.4;  -999;    -999;   77.13;-999;   16.5;    5.3;    3.1;-999;   1.5;   4;     -999;   0;eor
       91;20150426;   3;   13.1;  12.3;  -999;    -999;   82.83;-999;   18.7;    7.8;    6.3;-999;   8.0;   4;     -999;   0;eor
       91;20150427;   3;    9.3;  11.3;  -999;    -999;   95.25;-999;   12.0;    6.2;    5.6;-999;   6.4;   4;     -999;   0;eor
       91;20150428;   3;    6.8;   6.8;  -999;    -999;   71.54;-999;   12.4;   -0.7;   -1.8;-999;   0.0;   0;     -999;   0;eor
       91;20150429;   3;    6.9;   6.6;  -999;    -999;   69.88;-999;   13.9;   -2.0;   -3.3;-999;   0.0;   0;     -999;   0;eor
       91;20150430;   3;    8.3;   8.7;  -999;    -999;   80.33;-999;   14.1;    3.6;    1.3;-999;   6.6;   4;     -999;   0;eor
       91;20150501;   3;    6.5;   7.2;  -999;    -999;   77.54;-999;   12.8;    0.4;   -0.6;-999;   0.0;   0;     -999;-999;eor
       91;20150502;   3;    8.1;   7.3;  -999;    -999;   71.21;-999;   15.6;   -0.4;   -1.3;-999;   0.0;   0;     -999;-999;eor
       91;20150503;   3;   11.7;  12.7;  -999;    -999;   89.83;-999;   15.0;    5.5;    4.4;-999;   4.5;   4;     -999;-999;eor
       91;20150504;   3;   16.0;  13.6;  -999;    -999;   76.42;-999;   20.4;   12.3;   10.2;-999;   0.5;   4;     -999;-999;eor
       91;20150505;   3;   17.2;  14.4;  -999;    -999;   75.13;-999;   23.8;    8.2;    6.4;-999;   0.0;   4;     -999;-999;eor
       91;20150506;   3;   12.1;   9.5;  -999;    -999;   70.21;-999;   17.6;    6.9;    4.6;-999;   0.3;   4;     -999;-999;eor
       91;20150507;   3;   10.8;   8.6;  -999;    -999;   68.75;-999;   16.9;    5.4;    3.2;-999;   0.0;   0;     -999;-999;eor
       91;20150508;   3;   13.2;   9.3;  -999;    -999;   64.50;-999;   20.9;    4.6;    2.9;-999;   0.0;   4;     -999;-999;eor
       91;20150509;   3;   13.1;  11.7;  -999;    -999;   78.38;-999;   19.5;    7.4;    5.6;-999;   2.8;   4;     -999;-999;eor
       91;20150510;   3;   12.7;  10.3;  -999;    -999;   71.79;-999;   18.9;    6.4;    4.9;-999;   0.0;   0;     -999;-999;eor
       91;20150511;   3;   14.7;  11.1;  -999;    -999;   69.25;-999;   23.3;    5.5;    3.9;-999;   0.0;   0;     -999;-999;eor
       91;20150512;   3;   17.4;  12.9;  -999;    -999;   66.54;-999;   26.2;    7.6;    5.5;-999;   0.2;   4;     -999;-999;eor
       91;20150513;   3;   12.3;   8.8;  -999;    -999;   65.83;-999;   19.5;    3.5;    2.2;-999;   0.0;   0;     -999;-999;eor
       91;20150514;   3;   11.7;   8.3;  -999;    -999;   62.75;-999;   17.4;    6.6;    4.7;-999;   0.0;   0;     -999;-999;eor
       91;20150515;   3;   13.1;   8.2;  -999;    -999;   58.71;-999;   19.7;    4.8;    3.2;-999;   0.0;   0;     -999;-999;eor
       91;20150516;   3;   10.2;   9.4;  -999;    -999;   76.96;-999;   16.3;    2.5;    1.2;-999;   0.9;   4;     -999;-999;eor
       91;20150517;   3;   10.7;   8.6;  -999;    -999;   69.25;-999;   16.3;    3.6;    2.2;-999;   0.0;   0;     -999;-999;eor
       91;20150518;   3;   13.5;   9.2;  -999;    -999;   63.33;-999;   20.9;    4.4;    3.1;-999;   0.6;   4;     -999;-999;eor
       91;20150519;   3;   11.8;   8.5;  -999;    -999;   62.54;-999;   16.1;    6.3;    3.7;-999;   0.0;   0;     -999;-999;eor
       91;20150520;   3;    8.6;   8.3;  -999;    -999;   75.71;-999;   14.9;    2.5;    1.2;-999;   0.5;   4;     -999;-999;eor
       91;20150521;   3;    8.2;   7.3;  -999;    -999;   70.58;-999;   15.3;    0.6;   -0.6;-999;   0.0;   0;     -999;-999;eor
       91;20150522;   3;   11.9;   8.3;  -999;    -999;   63.17;-999;   19.4;    3.0;    1.8;-999;   0.0;   0;     -999;-999;eor
       91;20150523;   3;   14.0;  11.1;  -999;    -999;   71.08;-999;   19.4;    8.5;    8.1;-999;   0.0;   0;     -999;-999;eor
       91;20150524;   3;   14.2;  13.1;  -999;    -999;   81.50;-999;   18.0;   10.4;    9.9;-999;   0.7;   4;     -999;-999;eor
       91;20150525;   3;   12.3;  12.1;  -999;    -999;   85.67;-999;   16.8;    5.3;    3.9;-999;   0.3;   4;     -999;-999;eor
       91;20150526;   3;    9.0;   8.9;  -999;    -999;   78.96;-999;   13.8;    4.7;    3.1;-999;   0.1;   4;     -999;-999;eor
       91;20150527;   3;    8.7;   8.2;  -999;    -999;   74.71;-999;   13.2;    4.0;    2.1;-999;   0.0;   0;     -999;-999;eor
       91;20150528;   3;   12.4;   9.9;  -999;    -999;   69.75;-999;   19.0;    4.9;    4.2;-999;   0.0;   4;     -999;-999;eor
       91;20150529;   3;   12.2;  10.8;  -999;    -999;   77.00;-999;   16.8;    7.0;    5.8;-999;   2.8;   4;     -999;-999;eor
       91;20150530;   3;    9.8;   9.0;  -999;    -999;   75.21;-999;   15.1;    3.6;    1.9;-999;   0.0;   4;     -999;-999;eor
       91;20150531;   3;   13.9;  10.4;  -999;    -999;   66.33;-999;   19.5;    2.9;    1.3;-999;   3.3;   4;     -999;-999;eor
       91;20150601;   3;   11.8;  12.3;  -999;    -999;   88.54;-999;   15.8;    8.6;    6.8;-999;   2.8;   4;     -999;-999;eor
       91;20150602;   3;   16.6;  11.5;  -999;    -999;   63.29;-999;   23.0;    8.9;    7.0;-999;   0.0;   0;     -999;-999;eor
       91;20150603;   3;   17.0;  12.8;  -999;    -999;   66.21;-999;   20.8;    8.4;    6.9;-999;   0.0;   0;     -999;-999;eor
       91;20150604;   3;   16.6;  10.8;  -999;    -999;   60.88;-999;   24.3;    7.6;    6.1;-999;   0.0;   0;     -999;-999;eor
       91;20150605;   3;   21.1;  14.5;  -999;    -999;   60.17;-999;   30.1;    8.6;    6.9;-999;   1.0;   4;     -999;-999;eor
       91;20150606;   3;   20.2;  17.7;  -999;    -999;   74.46;-999;   25.2;   15.1;   13.7;-999;   0.2;   4;     -999;-999;eor
       91;20150607;   3;   17.2;  10.0;  -999;    -999;   52.92;-999;   22.9;    8.5;    6.9;-999;   0.0;   0;     -999;-999;eor
       91;20150608;   3;   13.5;  10.0;  -999;    -999;   65.96;-999;   17.2;    7.7;    6.0;-999;   0.0;   0;     -999;-999;eor
       91;20150609;   3;   12.7;   9.4;  -999;    -999;   65.17;-999;   17.1;    6.8;    5.4;-999;   0.0;   0;     -999;-999;eor
       91;20150610;   3;   14.8;  10.5;  -999;    -999;   64.92;-999;   22.0;    5.6;    4.1;-999;   0.0;   0;     -999;-999;eor
       91;20150611;   3;   16.9;  11.5;  -999;    -999;   60.38;-999;   22.5;    9.8;    8.6;-999;   0.0;   0;     -999;-999;eor
       91;20150612;   3;   19.3;  15.2;  -999;    -999;   70.42;-999;   28.4;    8.5;    7.1;-999;   2.3;   4;     -999;-999;eor
       91;20150613;   3;   18.4;  17.5;  -999;    -999;   82.71;-999;   22.3;   11.4;    9.9;-999;   0.7;   4;     -999;-999;eor
       91;20150614;   3;   17.6;  11.7;  -999;    -999;   63.38;-999;   25.6;    9.7;    8.6;-999;   0.0;   0;     -999;-999;eor
       91;20150615;   3;   13.6;  11.9;  -999;    -999;   77.63;-999;   19.1;    6.2;    4.7;-999;   0.0;   0;     -999;-999;eor
       91;20150616;   3;   11.4;   9.1;  -999;    -999;   70.04;-999;   17.4;    4.9;    3.4;-999;   0.0;   0;     -999;-999;eor
       91;20150617;   3;   13.0;   8.7;  -999;    -999;   61.96;-999;   19.8;    2.8;    1.5;-999;   6.1;   4;     -999;-999;eor
       91;20150618;   3;   15.5;  13.4;  -999;    -999;   76.96;-999;   20.7;   11.0;    9.0;-999;   4.7;   4;     -999;-999;eor
       91;20150619;   3;   11.0;  10.9;  -999;    -999;   82.54;-999;   14.0;    9.2;    8.4;-999;   6.8;   4;     -999;-999;eor
       91;20150620;   3;   11.2;  10.7;  -999;    -999;   81.46;-999;   14.6;    8.8;    8.8;-999;   0.1;   4;     -999;-999;eor
       91;20150621;   3;   12.6;  12.9;  -999;    -999;   87.75;-999;   17.4;    9.5;    9.1;-999;   1.0;   4;     -999;-999;eor
       91;20150622;   3;   11.4;  12.5;  -999;    -999;   92.63;-999;   14.3;    8.5;    7.0;-999;  15.8;   4;     -999;-999;eor
       91;20150623;   3;   11.0;  11.3;  -999;    -999;   86.50;-999;   16.4;    8.3;    8.1;-999;   0.6;   4;     -999;-999;eor
       91;20150624;   3;   12.6;  11.7;  -999;    -999;   81.29;-999;   16.9;    8.7;    7.4;-999;   0.0;   0;     -999;-999;eor
       91;20150625;   3;   15.4;  12.3;  -999;    -999;   73.88;-999;   22.8;    6.6;    5.7;-999;   0.0;   0;     -999;-999;eor
       91;20150626;   3;   18.0;  14.4;  -999;    -999;   71.96;-999;   25.7;   10.0;    8.8;-999;   1.1;   4;     -999;-999;eor
       91;20150627;   3;   17.1;  16.1;  -999;    -999;   83.13;-999;   22.9;   10.3;    8.6;-999;   2.1;   4;     -999;-999;eor
       91;20150628;   3;   15.8;  12.3;  -999;    -999;   71.67;-999;   22.5;    8.1;    7.0;-999;   0.0;   4;     -999;-999;eor
       91;20150629;   3;   19.5;  14.9;  -999;    -999;   68.50;-999;   26.6;   12.2;   10.7;-999;   0.0;   0;     -999;-999;eor
       91;20150630;   3;   19.3;  14.3;  -999;    -999;   67.46;-999;   27.6;    9.9;    8.9;-999;   0.0;   0;     -999;-999;eor
       91;20150701;   3;   22.9;  15.2;  -999;    -999;   57.71;-999;   30.9;   12.5;   10.8;-999;   0.0;   0;     -999;-999;eor
       91;20150702;   3;   25.2;  16.8;  -999;    -999;   55.75;-999;   33.5;   15.9;   13.9;-999;   0.0;   0;     -999;-999;eor
       91;20150703;   3;   25.0;  20.8;  -999;    -999;   68.42;-999;   34.7;   17.3;   16.1;-999;   0.5;   4;     -999;-999;eor
       91;20150704;   3;   27.5;  20.6;  -999;    -999;   60.58;-999;   35.2;   18.9;   17.0;-999;   0.0;   0;     -999;-999;eor
       91;20150705;   3;   27.2;  20.6;  -999;    -999;   62.29;-999;   36.6;   17.2;   16.9;-999;   6.2;   4;     -999;-999;eor
       91;20150706;   3;   19.3;  14.6;  -999;    -999;   68.58;-999;   25.9;   11.9;   10.6;-999;   0.0;   0;     -999;-999;eor
       91;20150707;   3;   21.6;  15.2;  -999;    -999;   64.25;-999;   32.0;   10.8;    9.5;-999;   1.9;   4;     -999;-999;eor
       91;20150708;   3;   16.1;  12.9;  -999;    -999;   70.75;-999;   20.2;   12.6;   10.9;-999;   0.8;   4;     -999;-999;eor
       91;20150709;   3;   14.1;  11.0;  -999;    -999;   69.04;-999;   18.2;    6.9;    5.0;-999;   0.0;   0;     -999;-999;eor
       91;20150710;   3;   13.5;   9.5;  -999;    -999;   65.50;-999;   21.5;    3.9;    2.5;-999;   0.0;   0;     -999;-999;eor
       91;20150711;   3;   18.7;  11.1;  -999;    -999;   57.13;-999;   28.3;    8.5;    6.9;-999;   0.0;   0;     -999;-999;eor
       91;20150712;   3;   16.7;  13.5;  -999;    -999;   73.92;-999;   24.8;   10.1;    8.8;-999;   2.7;   4;     -999;-999;eor
       91;20150713;   3;   15.7;  16.3;  -999;    -999;   91.13;-999;   16.8;   13.8;   13.4;-999;   3.4;   4;     -999;-999;eor
       91;20150714;   3;   18.5;  17.6;  -999;    -999;   82.83;-999;   22.2;   16.0;   15.3;-999;   0.1;   4;     -999;-999;eor
       91;20150715;   3;   20.5;  16.6;  -999;    -999;   70.75;-999;   26.2;   15.9;   15.1;-999;   0.0;   4;     -999;-999;eor
       91;20150716;   3;   21.9;  18.0;  -999;    -999;   71.42;-999;   29.1;   16.0;   15.1;-999;   0.0;   0;     -999;-999;eor
       91;20150717;   3;   25.1;  16.8;  -999;    -999;   57.42;-999;   33.7;   16.2;   15.0;-999;   0.1;   4;     -999;-999;eor
       91;20150718;   3;   22.9;  17.4;  -999;    -999;   63.50;-999;   29.3;   16.0;   14.1;-999;   8.2;   4;     -999;-999;eor
       91;20150719;   3;   18.2;  17.9;  -999;    -999;   85.50;-999;   25.4;   14.2;   12.9;-999;   3.2;   4;     -999;-999;eor
       91;20150720;   3;   18.9;  19.4;  -999;    -999;   89.00;-999;   23.1;   13.2;   11.8;-999;   0.4;   4;     -999;-999;eor
       91;20150721;   3;   23.1;  20.7;  -999;    -999;   75.29;-999;   29.2;   17.5;   16.4;-999;   0.0;   0;     -999;-999;eor
       91;20150722;   3;   23.4;  19.4;  -999;    -999;   69.88;-999;   30.8;   15.9;   15.0;-999;   0.0;   0;     -999;-999;eor
       91;20150723;   3;   19.1;  13.8;  -999;    -999;   64.46;-999;   24.4;   12.0;   10.7;-999;   0.0;   0;     -999;-999;eor
       91;20150724;   3;   20.8;  15.1;  -999;    -999;   65.21;-999;   29.6;   10.1;    9.2;-999;   5.2;   4;     -999;-999;eor
       91;20150725;   3;   16.8;  15.0;  -999;    -999;   78.08;-999;   22.6;   11.2;    9.8;-999;   1.8;   4;     -999;-999;eor
       91;20150726;   3;   14.6;  10.6;  -999;    -999;   67.33;-999;   21.0;    9.4;    7.8;-999;   3.2;   4;     -999;-999;eor
       91;20150727;   3;   15.3;  15.2;  -999;    -999;   87.50;-999;   19.3;   12.0;   11.8;-999;  14.9;   4;     -999;-999;eor
       91;20150728;   3;   15.7;  11.1;  -999;    -999;   64.00;-999;   20.5;   11.1;    9.6;-999;   0.0;   0;     -999;-999;eor
       91;20150729;   3;   15.3;  10.1;  -999;    -999;   59.75;-999;   20.5;   10.7;    8.5;-999;   0.0;   0;     -999;-999;eor
       91;20150730;   3;   13.5;  10.9;  -999;    -999;   72.38;-999;   19.1;    8.2;    6.5;-999;   0.4;   4;     -999;-999;eor
       91;20150731;   3;   13.0;   9.7;  -999;    -999;   69.54;-999;   20.3;    6.5;    5.5;-999;   0.0;   0;     -999;-999;eor
       91;20150801;   3;   16.4;  10.9;  -999;    -999;   61.21;-999;   25.6;   10.2;    9.0;-999;   0.0;   0;     -999;-999;eor
       91;20150802;   3;   18.8;  12.2;  -999;    -999;   62.00;-999;   28.3;    9.4;    8.0;-999;   0.0;   0;     -999;-999;eor
       91;20150803;   3;   22.3;  13.5;  -999;    -999;   54.83;-999;   31.4;   11.9;   10.1;-999;   0.0;   0;     -999;-999;eor
       91;20150804;   3;   20.4;  16.6;  -999;    -999;   72.88;-999;   31.5;   12.1;   10.7;-999;   4.1;   4;     -999;-999;eor
       91;20150805;   3;   17.7;  12.6;  -999;    -999;   68.38;-999;   26.7;    8.9;    7.8;-999;   0.0;   0;     -999;-999;eor
       91;20150806;   3;   23.3;  14.9;  -999;    -999;   57.79;-999;   33.9;   11.7;   10.1;-999;   0.0;   0;     -999;-999;eor
       91;20150807;   3;   25.0;  18.2;  -999;    -999;   62.08;-999;   36.0;   15.4;   14.0;-999;   0.0;   0;     -999;-999;eor
       91;20150808;   3;   22.6;  19.7;  -999;    -999;   72.83;-999;   29.1;   17.6;   16.8;-999;   2.5;   4;     -999;-999;eor
       91;20150809;   3;   22.2;  18.8;  -999;    -999;   72.13;-999;   29.4;   17.5;   16.6;-999;   0.0;   0;     -999;-999;eor
       91;20150810;   3;   23.7;  19.9;  -999;    -999;   71.29;-999;   33.0;   16.0;   15.1;-999;   2.6;   4;     -999;-999;eor
       91;20150811;   3;   21.8;  19.2;  -999;    -999;   74.71;-999;   27.0;   16.6;   15.7;-999;   0.0;   0;     -999;-999;eor
       91;20150812;   3;   22.4;  19.3;  -999;    -999;   73.67;-999;   29.2;   15.1;   14.0;-999;   0.0;   0;     -999;-999;eor
       91;20150813;   3;   23.7;  19.7;  -999;    -999;   70.00;-999;   32.0;   14.5;   13.5;-999;   0.6;   4;     -999;-999;eor
       91;20150814;   3;   23.5;  18.8;  -999;    -999;   66.75;-999;   28.9;   18.8;   17.3;-999;   1.1;   4;     -999;-999;eor
       91;20150815;   3;   20.4;  17.5;  -999;    -999;   74.88;-999;   26.4;   16.1;   14.6;-999;   2.4;   4;     -999;-999;eor
       91;20150816;   3;   16.0;  17.4;  -999;    -999;   95.71;-999;   17.1;   14.8;   14.6;-999;  40.1;   4;     -999;-999;eor
       91;20150817;   3;   14.1;  15.5;  -999;    -999;   96.50;-999;   14.8;   13.2;   12.8;-999;   5.7;   4;     -999;-999;eor
       91;20150818;   3;   14.1;  14.2;  -999;    -999;   88.71;-999;   16.8;   12.4;   12.2;-999;   0.0;   0;     -999;-999;eor
       91;20150819;   3;   15.2;  13.6;  -999;    -999;   80.75;-999;   20.6;    9.0;    8.0;-999;   0.0;   0;     -999;-999;eor
       91;20150820;   3;   15.2;  14.2;  -999;    -999;   83.71;-999;   21.8;    9.4;    8.6;-999;   0.0;   0;     -999;-999;eor
       91;20150821;   3;   16.4;  12.8;  -999;    -999;   73.13;-999;   24.8;    8.6;    7.6;-999;   0.0;   0;     -999;-999;eor
       91;20150822;   3;   18.1;  11.6;  -999;    -999;   60.42;-999;   25.5;    9.3;    7.7;-999;   0.0;   0;     -999;-999;eor
       91;20150823;   3;   18.9;  12.0;  -999;    -999;   57.33;-999;   25.3;   12.7;   10.2;-999;   3.9;   4;     -999;-999;eor
       91;20150824;   3;   18.4;  17.3;  -999;    -999;   82.42;-999;   23.3;   15.1;   13.9;-999;   1.5;   4;     -999;-999;eor
       91;20150825;   3;   15.5;  12.6;  -999;    -999;   71.88;-999;   19.1;   13.1;   11.4;-999;   0.0;   0;     -999;-999;eor
       91;20150826;   3;   19.3;  13.6;  -999;    -999;   61.25;-999;   25.4;   13.6;   11.3;-999;   0.0;   0;     -999;-999;eor
       91;20150827;   3;   20.1;  16.6;  -999;    -999;   70.83;-999;   24.7;   15.0;   12.6;-999;  16.7;   4;     -999;-999;eor
       91;20150828;   3;   15.6;  16.2;  -999;    -999;   91.13;-999;   19.5;   10.6;    9.8;-999;   0.0;   4;     -999;-999;eor
       91;20150829;   3;   17.6;  17.7;  -999;    -999;   87.17;-999;   26.3;    8.8;    7.9;-999;   0.0;   0;     -999;-999;eor
       91;20150830;   3;   22.9;  21.1;  -999;    -999;   78.58;-999;   31.9;   16.0;   14.7;-999;   0.0;   0;     -999;-999;eor
       91;20150831;   3;   23.5;  17.9;  -999;    -999;   67.08;-999;   31.4;   16.4;   15.4;-999;   0.1;   4;     -999;-999;eor
       91;20150901;   3;   17.0;  17.2;  -999;    -999;   88.83;-999;   24.7;   10.6;    9.4;-999;   4.3;   4;     -999;-999;eor
       91;20150902;   3;   13.3;  12.6;  -999;    -999;   83.92;-999;   19.5;    8.7;    7.6;-999;   5.6;   4;     -999;-999;eor
       91;20150903;   3;   12.9;  12.9;  -999;    -999;   87.96;-999;   18.5;    7.4;    6.3;-999;   0.0;   0;     -999;-999;eor
       91;20150904;   3;   11.8;  10.5;  -999;    -999;   77.58;-999;   16.7;    7.3;    6.0;-999;   0.0;   0;     -999;-999;eor
       91;20150905;   3;   12.2;  11.8;  -999;    -999;   83.25;-999;   16.8;    8.0;    6.2;-999;   1.5;   4;     -999;-999;eor
       91;20150906;   3;   10.8;  10.4;  -999;    -999;   80.63;-999;   14.9;    7.9;    6.5;-999;   1.2;   4;     -999;-999;eor
       91;20150907;   3;   12.2;  12.9;  -999;    -999;   90.71;-999;   15.9;    8.5;    7.6;-999;   2.4;   4;     -999;-999;eor
       91;20150908;   3;   12.4;  12.1;  -999;    -999;   85.79;-999;   17.0;    8.3;    7.5;-999;   0.0;   0;     -999;-999;eor
       91;20150909;   3;   11.9;  10.6;  -999;    -999;   78.46;-999;   18.0;    6.9;    5.3;-999;   0.0;   0;     -999;-999;eor
       91;20150910;   3;   11.8;  10.5;  -999;    -999;   77.25;-999;   17.8;    6.0;    3.5;-999;   0.0;   0;     -999;-999;eor
       91;20150911;   3;   12.5;  11.2;  -999;    -999;   79.25;-999;   20.2;    7.1;    4.8;-999;   0.0;   0;     -999;-999;eor
       91;20150912;   3;   15.2;  13.9;  -999;    -999;   81.50;-999;   22.7;    7.0;    5.0;-999;   3.7;   4;     -999;-999;eor
       91;20150913;   3;   16.4;  17.5;  -999;    -999;   94.04;-999;   19.1;   12.7;   11.3;-999;   1.2;   4;     -999;-999;eor
       91;20150914;   3;   14.9;  15.0;  -999;    -999;   88.79;-999;   19.7;   10.3;    8.5;-999;   4.5;   4;     -999;-999;eor
       91;20150915;   3;   12.4;  11.3;  -999;    -999;   79.08;-999;   16.3;    9.0;    6.3;-999;   3.9;   4;     -999;-999;eor
       91;20150916;   3;   14.0;  14.8;  -999;    -999;   92.00;-999;   16.7;   10.2;    9.8;-999;  11.7;   4;     -999;-999;eor
       91;20150917;   3;   14.2;  14.5;  -999;    -999;   89.38;-999;   16.4;   10.3;    7.9;-999;   2.0;   4;     -999;-999;eor
       91;20150918;   3;   12.6;  13.2;  -999;    -999;   90.67;-999;   18.2;    8.3;    6.0;-999;   1.0;   4;     -999;-999;eor
       91;20150919;   3;   12.3;  12.7;  -999;    -999;   89.25;-999;   16.8;    9.0;    6.8;-999;   0.3;   4;     -999;-999;eor
       91;20150920;   3;   11.7;  11.7;  -999;    -999;   85.58;-999;   16.2;    8.3;    6.7;-999;   0.1;   4;     -999;-999;eor
       91;20150921;   3;   12.2;  11.6;  -999;    -999;   82.88;-999;   17.5;    7.5;    6.2;-999;   0.0;   0;     -999;-999;eor
       91;20150922;   3;   12.0;  12.2;  -999;    -999;   86.83;-999;   14.6;    9.4;    7.5;-999;   5.5;   4;     -999;-999;eor
       91;20150923;   3;   11.0;  11.9;  -999;    -999;   90.29;-999;   14.1;    7.9;    5.7;-999;   1.7;   4;     -999;-999;eor
       91;20150924;   3;   11.9;  12.0;  -999;    -999;   86.38;-999;   16.1;    7.4;    5.5;-999;   0.0;   0;     -999;-999;eor
       91;20150925;   3;   11.7;  11.6;  -999;    -999;   85.25;-999;   17.2;    6.9;    5.3;-999;   0.0;   0;     -999;-999;eor
       91;20150926;   3;   11.3;  11.3;  -999;    -999;   85.71;-999;   16.0;    6.3;    4.2;-999;   0.0;   0;     -999;-999;eor
       91;20150927;   3;    8.6;   9.4;  -999;    -999;   85.63;-999;   16.0;    2.6;    1.2;-999;   0.0;   0;     -999;-999;eor
       91;20150928;   3;    8.1;   8.6;  -999;    -999;   82.96;-999;   16.6;    1.8;    0.4;-999;   0.0;   0;     -999;-999;eor
       91;20150929;   3;    9.2;   8.9;  -999;    -999;   78.50;-999;   15.6;    1.9;    0.2;-999;   0.0;   0;     -999;-999;eor
       91;20150930;   3;    9.8;   8.4;  -999;    -999;   71.33;-999;   15.5;    4.3;    0.9;-999;   0.0;   0;     -999;-999;eor
       91;20151001;   3;    8.1;   7.4;  -999;    -999;   71.83;-999;   15.1;    1.4;   -0.7;-999;   0.0;   0;     -999;   0;eor
       91;20151002;   3;    8.8;   8.1;  -999;    -999;   74.92;-999;   18.3;    0.3;   -1.4;-999;   0.0;   0;     -999;   0;eor
       91;20151003;   3;   10.3;  10.3;  -999;    -999;   83.54;-999;   18.5;    3.9;    2.2;-999;   0.0;   0;     -999;   0;eor
       91;20151004;   3;   10.7;  11.5;  -999;    -999;   89.92;-999;   18.7;    5.2;    3.5;-999;   0.0;   0;     -999;   0;eor
       91;20151005;   3;   13.2;  12.4;  -999;    -999;   83.17;-999;   18.2;    9.0;    7.2;-999;   4.8;   4;     -999;   0;eor
       91;20151006;   3;   14.6;  15.8;  -999;    -999;   94.46;-999;   17.9;   11.6;   10.9;-999;   4.3;   4;     -999;   0;eor
       91;20151007;   3;   14.0;  14.9;  -999;    -999;   92.83;-999;   16.7;   11.5;   10.8;-999;   0.5;   4;     -999;   0;eor
       91;20151008;   3;   12.3;  13.1;  -999;    -999;   91.38;-999;   13.5;   11.5;   11.3;-999;   2.0;   4;     -999;   0;eor
       91;20151009;   3;   11.8;  13.3;  -999;    -999;   95.63;-999;   13.4;   10.5;    9.8;-999;   0.0;   4;     -999;   0;eor
       91;20151010;   3;    9.1;   9.3;  -999;    -999;   79.88;-999;   12.2;    5.4;    5.0;-999;   0.0;   0;     -999;   0;eor
       91;20151011;   3;    4.9;   5.8;  -999;    -999;   67.88;-999;    9.4;    0.7;   -1.3;-999;   0.0;   0;     -999;   0;eor
       91;20151012;   3;    3.6;   5.8;  -999;    -999;   74.75;-999;   10.3;   -2.3;   -4.1;-999;   0.0;   0;     -999;   0;eor
       91;20151013;   3;    2.4;   6.4;  -999;    -999;   87.92;-999;    6.4;   -1.0;   -2.7;-999;   1.0;   4;     -999;   0;eor
       91;20151014;   3;    2.1;   6.6;  -999;    -999;   92.88;-999;    3.6;    0.5;    0.1;-999;   3.8;   4;     -999;   0;eor
       91;20151015;   3;    3.7;   7.8;  -999;    -999;   96.96;-999;    5.7;    0.5;    0.0;-999;   8.0;   4;     -999;   0;eor
       91;20151016;   3;    5.7;   8.7;  -999;    -999;   95.25;-999;    7.0;    4.6;    4.4;-999;   0.0;   0;     -999;   0;eor
       91;20151017;   3;    5.6;   8.3;  -999;    -999;   91.50;-999;    7.0;    4.0;    2.9;-999;   0.0;   0;     -999;   0;eor
       91;20151018;   3;    5.2;   8.0;  -999;    -999;   91.33;-999;    8.2;    2.7;    1.4;-999;   0.0;   0;     -999;   0;eor
       91;20151019;   3;    5.1;   8.5;  -999;    -999;   96.04;-999;    8.1;    1.6;   -0.1;-999;   1.5;   4;     -999;   0;eor
       91;20151020;   3;    7.9;  10.0;  -999;    -999;   93.92;-999;   10.2;    6.4;    5.6;-999;   0.4;   4;     -999;   0;eor
       91;20151021;   3;    7.5;   9.4;  -999;    -999;   90.33;-999;   10.5;    4.5;    2.0;-999;   0.0;   0;     -999;   0;eor
       91;20151022;   3;    8.7;  10.4;  -999;    -999;   92.25;-999;   10.6;    4.1;    1.8;-999;   0.1;   4;     -999;   0;eor
       91;20151023;   3;    8.0;   9.3;  -999;    -999;   87.58;-999;   13.7;    2.8;    0.9;-999;   0.0;   0;     -999;   0;eor
       91;20151024;   3;    5.7;   8.9;  -999;    -999;   96.42;-999;    8.4;    0.5;   -0.8;-999;   0.0;   0;     -999;   0;eor
       91;20151025;   3;    9.5;  11.3;  -999;    -999;   95.29;-999;   12.2;    6.8;    6.0;-999;   0.0;   0;     -999;   0;eor
       91;20151026;   3;   10.1;  11.1;  -999;    -999;   89.83;-999;   15.8;    5.2;    2.6;-999;   0.0;   0;     -999;   0;eor
       91;20151027;   3;    7.3;   9.6;  -999;    -999;   93.71;-999;   14.7;    3.7;    1.6;-999;   0.0;   0;     -999;   0;eor
       91;20151028;   3;    8.3;  10.0;  -999;    -999;   91.38;-999;   11.6;    4.9;    3.9;-999;   0.1;   4;     -999;   0;eor
       91;20151029;   3;    8.9;  10.9;  -999;    -999;   95.79;-999;   11.9;    5.0;    3.3;-999;   0.0;   0;     -999;   0;eor
       91;20151030;   3;    9.1;  10.4;  -999;    -999;   90.46;-999;   14.1;    4.6;    3.1;-999;   0.0;   0;     -999;   0;eor
       91;20151031;   3;    7.3;   9.1;  -999;    -999;   89.71;-999;   14.9;    2.2;    0.6;-999;   0.0;   0;     -999;   0;eor
       91;20151101;   3;    6.0;   8.1;  -999;    -999;   88.54;-999;   15.6;    0.7;   -0.7;-999;   0.0;   0;     -999;   0;eor
       91;20151102;   3;    4.3;   7.2;  -999;    -999;   87.83;-999;   15.9;   -1.0;   -3.3;-999;   0.0;   0;     -999;   0;eor
       91;20151103;   3;    2.5;   6.7;  -999;    -999;   91.29;-999;   13.4;   -3.4;   -5.1;-999;   0.0;   0;     -999;   0;eor
       91;20151104;   3;    6.4;   8.8;  -999;    -999;   90.00;-999;   13.2;   -0.4;   -1.1;-999;   0.0;   0;     -999;   0;eor
       91;20151105;   3;   10.5;  11.2;  -999;    -999;   88.08;-999;   17.3;    5.0;    2.9;-999;   0.0;   4;     -999;   0;eor
       91;20151106;   3;   12.7;  12.9;  -999;    -999;   87.33;-999;   16.1;    8.7;    6.9;-999;   3.3;   4;     -999;   0;eor
       91;20151107;   3;   15.9;  16.4;  -999;    -999;   90.67;-999;   17.4;   14.0;   12.5;-999;   0.0;   0;     -999;   0;eor
       91;20151108;   3;   13.0;  12.8;  -999;    -999;   85.50;-999;   16.9;    7.6;    5.7;-999;   0.1;   4;     -999;   0;eor
       91;20151109;   3;   14.6;  12.6;  -999;    -999;   75.50;-999;   16.5;   13.1;   11.6;-999;   0.1;   4;     -999;   0;eor
       91;20151110;   3;   12.9;  11.8;  -999;    -999;   79.50;-999;   13.6;   11.9;   11.1;-999;   0.0;   4;     -999;   0;eor
       91;20151111;   3;   11.5;  11.3;  -999;    -999;   83.38;-999;   13.5;    9.0;    6.3;-999;   0.0;   0;     -999;   0;eor
       91;20151112;   3;   10.8;  10.9;  -999;    -999;   84.25;-999;   13.6;    7.9;    5.4;-999;   0.0;   0;     -999;   0;eor
       91;20151113;   3;    9.4;  10.3;  -999;    -999;   87.33;-999;   11.6;    5.8;    4.0;-999;   1.7;   4;     -999;   0;eor
       91;20151114;   3;    7.0;   8.2;  -999;    -999;   81.00;-999;    8.3;    5.2;    2.6;-999;   4.2;   4;     -999;   0;eor
       91;20151115;   3;   10.6;  11.4;  -999;    -999;   88.79;-999;   13.5;    6.7;    5.9;-999;   4.1;   4;     -999;   0;eor
       91;20151116;   3;    9.6;  10.3;  -999;    -999;   86.21;-999;   11.5;    8.4;    6.7;-999;   4.2;   4;     -999;   0;eor
       91;20151117;   3;   11.4;  12.5;  -999;    -999;   92.75;-999;   13.7;    9.4;    8.8;-999;  10.3;   4;     -999;   0;eor
       91;20151118;   3;   12.0;   9.9;  -999;    -999;   69.92;-999;   14.2;    9.7;    6.3;-999;  10.0;   4;     -999;   0;eor
       91;20151119;   3;   10.3;  10.9;  -999;    -999;   86.83;-999;   12.4;    7.6;    6.8;-999;   8.5;   4;     -999;   0;eor
       91;20151120;   3;    6.5;   8.6;  -999;    -999;   89.00;-999;    8.2;    2.8;    0.2;-999;   1.2;   4;     -999;   0;eor
       91;20151121;   3;    2.6;   6.7;  -999;    -999;   90.67;-999;    4.8;   -1.2;   -2.9;-999;   1.9;   4;     -999;   0;eor
       91;20151122;   3;    0.3;   5.7;  -999;    -999;   91.58;-999;    3.4;   -2.0;   -4.5;-999;   0.9;   4;     -999;   1;eor
       91;20151123;   3;    0.3;   5.9;  -999;    -999;   94.79;-999;    3.1;   -2.6;   -4.8;-999;   0.2;   4;     -999;   0;eor
       91;20151124;   3;    0.1;   5.5;  -999;    -999;   89.33;-999;    1.8;   -2.4;   -4.0;-999;   0.4;   4;     -999;   0;eor
       91;20151125;   3;    2.1;   6.6;  -999;    -999;   92.54;-999;    3.7;    0.6;    0.0;-999;   1.9;   4;     -999;   0;eor
       91;20151126;   3;    2.3;   6.9;  -999;    -999;   95.29;-999;    5.0;   -2.0;   -4.4;-999;   0.0;   0;     -999;   0;eor
       91;20151127;   3;   -1.5;   5.4;  -999;    -999;   98.08;-999;    1.4;   -3.8;   -6.1;-999;   0.1;   4;     -999;   0;eor
       91;20151128;   3;    2.0;   6.1;  -999;    -999;   86.83;-999;    4.9;   -1.0;   -2.8;-999;   5.0;   4;     -999;   0;eor
       91;20151129;   3;    6.1;   8.5;  -999;    -999;   88.92;-999;    9.6;    2.7;    1.8;-999;   6.0;   4;     -999;   0;eor
       91;20151130;   3;    8.0;   9.3;  -999;    -999;   86.38;-999;    9.6;    6.6;    5.4;-999;  16.4;   4;     -999;   0;eor
       91;20151201;   3;    8.9;  11.0;  -999;    -999;   95.71;-999;   11.0;    6.8;    6.7;-999;   6.0;   4;     -999;   0;eor
       91;20151202;   3;    8.3;   8.8;  -999;    -999;   79.83;-999;   10.3;    1.0;   -1.0;-999;   0.0;   0;     -999;   0;eor
       91;20151203;   3;    4.2;   7.3;  -999;    -999;   89.04;-999;    7.6;    0.3;   -1.4;-999;   0.0;   0;     -999;   0;eor
       91;20151204;   3;    5.2;   8.0;  -999;    -999;   90.75;-999;    7.3;    0.7;   -1.1;-999;   1.0;   4;     -999;   0;eor
       91;20151205;   3;    4.3;   7.3;  -999;    -999;   88.38;-999;    6.5;    0.5;   -1.5;-999;   0.0;   0;     -999;   0;eor
       91;20151206;   3;    7.1;   8.5;  -999;    -999;   83.75;-999;    9.6;    1.5;   -0.9;-999;   0.0;   0;     -999;   0;eor
       91;20151207;   3;    8.5;   9.5;  -999;    -999;   86.04;-999;   13.5;    3.5;    1.6;-999;   0.0;   0;     -999;   0;eor
       91;20151208;   3;    4.7;   8.1;  -999;    -999;   94.17;-999;   11.2;    0.4;   -1.4;-999;   4.1;   4;     -999;   0;eor
       91;20151209;   3;    4.3;   7.8;  -999;    -999;   93.71;-999;    7.9;   -1.4;   -3.7;-999;   0.0;   0;     -999;   0;eor
       91;20151210;   3;    0.4;   6.1;  -999;    -999;   95.88;-999;    6.8;   -2.6;   -4.7;-999;   0.0;   0;     -999;   0;eor
       91;20151211;   3;    2.2;   6.8;  -999;    -999;   94.13;-999;    6.4;   -2.9;   -4.9;-999;   5.3;   4;     -999;   0;eor
       91;20151212;   3;    6.0;   8.5;  -999;    -999;   90.50;-999;    8.7;    4.1;    2.3;-999;   0.0;   0;     -999;   0;eor
       91;20151213;   3;    6.2;   8.7;  -999;    -999;   92.00;-999;    8.7;    3.5;    3.4;-999;   3.0;   4;     -999;   0;eor
       91;20151214;   3;    5.0;   8.4;  -999;    -999;   95.83;-999;    8.9;    1.0;   -1.0;-999;   0.0;   0;     -999;   0;eor
       91;20151215;   3;    3.0;   7.5;  -999;    -999;   97.79;-999;    8.7;    0.0;   -1.3;-999;   0.0;   0;     -999;   0;eor
       91;20151216;   3;    6.4;   9.6;  -999;    -999;   97.79;-999;   10.8;    1.1;    0.4;-999;   4.6;   4;     -999;   0;eor
       91;20151217;   3;   11.2;  12.4;  -999;    -999;   93.17;-999;   12.6;    7.9;    5.9;-999;   0.5;   4;     -999;   0;eor
       91;20151218;   3;   10.0;  11.4;  -999;    -999;   93.08;-999;   11.2;    7.8;    6.2;-999;   0.4;   4;     -999;   0;eor
       91;20151219;   3;    9.2;  10.7;  -999;    -999;   91.79;-999;   12.3;    5.3;    2.6;-999;   0.0;   4;     -999;   0;eor
       91;20151220;   3;    8.2;   9.7;  -999;    -999;   89.75;-999;   11.5;    4.5;    2.1;-999;   3.0;   4;     -999;   0;eor
       91;20151221;   3;    8.9;   9.9;  -999;    -999;   87.25;-999;   10.5;    7.3;    5.6;-999;   3.5;   4;     -999;   0;eor
       91;20151222;   3;    9.9;  10.0;  -999;    -999;   82.33;-999;   11.4;    8.7;    6.7;-999;   0.5;   4;     -999;   0;eor
       91;20151223;   3;    8.2;   9.4;  -999;    -999;   86.42;-999;   10.5;    2.3;    0.2;-999;   0.0;   0;     -999;   0;eor
       91;20151224;   3;    8.3;   9.6;  -999;    -999;   87.33;-999;   11.9;    2.4;    0.4;-999;   1.0;   4;     -999;   0;eor
       91;20151225;   3;    9.6;  10.2;  -999;    -999;   85.58;-999;   11.7;    7.4;    5.4;-999;   1.4;   4;     -999;   0;eor
       91;20151226;   3;   10.3;  10.2;  -999;    -999;   81.38;-999;   12.9;    4.4;    2.0;-999;   0.0;   0;     -999;   0;eor
       91;20151227;   3;    6.6;   8.6;  -999;    -999;   88.96;-999;   10.7;    1.7;    0.2;-999;   0.0;   0;     -999;   0;eor
       91;20151228;   3;    3.3;   7.4;  -999;    -999;   95.83;-999;    9.2;    0.0;   -1.9;-999;   0.0;   0;     -999;   0;eor
       91;20151229;   3;    3.9;   7.3;  -999;    -999;   91.42;-999;   10.6;   -0.5;   -1.8;-999;   0.0;   0;     -999;   0;eor
       91;20151230;   3;    3.7;   7.1;  -999;    -999;   88.46;-999;    5.3;    1.8;   -0.3;-999;   0.0;   0;     -999;   0;eor
       91;20151231;   3;    2.4;   6.8;  -999;    -999;   93.88;-999;    4.5;    0.3;   -0.8;-999;   2.2;   4;     -999;   0;eor
       91;20160101;   3;    3.8;   7.7;  -999;    -999;   95.50;-999;    5.3;    1.2;    0.5;-999;   0.0;   0;     -999;   0;eor
       91;20160102;   3;    0.8;   6.1;  -999;    -999;   93.29;-999;    2.5;   -0.8;   -2.0;-999;   3.6;   4;     -999;   0;eor
       91;20160103;   3;    0.9;   6.2;  -999;    -999;   95.46;-999;    1.5;   -0.1;   -0.2;-999;   2.4;   4;     -999;   0;eor
       91;20160104;   3;    0.1;   6.0;  -999;    -999;   97.71;-999;    2.5;   -1.1;   -1.2;-999;   1.4;   4;     -999;   3;eor
       91;20160105;   3;    3.4;   7.5;  -999;    -999;   96.46;-999;    5.3;    1.7;    1.0;-999;   0.2;   4;     -999;   0;eor
       91;20160106;   3;    3.9;   7.7;  -999;    -999;   95.58;-999;    5.6;    2.9;    2.2;-999;   0.2;   4;     -999;   0;eor
       91;20160107;   3;    3.9;   7.5;  -999;    -999;   92.58;-999;    5.7;    2.4;    1.6;-999;   1.6;   4;     -999;   0;eor
       91;20160108;   3;    2.4;   6.0;  -999;    -999;   83.54;-999;    5.6;   -3.1;   -4.7;-999;   0.0;   0;     -999;   0;eor
       91;20160109;   3;    0.0;   5.9;  -999;    -999;   96.25;-999;    4.7;   -3.9;   -5.6;-999;   0.2;   4;     -999;   0;eor
       91;20160110;   3;    5.0;   7.7;  -999;    -999;   88.79;-999;    7.7;    3.3;    1.7;-999;   4.6;   4;     -999;   0;eor
       91;20160111;   1;    3.9;   7.5;  -999;    -999;   92.58;-999;    5.3;    0.6;   -0.7;-999;   4.9;   4;     -999;   0;eor
       91;20160112;   1;    4.3;   7.2;  -999;    -999;   86.67;-999;    5.7;    3.0;    0.8;-999;   1.4;   4;     -999;   0;eor
       91;20160113;   1;    3.5;   6.8;  -999;    -999;   86.46;-999;    5.2;    0.9;   -0.7;-999;   0.9;   4;     -999;   0;eor
       91;20160114;   1;    1.5;   6.0;  -999;    -999;   87.67;-999;    4.5;   -0.8;   -2.8;-999;   1.4;   4;     -999;   0;eor
       91;20160115;   1;    0.8;   6.0;  -999;    -999;   92.79;-999;    1.7;   -0.3;   -1.5;-999;   3.1;   4;     -999;   0;eor
       91;20160116;   1;   -0.2;   5.4;  -999;    -999;   89.42;-999;    1.3;   -1.9;   -4.1;-999;   4.6;   4;     -999;   0;eor
       91;20160117;   1;   -2.9;   4.5;  -999;    -999;   91.54;-999;   -1.0;   -9.5;  -12.3;-999;   0.5;   4;     -999;   7;eor
       91;20160118;   1;   -8.0;   3.0;  -999;    -999;   89.71;-999;   -1.9;  -12.4;  -14.4;-999;   0.0;   0;     -999;   7;eor
       91;20160119;   1;   -9.5;   2.7;  -999;    -999;   90.88;-999;   -5.2;  -14.1;  -16.3;-999;   0.0;   0;     -999;   7;eor
       91;20160120;   1;   -4.2;   4.1;  -999;    -999;   90.00;-999;   -1.2;   -7.8;   -9.6;-999;   0.5;   4;     -999;   6;eor
       91;20160121;   1;   -5.9;   3.8;  -999;    -999;   95.75;-999;   -1.4;  -11.9;  -16.4;-999;   0.0;   0;     -999;   7;eor
       91;20160122;   1;   -8.2;   3.0;  -999;    -999;   88.75;-999;   -2.0;  -14.8;  -17.8;-999;   3.0;   4;     -999;   7;eor
       91;20160123;   1;    1.7;   6.7;  -999;    -999;   96.42;-999;    4.3;   -2.5;   -1.8;-999;   0.0;   0;     -999;   6;eor
       91;20160124;   1;    2.5;   7.1;  -999;    -999;   96.17;-999;    5.3;   -0.1;   -0.7;-999;   1.3;   4;     -999;   0;eor
       91;20160125;   1;    5.1;   8.7;  -999;    -999;   98.17;-999;   10.1;    0.9;   -0.6;-999;   0.0;   0;     -999;   0;eor
       91;20160126;   1;    8.0;   9.0;  -999;    -999;   83.79;-999;   10.0;    3.1;    1.7;-999;   0.0;   0;     -999;   0;eor
       91;20160127;   1;    9.4;   8.6;  -999;    -999;   73.13;-999;   11.3;    7.7;    6.6;-999;   0.2;   4;     -999;   0;eor
       91;20160128;   1;    5.8;   7.4;  -999;    -999;   79.46;-999;   10.6;   -1.2;   -3.2;-999;   0.2;   4;     -999;   0;eor
       91;20160129;   1;    4.2;   6.7;  -999;    -999;   80.92;-999;    7.1;   -1.6;   -3.4;-999;   0.0;   0;     -999;   0;eor
       91;20160130;   1;    5.5;   7.9;  -999;    -999;   86.63;-999;    6.6;    1.2;   -0.5;-999;   5.7;   4;     -999;   0;eor
       91;20160131;   1;    4.0;   7.2;  -999;    -999;   87.13;-999;    9.0;    1.3;   -0.4;-999;   1.5;   4;     -999;   0;eor
       91;20160201;   1;   10.2;  10.7;  -999;    -999;   86.17;-999;   11.3;    8.9;    7.8;-999;   0.1;   4;     -999;   0;eor
       91;20160202;   1;    8.4;   9.7;  -999;    -999;   87.21;-999;   10.3;    4.4;    2.9;-999;   7.5;   4;     -999;   0;eor
       91;20160203;   1;    3.1;   6.4;  -999;    -999;   84.13;-999;    5.1;    0.9;   -0.9;-999;   0.7;   4;     -999;   0;eor
       91;20160204;   1;    2.0;   6.5;  -999;    -999;   91.92;-999;    2.9;    1.4;    1.0;-999;   4.1;   4;     -999;   0;eor
       91;20160205;   1;    4.6;   7.7;  -999;    -999;   89.58;-999;    7.8;    1.4;    0.6;-999;   0.3;   4;     -999;   0;eor
       91;20160206;   1;    7.5;   8.1;  -999;    -999;   79.29;-999;   11.5;    3.1;    0.8;-999;   0.0;   0;     -999;   0;eor
       91;20160207;   1;    7.0;   7.6;  -999;    -999;   76.17;-999;   11.1;    3.0;    0.6;-999;   0.4;   4;     -999;   0;eor
       91;20160208;   1;    6.2;   7.4;  -999;    -999;   77.88;-999;    8.0;    4.9;    3.4;-999;   8.1;   4;     -999;   0;eor
       91;20160209;   1;    5.9;   7.5;  -999;    -999;   80.46;-999;    8.6;    2.3;    1.3;-999;   7.7;   4;     -999;   0;eor
