STATIONS_ID; MESS_DATUM; QUALITAETS_NIVEAU; LUFTTEMPERATUR;DAMPFDRUCK;BEDECKUNGSGRAD;LUFTDRUCK_STATIONSHOEHE;REL_FEUCHTE; WINDGESCHWINDIGKEIT; LUFTTEMPERATUR_MAXIMUM;LUFTTEMPERATUR_MINIMUM;LUFTTEMP_AM_ERDB_MINIMUM; WINDSPITZE_MAXIMUM; NIEDERSCHLAGSHOEHE;NIEDERSCHLAGSHOEHE_IND;SONNENSCHEINDAUER; SCHNEEHOEHE;eor
       44;20140809;   3;   19.0;  16.5;  -999;    -999;   76.42;-999;   23.1;   13.4;   12.1;-999;   0.1;   4;    6.300;   0;eor
       44;20140810;   3;   18.8;  17.4;  -999;    -999;   81.54;-999;   26.3;   11.6;   10.4;-999;   5.0;   4;    6.483;   0;eor
       44;20140811;   3;   16.3;  13.9;  -999;    -999;   76.54;-999;   21.6;   12.9;   11.3;-999;   0.6;   4;    7.833;   0;eor
       44;20140812;   3;   15.5;  13.2;  -999;    -999;   76.38;-999;   20.8;   12.2;   10.9;-999;   0.4;   4;    6.767;   0;eor
       44;20140813;   3;   16.2;  13.6;  -999;    -999;   76.38;-999;   22.5;   11.1;    9.6;-999;   1.5;   4;   10.467;   0;eor
       44;20140814;   3;   15.2;  14.6;  -999;    -999;   85.71;-999;   22.2;   11.0;    9.3;-999;   0.4;   4;    6.183;   0;eor
       44;20140815;   3;   14.4;  14.3;  -999;    -999;   87.67;-999;   20.3;   10.4;    8.4;-999;   5.6;   4;    5.100;   0;eor
       44;20140816;   3;   14.4;  13.6;  -999;    -999;   83.96;-999;   19.1;   11.5;   10.9;-999;   0.1;   4;    3.700;   0;eor
       44;20140817;   3;   14.5;  13.7;  -999;    -999;   83.58;-999;   16.9;   12.1;   11.1;-999;   2.6;   4;    0.350;   0;eor
       44;20140818;   3;   13.4;  13.6;  -999;    -999;   89.04;-999;   17.8;   10.8;    9.7;-999;   6.7;   4;    4.767;   0;eor
       44;20140819;   3;   11.8;  12.5;  -999;    -999;   90.54;-999;   17.3;    9.6;    8.4;-999;   4.3;   4;    2.683;   0;eor
       44;20140820;   3;   11.9;  12.0;  -999;    -999;   86.67;-999;   17.4;    8.9;    7.2;-999;   1.4;   4;    8.033;   0;eor
       44;20140821;   3;   12.2;  11.6;  -999;    -999;   84.17;-999;   18.8;    7.4;    5.3;-999;   1.1;   4;    8.367;   0;eor
       44;20140822;   3;   13.3;  12.3;  -999;    -999;   81.88;-999;   19.2;    9.3;    8.3;-999;   2.1;   4;    4.833;   0;eor
       44;20140823;   3;   12.4;  12.2;  -999;    -999;   86.00;-999;   18.4;    8.5;    6.8;-999;   0.9;   4;    8.217;   0;eor
       44;20140824;   3;   11.5;  11.5;  -999;    -999;   85.83;-999;   17.3;    7.8;    5.5;-999;   1.0;   4;    7.533;   0;eor
       44;20140825;   3;   11.0;  10.6;  -999;    -999;   82.88;-999;   16.6;    6.1;    3.8;-999;   0.0;   0;    4.583;   0;eor
       44;20140826;   3;   12.6;  10.7;  -999;    -999;   76.50;-999;   19.8;    7.0;    5.2;-999;   0.0;   0;   10.517;   0;eor
       44;20140827;   3;   14.2;  12.3;  -999;    -999;   79.33;-999;   23.1;    6.0;    4.4;-999;   0.0;   0;    9.217;   0;eor
       44;20140828;   3;   16.0;  14.3;  -999;    -999;   79.88;-999;   24.8;    5.8;    4.5;-999;   0.9;   4;    9.550;   0;eor
       44;20140829;   3;   17.1;  15.7;  -999;    -999;   82.25;-999;   22.3;   13.2;   11.2;-999;   1.4;   4;    5.717;   0;eor
       44;20140830;   3;   15.8;  16.6;  -999;    -999;   92.46;-999;   18.8;   12.6;   11.3;-999;   0.9;   4;    0.350;   0;eor
       44;20140831;   3;   13.9;  14.3;  -999;    -999;   90.54;-999;   19.1;   10.7;    9.0;-999;   1.4;   4;    3.450;   0;eor
       44;20140901;   3;   14.9;  15.5;  -999;    -999;   91.54;-999;   19.8;   10.8;    9.0;-999;   0.3;   4;    1.817;   0;eor
       44;20140902;   3;   15.6;  16.1;  -999;    -999;   91.04;-999;   21.1;    9.5;    8.2;-999;   0.0;   0;    2.233;   0;eor
       44;20140903;   3;   14.8;  13.2;  -999;    -999;   80.63;-999;   22.2;    7.5;    5.7;-999;   0.0;   0;   10.583;   0;eor
       44;20140904;   3;   17.1;  15.0;  -999;    -999;   79.00;-999;   25.0;   10.1;    8.2;-999;   0.0;   0;   11.883;   0;eor
       44;20140905;   3;   19.1;  18.3;  -999;    -999;   84.00;-999;   26.4;   12.0;   10.5;-999;   0.0;   0;    8.083;   0;eor
       44;20140906;   3;   19.9;  18.8;  -999;    -999;   82.71;-999;   26.2;   14.6;   13.1;-999;   0.1;   4;    8.183;   0;eor
       44;20140907;   3;   17.0;  16.7;  -999;    -999;   87.29;-999;   21.6;   10.1;    8.5;-999;   0.0;   0;    3.667;   0;eor
       44;20140908;   3;   14.6;  13.0;  -999;    -999;   80.67;-999;   20.8;    9.4;    7.7;-999;   0.0;   0;    8.383;   0;eor
       44;20140909;   3;   14.1;  14.1;  -999;    -999;   88.25;-999;   18.6;   10.9;    9.2;-999;   0.2;   4;    1.150;   0;eor
       44;20140910;   3;   14.4;  14.7;  -999;    -999;   89.38;-999;   18.4;   12.0;   10.7;-999;   0.2;   4;    0.150;   0;eor
       44;20140911;   3;   13.9;  13.4;  -999;    -999;   86.00;-999;   20.6;    8.0;    6.3;-999;   0.0;   0;    3.183;   0;eor
       44;20140912;   3;   14.6;  14.0;  -999;    -999;   85.92;-999;   22.6;    8.0;    5.9;-999;   0.0;   0;    6.200;-999;eor
       44;20140913;   3;   15.1;  14.9;  -999;    -999;   87.79;-999;   21.4;    9.3;    6.9;-999;   0.0;   0;    5.033;   0;eor
       44;20140914;   3;   15.6;  15.5;  -999;    -999;   88.25;-999;   20.9;   11.6;   10.1;-999;   0.0;   0;    3.050;   0;eor
       44;20140915;   3;   16.2;  17.2;  -999;    -999;   93.33;-999;   21.1;   11.5;    9.9;-999;   0.0;   0;    1.033;   0;eor
       44;20140916;   3;   18.1;  17.0;  -999;    -999;   83.79;-999;   25.2;   11.1;    9.6;-999;   0.0;   0;   10.067;   0;eor
       44;20140917;   3;   18.5;  16.1;  -999;    -999;   77.96;-999;   25.2;   13.2;   10.9;-999;   0.0;   0;   10.917;   0;eor
       44;20140918;   3;   17.7;  15.8;  -999;    -999;   80.71;-999;   26.3;   11.2;    9.2;-999;   0.0;   0;   10.917;   0;eor
       44;20140919;   3;   16.8;  16.3;  -999;    -999;   85.96;-999;   25.3;    9.7;    8.3;-999;   0.0;   0;    7.400;   0;eor
       44;20140920;   3;   17.2;  16.5;  -999;    -999;   85.42;-999;   24.7;   11.2;   10.0;-999;   0.0;   0;    5.850;   0;eor
       44;20140921;   3;   14.9;  14.2;  -999;    -999;   84.54;-999;   19.7;   11.3;    9.9;-999;   1.0;   4;    3.050;   0;eor
       44;20140922;   3;   12.4;  10.4;  -999;    -999;   73.21;-999;   16.7;    8.4;    6.9;-999;   3.3;   4;    4.683;   0;eor
       44;20140923;   3;   11.6;  10.6;  -999;    -999;   79.46;-999;   18.2;    4.1;    2.6;-999;   0.0;   0;    5.900;   0;eor
       44;20140924;   3;   12.6;  12.0;  -999;    -999;   82.75;-999;   16.1;   10.9;   10.0;-999;   0.7;   4;    0.000;   0;eor
       44;20140925;   3;   13.1;  12.4;  -999;    -999;   82.96;-999;   16.0;   10.6;    9.5;-999;   0.1;   4;    1.650;   0;eor
       44;20140926;   3;   14.9;  15.4;  -999;    -999;   90.17;-999;   17.4;   12.5;   11.2;-999;   0.1;   4;    0.150;   0;eor
       44;20140927;   3;   12.9;  12.1;  -999;    -999;   83.50;-999;   20.1;    7.4;    6.2;-999;   0.0;   0;    9.733;   0;eor
       44;20140928;   3;   13.3;  12.8;  -999;    -999;   85.21;-999;   20.7;    6.9;    4.8;-999;   0.0;   0;    8.683;   0;eor
       44;20140929;   3;   16.5;  15.6;  -999;    -999;   84.33;-999;   23.8;   10.2;    8.6;-999;   0.8;   4;    3.933;   0;eor
       44;20140930;   3;   16.6;  16.7;  -999;    -999;   88.75;-999;   19.8;   11.8;    9.6;-999;   0.0;   0;    1.350;   0;eor
       44;20141001;   3;   15.5;  15.4;  -999;    -999;   87.92;-999;   21.5;   10.6;    9.2;-999;   0.3;   4;    5.267;   0;eor
       44;20141002;   3;   15.7;  16.6;  -999;    -999;   93.17;-999;   19.5;   12.2;   10.8;-999;   0.0;   4;    0.117;   0;eor
       44;20141003;   3;   16.3;  15.1;  -999;    -999;   83.38;-999;   22.8;   11.3;    9.7;-999;   0.0;   0;    8.600;   0;eor
       44;20141004;   3;   15.1;  12.6;  -999;    -999;   75.88;-999;   21.5;    9.7;    7.6;-999;   0.0;   0;   10.017;   0;eor
       44;20141005;   3;   12.9;  12.8;  -999;    -999;   86.79;-999;   18.8;    8.2;    6.6;-999;   0.0;   0;    4.983;   0;eor
       44;20141006;   3;   13.3;  11.6;  -999;    -999;   78.08;-999;   18.7;    7.7;    5.0;-999;   3.0;   4;    7.183;   0;eor
       44;20141007;   3;   12.9;  12.3;  -999;    -999;   82.21;-999;   17.1;   10.0;    8.2;-999;   2.5;   4;    2.183;   0;eor
       44;20141008;   3;   12.3;  12.8;  -999;    -999;   88.17;-999;   15.3;    8.4;    6.9;-999;   3.9;   4;    0.833;   0;eor
       44;20141009;   3;   15.4;  14.9;  -999;    -999;   85.25;-999;   17.9;   12.9;   11.5;-999;   0.0;   0;    2.000;   0;eor
       44;20141010;   3;   13.6;  13.2;  -999;    -999;   85.21;-999;   17.4;    9.7;    8.3;-999;   0.0;   0;    6.883;   0;eor
       44;20141011;   3;   12.7;  13.1;  -999;    -999;   89.83;-999;   19.1;    6.4;    4.7;-999;   4.0;   4;    4.850;   0;eor
       44;20141012;   3;   12.8;  13.0;  -999;    -999;   88.54;-999;   16.2;   10.6;    9.4;-999;   3.3;   4;    3.267;   0;eor
       44;20141013;   3;   14.1;  15.8;  -999;    -999;   97.63;-999;   17.4;   11.7;    9.4;-999;   0.5;   4;    1.017;   0;eor
       44;20141014;   3;   13.1;  12.1;  -999;    -999;   81.67;-999;   17.3;    8.9;    6.7;-999;   0.0;   0;    5.283;   0;eor
       44;20141015;   3;   12.9;  12.7;  -999;    -999;   85.58;-999;   14.7;    8.8;    6.8;-999;   0.5;   4;    0.000;   0;eor
       44;20141016;   3;   11.6;  13.6;  -999;    -999;   98.79;-999;   15.0;    7.8;    5.9;-999;   3.1;   4;    0.300;   0;eor
       44;20141017;   3;   13.3;  14.8;  -999;    -999;   97.13;-999;   17.3;   10.8;    8.5;-999;   0.2;   4;    1.317;   0;eor
       44;20141018;   3;   14.3;  14.6;  -999;    -999;   89.71;-999;   17.9;    9.8;    7.5;-999;   0.0;   0;    1.683;   0;eor
       44;20141019;   3;   17.2;  16.3;  -999;    -999;   83.54;-999;   22.8;   14.3;   12.7;-999;   4.7;   4;    6.533;   0;eor
       44;20141020;   3;   14.0;  13.7;  -999;    -999;   85.58;-999;   16.2;   12.2;   11.2;-999;   2.0;   4;    2.533;   0;eor
       44;20141021;   3;   11.0;  12.6;  -999;    -999;   95.21;-999;   12.4;    7.7;    7.1;-999;  17.1;   4;    0.000;   0;eor
       44;20141022;   3;    9.8;   9.7;  -999;    -999;   80.33;-999;   11.4;    7.7;    7.3;-999;   0.4;   4;    0.000;   0;eor
       44;20141023;   3;   10.4;  11.4;  -999;    -999;   89.83;-999;   12.2;    8.1;    7.1;-999;   0.0;   0;    0.000;   0;eor
       44;20141024;   3;   11.7;  11.5;  -999;    -999;   83.33;-999;   13.5;   10.1;    8.9;-999;   1.7;   4;    3.050;   0;eor
       44;20141025;   3;   12.0;  13.1;  -999;    -999;   93.13;-999;   15.6;   10.3;    8.5;-999;   0.0;   0;    0.833;   0;eor
       44;20141026;   3;   11.4;  11.4;  -999;    -999;   85.08;-999;   15.2;    8.2;    5.9;-999;   0.0;   0;    0.417;   0;eor
       44;20141027;   3;   11.9;  11.9;  -999;    -999;   85.88;-999;   15.9;    8.6;    6.4;-999;   0.0;   0;    5.783;   0;eor
       44;20141028;   3;    8.7;  10.0;  -999;    -999;   89.29;-999;   13.4;    5.5;    3.7;-999;   0.0;   0;    7.983;   0;eor
       44;20141029;   3;    8.1;  10.6;  -999;    -999;   97.17;-999;    9.9;    5.3;    3.8;-999;   2.6;   4;    0.000;   0;eor
       44;20141030;   3;   10.3;  12.3;  -999;    -999;   97.79;-999;   11.6;    8.7;    8.2;-999;   0.0;   0;    0.000;   0;eor
       44;20141031;   3;   12.7;  13.8;  -999;    -999;   94.13;-999;   16.6;    9.5;    7.1;-999;   0.0;   0;    2.633;   0;eor
       44;20141101;   3;   13.4;  13.2;  -999;    -999;   87.00;-999;   18.9;   10.0;    7.2;-999;   0.0;   0;    4.117;   0;eor
       44;20141102;   3;   13.8;  13.0;  -999;    -999;   82.88;-999;   17.4;    9.8;    7.3;-999;   2.7;   4;    5.833;   0;eor
       44;20141103;   3;   13.8;  12.4;  -999;    -999;   79.17;-999;   15.9;   10.5;    9.1;-999;   1.9;   4;    3.783;   0;eor
       44;20141104;   3;   10.0;  11.5;  -999;    -999;   94.08;-999;   14.0;    7.9;    6.8;-999;   1.7;   4;    0.467;   0;eor
       44;20141105;   3;    8.5;  10.8;  -999;    -999;   96.96;-999;   11.3;    5.2;    3.4;-999;   0.0;   0;    0.617;   0;eor
       44;20141106;   3;    6.4;   9.3;  -999;    -999;   96.29;-999;   10.5;    3.9;    1.5;-999;   0.0;   0;    0.933;   0;eor
       44;20141107;   3;    6.8;   8.4;  -999;    -999;   85.46;-999;    9.7;    2.6;    1.2;-999;   0.0;   0;    4.567;   0;eor
       44;20141108;   3;    9.1;   9.5;  -999;    -999;   81.63;-999;   12.9;    6.2;    3.3;-999;   0.0;   0;    6.083;   0;eor
       44;20141109;   3;    8.1;   9.1;  -999;    -999;   84.75;-999;   12.0;    5.1;    2.6;-999;   2.4;   4;    6.400;   0;eor
       44;20141110;   3;    8.0;  10.3;  -999;    -999;   95.50;-999;   11.7;    4.9;    1.1;-999;   0.3;   4;    2.283;   0;eor
       44;20141111;   3;    7.4;   9.9;  -999;    -999;   95.88;-999;   10.1;    2.3;   -0.7;-999;   0.0;   0;    4.300;   0;eor
       44;20141112;   3;    9.2;  11.3;  -999;    -999;   97.00;-999;    9.9;    7.9;    6.9;-999;   0.0;   0;    0.000;   0;eor
       44;20141113;   3;    7.6;  10.5;  -999;    -999;   99.96;-999;    9.3;    4.7;    3.3;-999;   0.0;   0;    0.000;   0;eor
       44;20141114;   3;    9.8;  11.2;  -999;    -999;   92.42;-999;   11.6;    7.0;    4.1;-999;   0.0;   0;    0.000;   0;eor
       44;20141115;   3;   10.1;  11.7;  -999;    -999;   94.54;-999;   11.2;    9.2;    8.4;-999;   0.7;   4;    0.000;   0;eor
       44;20141116;   3;    8.8;  11.3;  -999;    -999;   99.33;-999;    9.9;    7.4;    6.5;-999;  10.5;   4;    0.000;   0;eor
       44;20141117;   3;    8.3;  10.4;  -999;    -999;   94.75;-999;   11.9;    6.0;    4.3;-999;   0.0;   0;    6.600;   0;eor
       44;20141118;   3;    7.0;   9.6;  -999;    -999;   95.71;-999;    7.8;    5.9;    5.8;-999;   0.0;   4;    0.000;   0;eor
       44;20141119;   3;    6.9;   9.5;  -999;    -999;   95.79;-999;    7.9;    5.7;    4.6;-999;   0.0;   0;    0.000;   0;eor
       44;20141120;   3;    4.6;   8.1;  -999;    -999;   95.21;-999;    8.4;    0.1;   -2.0;-999;   0.0;   0;    1.683;   0;eor
       44;20141121;   3;    2.5;   7.2;  -999;    -999;   97.83;-999;    6.1;   -0.9;   -2.8;-999;   0.0;   0;    3.267;   0;eor
       44;20141122;   3;    4.9;   7.9;  -999;    -999;   91.63;-999;    7.3;    2.9;    1.1;-999;   0.0;   0;    1.550;   0;eor
       44;20141123;   3;    8.8;  10.1;  -999;    -999;   88.75;-999;   12.8;    4.8;    3.4;-999;   4.2;   4;    3.417;   0;eor
       44;20141124;   3;    8.1;   9.6;  -999;    -999;   88.25;-999;   11.4;    4.0;    1.2;-999;   0.0;   0;    7.250;   0;eor
       44;20141125;   3;    4.7;   8.4;  -999;    -999;   97.88;-999;    8.0;    1.4;   -0.5;-999;   0.0;   0;    2.567;   0;eor
       44;20141126;   3;    3.9;   7.3;  -999;    -999;   90.21;-999;    5.2;    2.4;    1.2;-999;   0.2;   4;    2.317;   0;eor
       44;20141127;   3;    2.9;   6.6;  -999;    -999;   87.58;-999;    4.8;    2.1;    1.3;-999;   0.0;   0;    0.450;   0;eor
       44;20141128;   3;    2.3;   6.1;  -999;    -999;   84.75;-999;    3.0;    1.8;    0.8;-999;   0.0;   0;    0.383;   0;eor
       44;20141129;   3;    1.1;   6.0;  -999;    -999;   90.25;-999;    2.1;    0.7;    0.7;-999;   0.0;   0;    0.000;   0;eor
       44;20141130;   3;   -0.2;   6.0;  -999;    -999;   99.46;-999;    0.7;   -0.5;   -0.5;-999;   0.0;   0;    0.000;   0;eor
       44;20141201;   3;   -1.3;   5.3;  -999;    -999;   95.25;-999;   -0.5;   -2.4;   -2.1;-999;   0.0;   0;    0.000;   0;eor
       44;20141202;   3;   -2.0;   4.8;  -999;    -999;   91.46;-999;   -1.0;   -2.7;   -2.6;-999;   0.0;   0;    0.033;   0;eor
       44;20141203;   3;   -3.2;   4.4;  -999;    -999;   92.29;-999;   -2.7;   -3.8;   -3.4;-999;   0.0;   0;    0.000;   0;eor
       44;20141204;   3;   -0.7;   5.6;  -999;    -999;   96.04;-999;    0.3;   -2.7;   -2.3;-999;   0.0;   0;    0.000;   0;eor
       44;20141205;   3;    2.1;   6.7;  -999;    -999;   94.54;-999;    3.9;    0.2;    0.0;-999;   0.5;   4;    0.000;   0;eor
       44;20141206;   3;    4.1;   8.1;  -999;    -999;   99.13;-999;    5.6;    2.5;    1.6;-999;   0.0;   0;    0.217;   0;eor
       44;20141207;   3;    4.1;   7.8;  -999;    -999;   94.71;-999;    5.7;    2.4;    1.6;-999;   2.7;   4;    0.900;   0;eor
       44;20141208;   3;    3.1;   7.0;  -999;    -999;   92.21;-999;    5.5;    1.6;   -0.1;-999;   0.0;   4;    5.483;   0;eor
       44;20141209;   3;    2.3;   6.9;  -999;    -999;   96.17;-999;    3.5;    1.3;    0.8;-999;   1.1;   4;    0.000;   0;eor
       44;20141210;   3;    4.7;   7.2;  -999;    -999;   84.38;-999;    7.3;    3.1;    1.7;-999;   1.7;   4;    2.617;   0;eor
       44;20141211;   3;    3.6;   7.1;  -999;    -999;   89.79;-999;    5.4;    1.9;    0.5;-999;  12.1;   4;    0.850;   0;eor
       44;20141212;   3;    6.3;   9.0;  -999;    -999;   93.88;-999;    8.7;    3.9;    2.6;-999;  10.8;   4;    0.000;   0;eor
       44;20141213;   3;    3.7;   7.1;  -999;    -999;   89.21;-999;    5.4;    2.1;   -1.4;-999;   0.0;   0;    0.000;   0;eor
       44;20141214;   3;    3.0;   7.0;  -999;    -999;   92.50;-999;    4.9;    1.5;    0.1;-999;   0.4;   4;    3.000;   0;eor
       44;20141215;   3;    4.1;   7.7;  -999;    -999;   92.96;-999;    5.5;    2.2;    1.4;-999;   4.0;   4;    0.000;   0;eor
       44;20141216;   3;    4.2;   7.9;  -999;    -999;   95.79;-999;    6.4;    1.2;   -0.6;-999;   2.3;   4;    1.067;   0;eor
       44;20141217;   3;    4.9;   8.7;  -999;    -999;   98.88;-999;    8.9;    1.3;   -0.2;-999;   5.1;   4;    0.000;   0;eor
       44;20141218;   3;   10.5;  12.6;  -999;    -999;   98.92;-999;   12.0;    8.8;    8.1;-999;  10.9;   4;    0.000;   0;eor
       44;20141219;   3;    8.8;  10.5;  -999;    -999;   89.88;-999;   11.6;    5.5;    3.9;-999;  12.0;   4;    0.000;   0;eor
       44;20141220;   3;    5.9;   7.5;  -999;    -999;   80.92;-999;    7.9;    3.2;    2.2;-999;   4.0;   4;    0.000;   0;eor
       44;20141221;   3;    5.9;   8.3;  -999;    -999;   89.21;-999;    9.4;    3.6;    2.1;-999;   0.8;   4;    0.000;   0;eor
       44;20141222;   3;   10.4;  12.0;  -999;    -999;   95.29;-999;   11.6;    9.0;    8.1;-999;  16.4;   4;    0.000;   0;eor
       44;20141223;   3;   10.1;  11.1;  -999;    -999;   90.46;-999;   11.0;    9.3;    8.8;-999;   1.0;   4;    0.000;   0;eor
       44;20141224;   3;    7.1;   9.4;  -999;    -999;   92.50;-999;   10.2;    3.9;    2.1;-999;   4.1;   4;    0.500;   0;eor
       44;20141225;   3;    4.3;   7.1;  -999;    -999;   85.38;-999;    6.6;   -1.0;   -2.9;-999;   1.2;   4;    0.683;   0;eor
       44;20141226;   3;   -0.5;   5.7;  -999;    -999;   97.29;-999;    2.7;   -3.1;   -4.8;-999;   0.0;   0;    5.117;   0;eor
       44;20141227;   3;   -0.7;   5.0;  -999;    -999;   86.13;-999;    0.5;   -4.3;   -5.3;-999;   0.0;   0;    0.000;   0;eor
       44;20141228;   3;   -2.0;   4.6;  -999;    -999;   85.96;-999;    1.5;   -6.0;   -7.7;-999;   1.0;   4;    5.883;   0;eor
       44;20141229;   3;    1.0;   6.2;  -999;    -999;   93.67;-999;    2.4;   -0.4;   -1.9;-999;   1.3;   4;    0.050;   1;eor
       44;20141230;   3;    3.3;   7.4;  -999;    -999;   95.79;-999;    4.6;    1.3;    0.7;-999;   1.0;   4;    0.183;   0;eor
       44;20141231;   3;    5.3;   8.8;  -999;    -999;   98.58;-999;    7.0;    2.2;    0.4;-999;   0.4;   4;    0.000;   0;eor
       44;20150101;   3;    3.2;   6.3;  -999;    -999;   82.13;-999;    4.8;    1.2;   -0.6;-999;   2.6;   4;    3.517;   0;eor
       44;20150102;   3;    6.1;   7.4;  -999;    -999;   78.67;-999;    8.7;    4.3;    3.4;-999;   0.1;   4;    1.117;   0;eor
       44;20150103;   3;    4.0;   6.8;  -999;    -999;   83.00;-999;    5.1;    2.6;    0.6;-999;   1.9;   4;    0.000;   0;eor
       44;20150104;   3;    3.5;   7.0;  -999;    -999;   88.67;-999;    6.2;    1.2;   -0.7;-999;   0.0;   4;    5.550;   0;eor
       44;20150105;   3;    2.3;   6.8;  -999;    -999;   93.79;-999;    4.2;    0.4;   -0.9;-999;   0.0;   0;    0.000;   0;eor
       44;20150106;   3;    2.7;   6.8;  -999;    -999;   91.38;-999;    4.5;    0.9;   -1.5;-999;   0.6;   4;    0.000;   0;eor
       44;20150107;   3;    4.0;   7.7;  -999;    -999;   94.38;-999;    5.5;    2.7;    1.4;-999;   0.5;   4;    3.650;   0;eor
       44;20150108;   3;    5.1;   8.5;  -999;    -999;   95.54;-999;    7.0;    3.0;    2.3;-999;  12.7;   4;    0.000;   0;eor
       44;20150109;   3;    7.6;   8.8;  -999;    -999;   84.75;-999;   10.3;    5.3;    4.6;-999;   5.9;   4;    0.000;   0;eor
       44;20150110;   3;    9.3;  10.1;  -999;    -999;   82.92;-999;   12.6;    4.4;    2.8;-999;   6.0;   4;    0.000;   0;eor
       44;20150111;   3;    4.7;   6.7;  -999;    -999;   78.08;-999;    6.6;    2.1;    0.8;-999;   8.6;   4;    0.000;   0;eor
       44;20150112;   3;    7.3;   8.9;  -999;    -999;   86.38;-999;    9.0;    6.0;    5.3;-999;   7.8;   4;    0.000;   0;eor
       44;20150113;   3;    8.0;  10.2;  -999;    -999;   94.75;-999;    9.5;    5.9;    4.4;-999;  13.5;   4;    0.000;   0;eor
       44;20150114;   3;    3.7;   7.1;  -999;    -999;   88.75;-999;    6.3;    1.7;   -0.2;-999;   1.4;   4;    0.000;   0;eor
       44;20150115;   3;    7.0;   8.4;  -999;    -999;   83.88;-999;    9.5;    2.4;    1.2;-999;   2.6;   4;    0.000;   0;eor
       44;20150116;   3;    5.4;   6.9;  -999;    -999;   76.88;-999;    7.3;    2.7;   -1.1;-999;   0.0;   0;    3.700;   0;eor
       44;20150117;   3;    2.2;   6.1;  -999;    -999;   85.92;-999;    5.1;    0.2;   -2.2;-999;   0.0;   0;    6.817;   0;eor
       44;20150118;   3;    1.4;   6.3;  -999;    -999;   92.83;-999;    1.9;    0.8;    0.3;-999;   3.2;   4;    0.000;   0;eor
       44;20150119;   3;    0.9;   6.2;  -999;    -999;   95.46;-999;    1.7;   -0.1;   -1.4;-999;   0.0;   0;    0.000;   0;eor
       44;20150120;   3;   -0.2;   5.9;  -999;    -999;   98.33;-999;    2.4;   -3.7;   -5.2;-999;   0.0;   0;    1.733;   0;eor
       44;20150121;   3;   -2.6;   4.9;  -999;    -999;   97.58;-999;    0.4;   -5.2;   -6.8;-999;   0.0;   0;    2.267;   0;eor
       44;20150122;   3;   -1.3;   5.3;  -999;    -999;   95.00;-999;    0.5;   -3.2;   -4.2;-999;   0.0;   0;    0.017;   0;eor
       44;20150123;   3;   -2.1;   5.0;  -999;    -999;   95.96;-999;   -1.1;   -3.1;   -2.8;-999;   0.0;   0;    0.000;   0;eor
       44;20150124;   3;    0.0;   5.9;  -999;    -999;   96.63;-999;    2.6;   -1.9;   -3.8;-999;   3.3;   4;    1.450;   0;eor
       44;20150125;   3;    2.1;   7.1;  -999;    -999;   99.21;-999;    4.6;   -0.4;   -3.3;-999;   0.2;   4;    1.800;   2;eor
       44;20150126;   3;    3.3;   7.7;  -999;    -999;   98.92;-999;    5.9;    2.0;    1.2;-999;   6.4;   4;    0.000;   0;eor
       44;20150127;   3;    3.5;   7.5;  -999;    -999;   95.04;-999;    6.2;    1.5;   -0.3;-999;   0.7;   4;    3.517;   0;eor
       44;20150128;   3;    3.9;   7.6;  -999;    -999;   94.63;-999;    5.9;    1.0;    0.2;-999;  10.2;   4;    0.000;   0;eor
       44;20150129;   3;    1.3;   6.2;  -999;    -999;   93.21;-999;    2.5;    0.0;   -1.0;-999;   3.5;   4;    0.000;   0;eor
       44;20150130;   3;    0.1;   6.2;  -999;    -999;   99.96;-999;    0.7;   -2.8;   -8.1;-999;   4.7;   4;    0.000;   1;eor
       44;20150131;   3;    1.0;   6.4;  -999;    -999;   96.58;-999;    3.5;   -2.1;   -5.7;-999;   0.8;   4;    2.750;   4;eor
       44;20150201;   3;    0.4;   6.2;  -999;    -999;   98.79;-999;    1.6;   -0.5;   -1.5;-999;   1.2;   4;    0.000;   2;eor
       44;20150202;   3;    0.6;   6.3;  -999;    -999;   98.96;-999;    2.3;   -0.5;   -1.8;-999;   0.8;   4;    1.217;   1;eor
       44;20150203;   3;    0.2;   5.9;  -999;    -999;   95.83;-999;    3.4;   -2.7;   -5.0;-999;   0.8;   4;    3.300;   1;eor
       44;20150204;   3;   -1.5;   4.7;  -999;    -999;   87.50;-999;    2.3;   -4.8;   -6.7;-999;   0.4;   4;    7.267;   1;eor
       44;20150205;   3;   -1.4;   5.0;  -999;    -999;   90.96;-999;    0.8;   -2.9;   -5.4;-999;   0.1;   4;    0.633;   1;eor
       44;20150206;   3;   -1.7;   4.6;  -999;    -999;   87.29;-999;    2.1;   -4.4;   -6.1;-999;   0.0;   0;    8.550;   0;eor
       44;20150207;   3;    0.6;   6.4;  -999;    -999;   98.04;-999;    4.6;   -5.7;   -6.6;-999;   1.1;   4;    0.000;   0;eor
       44;20150208;   3;    3.4;   5.3;  -999;    -999;   68.96;-999;    5.1;    1.9;    0.3;-999;   0.6;   4;    5.433;   0;eor
       44;20150209;   3;    5.5;   8.9;  -999;    -999;   98.50;-999;    6.9;    4.6;    4.2;-999;   2.0;   4;    0.150;   0;eor
       44;20150210;   3;    5.4;   8.7;  -999;    -999;   96.25;-999;    6.7;    4.8;    4.4;-999;   0.1;   4;    0.083;   0;eor
       44;20150211;   3;    3.8;   7.2;  -999;    -999;   89.42;-999;    4.9;    2.5;    2.4;-999;   0.0;   0;    0.000;   0;eor
       44;20150212;   3;    1.6;   6.6;  -999;    -999;   95.42;-999;    2.5;    0.8;    0.9;-999;   0.0;   0;    0.000;   0;eor
       44;20150213;   3;    2.4;   6.4;  -999;    -999;   88.54;-999;    6.9;   -0.8;   -1.6;-999;   0.0;   0;    7.900;   0;eor
       44;20150214;   3;    4.1;   6.6;  -999;    -999;   81.13;-999;    9.7;   -0.5;   -2.6;-999;   0.0;   0;    7.817;   0;eor
       44;20150215;   3;    1.7;   5.9;  -999;    -999;   86.33;-999;    4.8;   -1.2;   -2.2;-999;   0.0;   0;    2.750;   0;eor
       44;20150216;   3;    1.4;   6.2;  -999;    -999;   92.17;-999;    5.5;   -2.2;   -4.0;-999;   0.0;   0;    7.533;   0;eor
       44;20150217;   3;    0.7;   6.5;  -999;    -999;  100.00;-999;    3.8;   -3.2;   -4.7;-999;   0.0;   0;    0.000;   0;eor
       44;20150218;   3;    1.6;   6.2;  -999;    -999;   91.33;-999;    6.3;   -0.7;   -1.3;-999;   0.0;   0;    5.167;   0;eor
       44;20150219;   3;    2.1;   6.2;  -999;    -999;   87.46;-999;    5.4;    0.0;   -1.6;-999;   0.0;   4;    6.933;   0;eor
       44;20150220;   3;    3.9;   7.4;  -999;    -999;   90.08;-999;    5.7;    0.7;   -0.6;-999;  11.8;   4;    0.000;   0;eor
       44;20150221;   3;    3.8;   7.7;  -999;    -999;   96.38;-999;    5.5;    1.6;    0.2;-999;   1.6;   4;    1.133;   0;eor
       44;20150222;   3;    2.2;   6.3;  -999;    -999;   88.83;-999;    6.1;    0.2;   -0.9;-999;   2.5;   4;    5.017;   0;eor
       44;20150223;   3;    3.6;   7.1;  -999;    -999;   90.38;-999;    6.1;    0.6;    0.0;-999;   0.9;   4;    1.267;-999;eor
       44;20150224;   3;    4.1;   7.1;  -999;    -999;   86.79;-999;    7.7;    1.9;    0.6;-999;   1.7;   4;    0.617;   0;eor
       44;20150225;   3;    4.0;   7.3;  -999;    -999;   90.46;-999;    7.7;    1.1;   -0.4;-999;   4.2;   4;    4.300;   0;eor
       44;20150226;   3;    6.2;   7.8;  -999;    -999;   83.29;-999;    9.9;    4.0;    3.2;-999;   7.3;   4;    5.883;   0;eor
       44;20150227;   3;    4.9;   7.6;  -999;    -999;   87.92;-999;    7.2;    0.1;   -2.4;-999;   0.4;   4;    1.267;   0;eor
       44;20150228;   3;    3.3;   5.8;  -999;    -999;   77.25;-999;    7.8;   -1.0;   -3.2;-999;   1.0;   4;    8.817;   0;eor
       44;20150301;   3;    5.8;   7.2;  -999;    -999;   78.08;-999;   10.8;    3.5;    0.4;-999;   5.5;   4;    2.083;   0;eor
       44;20150302;   3;    4.4;   6.5;  -999;    -999;   79.25;-999;    8.3;    0.4;   -0.1;-999;   4.0;   4;    3.200;   0;eor
       44;20150303;   3;    3.0;   6.7;  -999;    -999;   88.54;-999;    5.9;    1.3;   -0.4;-999;   3.1;   4;    2.400;   0;eor
       44;20150304;   3;    3.5;   6.9;  -999;    -999;   88.42;-999;    7.2;    0.8;   -0.8;-999;   3.4;   4;    1.500;   0;eor
       44;20150305;   3;    4.7;   7.1;  -999;    -999;   84.54;-999;    8.6;    1.5;   -0.3;-999;   0.0;   0;    1.200;   0;eor
       44;20150306;   3;    6.4;   7.3;  -999;    -999;   76.08;-999;    9.2;    4.5;    3.1;-999;   0.0;   0;    0.000;   0;eor
       44;20150307;   3;    7.9;   6.5;  -999;    -999;   63.33;-999;   12.7;    3.8;    1.7;-999;   0.0;   0;    2.450;   0;eor
       44;20150308;   3;   10.5;   6.8;  -999;    -999;   55.25;-999;   17.3;    5.4;    1.1;-999;   0.0;   4;   10.083;   0;eor
       44;20150309;   3;    7.9;   9.0;  -999;    -999;   84.96;-999;   12.2;    5.0;    1.1;-999;   0.9;   4;    5.083;   0;eor
       44;20150310;   3;    7.6;   8.6;  -999;    -999;   83.13;-999;   11.6;    1.6;   -1.1;-999;   0.1;   4;    6.783;   0;eor
       44;20150311;   3;    4.6;   7.0;  -999;    -999;   84.96;-999;   10.6;    0.3;   -2.5;-999;   0.0;   0;    9.650;   0;eor
       44;20150312;   3;    3.6;   6.6;  -999;    -999;   84.67;-999;   10.3;   -1.0;   -1.8;-999;   0.0;   0;    7.817;   0;eor
       44;20150313;   3;    2.9;   5.5;  -999;    -999;   74.83;-999;    6.7;   -1.0;   -4.3;-999;   0.0;   0;   10.417;   0;eor
       44;20150314;   3;    3.8;   7.1;  -999;    -999;   87.92;-999;    6.2;    0.4;   -2.3;-999;   0.2;   4;    0.000;   0;eor
       44;20150315;   3;    4.9;   7.5;  -999;    -999;   86.54;-999;    7.0;    3.3;    3.0;-999;   0.4;   4;    0.050;   0;eor
       44;20150316;   3;    7.3;   8.0;  -999;    -999;   78.67;-999;   11.2;    2.9;    1.3;-999;   0.0;   0;    6.083;   0;eor
       44;20150317;   3;    8.0;   8.3;  -999;    -999;   78.92;-999;   14.8;    2.1;   -1.3;-999;   0.0;   0;    8.583;   0;eor
       44;20150318;   3;    8.4;   8.5;  -999;    -999;   79.63;-999;   15.8;    0.5;   -1.6;-999;   0.0;   0;    9.617;   0;eor
       44;20150319;   3;    7.3;   7.3;  -999;    -999;   75.17;-999;   14.4;    1.1;   -2.3;-999;   0.0;   0;    7.200;   0;eor
       44;20150320;   3;    2.6;   6.8;  -999;    -999;   91.92;-999;    7.0;   -0.1;   -2.7;-999;   4.0;   4;    1.733;   0;eor
       44;20150321;   3;    4.9;   7.9;  -999;    -999;   90.67;-999;    9.3;    3.0;    2.8;-999;   1.3;   4;    1.483;   0;eor
       44;20150322;   3;    2.3;   4.8;  -999;    -999;   66.63;-999;    6.1;   -0.5;   -3.3;-999;   0.0;   0;   10.467;   0;eor
       44;20150323;   3;    3.9;   6.2;  -999;    -999;   77.54;-999;   10.0;   -2.6;   -4.6;-999;   0.0;   0;    9.250;   0;eor
       44;20150324;   3;    4.9;   6.6;  -999;    -999;   78.08;-999;   10.6;   -1.3;   -3.4;-999;   0.0;   0;    6.567;   0;eor
       44;20150325;   3;    7.4;   8.3;  -999;    -999;   80.75;-999;   13.4;    4.8;    3.6;-999;   2.5;   4;    0.550;   0;eor
       44;20150326;   3;    5.3;   7.0;  -999;    -999;   79.92;-999;    8.4;    3.7;    3.4;-999;   0.5;   4;    1.033;   0;eor
       44;20150327;   3;    5.7;   8.2;  -999;    -999;   89.54;-999;    6.8;    4.7;    3.5;-999;   1.6;   4;    0.017;   0;eor
       44;20150328;   3;    7.0;   8.8;  -999;    -999;   87.50;-999;   10.5;    2.5;    0.6;-999;   2.6;   4;    4.800;   0;eor
       44;20150329;   3;    8.6;  10.4;  -999;    -999;   92.54;-999;   10.4;    5.1;    4.6;-999;  14.0;   4;    0.000;   0;eor
       44;20150330;   3;    6.0;   6.8;  -999;    -999;   72.92;-999;    8.8;    3.7;    2.8;-999;   7.2;   4;    4.817;   0;eor
       44;20150331;   3;    5.8;   7.6;  -999;    -999;   82.13;-999;    9.0;    2.2;    2.1;-999;   7.2;   4;    1.283;   0;eor
       44;20150401;   3;    3.5;   6.7;  -999;    -999;   85.46;-999;    7.7;    0.7;    0.1;-999;  10.5;   4;    3.200;   0;eor
       44;20150402;   3;    3.6;   6.9;  -999;    -999;   87.71;-999;    6.8;    0.9;    0.2;-999;   3.5;   4;    3.200;   0;eor
       44;20150403;   3;    5.1;   6.5;  -999;    -999;   76.08;-999;   10.1;   -0.2;   -2.2;-999;   0.0;   0;    6.317;   0;eor
       44;20150404;   3;    4.1;   6.0;  -999;    -999;   75.08;-999;    9.6;   -0.6;   -2.5;-999;   0.0;   0;    5.800;   0;eor
       44;20150405;   3;    4.5;   5.6;  -999;    -999;   70.42;-999;   10.5;   -2.2;   -4.5;-999;   0.6;   4;   10.133;   0;eor
       44;20150406;   3;    6.6;   6.8;  -999;    -999;   72.42;-999;   12.4;    0.4;   -2.3;-999;   0.2;   4;    6.750;   0;eor
       44;20150407;   3;    6.7;   8.0;  -999;    -999;   81.63;-999;   11.6;   -1.2;   -3.2;-999;   0.0;   0;    0.483;   0;eor
       44;20150408;   3;    7.3;   9.2;  -999;    -999;   89.88;-999;   10.7;    3.2;    2.0;-999;   0.0;   0;    0.017;   0;eor
       44;20150409;   3;    8.7;   9.1;  -999;    -999;   81.75;-999;   16.6;    0.5;   -1.1;-999;   0.0;   0;    9.400;   0;eor
       44;20150410;   3;   12.0;   9.7;  -999;    -999;   72.63;-999;   20.1;    3.6;    0.6;-999;   0.0;   0;   11.083;   0;eor
       44;20150411;   3;   10.6;   9.5;  -999;    -999;   75.29;-999;   17.9;    4.5;    2.9;-999;   4.7;   4;    5.150;   0;eor
       44;20150412;   3;    9.7;   7.2;  -999;    -999;   62.25;-999;   14.3;    3.8;    2.2;-999;   0.7;   4;   10.800;   0;eor
       44;20150413;   3;    7.4;   7.3;  -999;    -999;   71.83;-999;   12.4;    1.9;   -0.2;-999;   0.0;   0;   10.567;   0;eor
       44;20150414;   3;   10.2;   9.0;  -999;    -999;   73.46;-999;   18.9;    1.2;   -0.1;-999;   0.0;   0;    7.550;   0;eor
       44;20150415;   3;   13.5;  10.3;  -999;    -999;   69.88;-999;   21.6;    7.8;    5.7;-999;   0.0;   0;   12.083;   0;eor
       44;20150416;   3;    8.3;   7.3;  -999;    -999;   68.71;-999;   13.3;    3.4;    0.9;-999;   0.0;   0;    9.450;   0;eor
       44;20150417;   3;    6.8;   6.7;  -999;    -999;   71.13;-999;   12.5;    0.9;   -1.2;-999;   0.0;   0;    8.933;   0;eor
       44;20150418;   3;    7.6;   6.7;  -999;    -999;   68.63;-999;   14.5;   -0.1;   -2.4;-999;   0.0;   0;   12.750;   0;eor
       44;20150419;   3;    8.3;   7.4;  -999;    -999;   70.88;-999;   15.1;    2.6;    1.2;-999;   0.0;   0;    9.600;   0;eor
       44;20150420;   3;   10.4;   7.9;  -999;    -999;   67.29;-999;   19.2;    1.4;   -0.9;-999;   0.0;   0;   12.817;   0;eor
       44;20150421;   3;    9.5;   7.9;  -999;    -999;   70.75;-999;   18.0;    2.2;   -0.1;-999;   0.0;   0;   13.367;   0;eor
       44;20150422;   3;    9.4;   8.8;  -999;    -999;   76.50;-999;   16.0;    4.6;    2.5;-999;   0.0;   0;    7.817;   0;eor
       44;20150423;   3;    9.1;   9.1;  -999;    -999;   80.29;-999;   16.6;    4.8;    2.8;-999;   0.0;   0;    6.933;   0;eor
       44;20150424;   3;   11.3;   8.8;  -999;    -999;   70.38;-999;   19.5;    3.1;    3.9;-999;   0.0;   0;   10.133;   0;eor
       44;20150425;   3;   11.8;  11.6;  -999;    -999;   83.08;-999;   14.4;    9.0;    6.8;-999;   5.2;   4;    0.000;   0;eor
       44;20150426;   3;   10.0;  11.6;  -999;    -999;   93.79;-999;   14.5;    7.0;    6.5;-999;   3.7;   4;    0.333;   0;eor
       44;20150427;   3;    7.4;   7.6;  -999;    -999;   74.21;-999;   12.9;    0.2;   -1.8;-999;   0.0;   0;    3.417;   0;eor
       44;20150428;   3;    3.9;   6.5;  -999;    -999;   81.79;-999;   11.7;   -2.0;   -3.7;-999;   5.4;   4;    7.050;   0;eor
       44;20150429;   3;    8.2;   6.5;  -999;    -999;   62.58;-999;   13.6;   -0.2;   -2.3;-999;   1.3;   4;    9.433;   0;eor
       44;20150430;   3;    8.2;   8.7;  -999;    -999;   80.08;-999;   13.2;    3.7;    0.9;-999;   1.6;   4;    5.400;   0;eor
       44;20150501;   3;    7.1;   7.7;  -999;    -999;   77.38;-999;   12.0;    1.3;   -1.6;-999;   0.0;   0;    6.183;-999;eor
       44;20150502;   3;    7.5;   7.1;  -999;    -999;   71.92;-999;   14.6;   -0.8;   -2.7;-999;   0.0;   0;    7.850;-999;eor
       44;20150503;   3;   12.4;  10.7;  -999;    -999;   73.00;-999;   19.2;    5.2;    3.4;-999;   1.9;   4;    6.083;-999;eor
       44;20150504;   3;   15.0;  12.4;  -999;    -999;   73.79;-999;   19.3;   10.9;    8.5;-999;   4.4;   4;    6.183;-999;eor
       44;20150505;   3;   16.0;  13.7;  -999;    -999;   73.88;-999;   24.5;    8.5;    4.4;-999;   8.6;   4;    7.017;-999;eor
       44;20150506;   3;   11.9;   9.5;  -999;    -999;   68.92;-999;   17.1;    8.1;    4.2;-999;   1.2;   4;    8.283;-999;eor
       44;20150507;   3;   11.5;   9.7;  -999;    -999;   71.92;-999;   15.7;    8.5;    7.6;-999;   2.8;   4;    7.033;-999;eor
       44;20150508;   3;   13.1;  10.5;  -999;    -999;   71.08;-999;   18.9;    8.0;    6.6;-999;   0.4;   4;    1.567;-999;eor
       44;20150509;   3;   13.0;  11.5;  -999;    -999;   76.92;-999;   17.1;    9.6;    7.9;-999;   0.1;   4;    1.667;-999;eor
       44;20150510;   3;   11.7;   8.6;  -999;    -999;   63.79;-999;   17.4;    8.4;    5.8;-999;   0.0;   0;    8.667;-999;eor
       44;20150511;   3;   16.8;  11.0;  -999;    -999;   59.00;-999;   24.8;    8.6;    6.8;-999;   0.0;   0;   10.350;-999;eor
       44;20150512;   3;   14.4;  11.9;  -999;    -999;   72.71;-999;   21.0;    8.4;    4.7;-999;   0.0;   0;    4.467;-999;eor
       44;20150513;   3;   11.5;   9.3;  -999;    -999;   69.50;-999;   16.8;    7.3;    5.5;-999;   0.0;   0;    7.133;-999;eor
       44;20150514;   3;    9.5;   8.9;  -999;    -999;   74.88;-999;   13.5;    5.1;    2.0;-999;   0.0;   0;    0.200;-999;eor
       44;20150515;   3;    8.5;   8.2;  -999;    -999;   75.50;-999;   15.5;    2.2;    0.1;-999;   0.0;   0;   10.850;-999;eor
       44;20150516;   3;    7.8;   9.5;  -999;    -999;   88.50;-999;   13.3;    1.8;   -0.4;-999;   0.4;   4;    1.117;-999;eor
       44;20150517;   3;   10.1;   8.3;  -999;    -999;   68.29;-999;   14.3;    4.7;    1.9;-999;   0.0;   0;    5.067;-999;eor
       44;20150518;   3;   11.6;  10.1;  -999;    -999;   74.04;-999;   17.1;    5.2;    3.3;-999;   1.6;   4;    1.117;-999;eor
       44;20150519;   3;   10.1;   9.4;  -999;    -999;   77.17;-999;   15.5;    4.6;    1.9;-999;   0.7;   4;    5.000;-999;eor
       44;20150520;   3;    9.4;   9.4;  -999;    -999;   80.71;-999;   14.7;    5.6;    2.1;-999;   2.8;   4;    7.683;-999;eor
       44;20150521;   3;   10.4;   9.5;  -999;    -999;   78.00;-999;   16.6;    5.2;    2.7;-999;   0.2;   4;    4.167;-999;eor
       44;20150522;   3;   13.4;  10.9;  -999;    -999;   72.83;-999;   20.1;    4.7;    2.5;-999;   0.0;   0;    7.133;-999;eor
       44;20150523;   3;   11.4;  10.8;  -999;    -999;   80.13;-999;   16.1;    3.4;    1.1;-999;   1.3;   4;    5.450;-999;eor
       44;20150524;   3;   11.6;   9.1;  -999;    -999;   70.13;-999;   19.8;    1.6;   -1.2;-999;   0.0;   0;   14.183;-999;eor
       44;20150525;   3;   11.7;  10.1;  -999;    -999;   74.54;-999;   15.9;    9.1;    8.4;-999;   0.0;   4;    2.433;-999;eor
       44;20150526;   3;    9.7;   9.5;  -999;    -999;   79.75;-999;   14.1;    5.8;    3.3;-999;   1.0;   4;    2.883;-999;eor
       44;20150527;   3;   11.8;   9.6;  -999;    -999;   70.38;-999;   15.4;    7.5;    6.2;-999;   0.0;   0;    1.167;-999;eor
       44;20150528;   3;   12.1;  10.5;  -999;    -999;   74.29;-999;   16.4;    4.7;    1.2;-999;   1.8;   4;    3.500;-999;eor
       44;20150529;   3;   11.2;   9.6;  -999;    -999;   73.63;-999;   17.4;    2.8;    0.6;-999;   0.1;   4;    4.400;-999;eor
       44;20150530;   3;    9.7;   9.0;  -999;    -999;   75.96;-999;   14.0;    5.2;    1.2;-999;   4.8;   4;   10.017;-999;eor
       44;20150531;   3;   12.3;  11.8;  -999;    -999;   81.38;-999;   18.4;    3.4;    1.2;-999;   4.6;   4;    0.833;-999;eor
       44;20150601;   3;   11.8;   9.8;  -999;    -999;   72.79;-999;   15.9;    7.8;    6.2;-999;   0.0;   0;    7.317;-999;eor
       44;20150602;   3;   15.0;  12.6;  -999;    -999;   73.25;-999;   18.6;   10.5;    9.3;-999;   0.2;   4;    0.717;-999;eor
       44;20150603;   3;   14.3;  11.3;  -999;    -999;   70.17;-999;   18.4;    6.3;    3.0;-999;   0.0;   0;    5.083;-999;eor
       44;20150604;   3;   13.9;  10.0;  -999;    -999;   66.79;-999;   20.8;    4.5;    1.2;-999;   0.0;   0;   14.933;-999;eor
       44;20150605;   3;   20.8;  13.5;  -999;    -999;   57.71;-999;   30.0;    9.9;    6.3;-999;   2.3;   4;   13.233;-999;eor
       44;20150606;   3;   17.0;  13.9;  -999;    -999;   71.46;-999;   20.6;    5.9;    3.6;-999;   0.0;   0;    8.667;-999;eor
       44;20150607;   3;   13.1;   9.9;  -999;    -999;   68.04;-999;   19.8;    5.0;    2.5;-999;   0.0;   0;   11.717;-999;eor
       44;20150608;   3;   11.1;   9.4;  -999;    -999;   73.38;-999;   17.6;    3.7;    1.9;-999;   0.0;   0;    7.200;-999;eor
       44;20150609;   3;   11.8;  10.5;  -999;    -999;   76.29;-999;   16.9;    6.8;    4.8;-999;   0.0;   0;    1.100;-999;eor
       44;20150610;   3;   14.7;  10.5;  -999;    -999;   66.63;-999;   21.5;    7.1;    4.9;-999;   0.0;   0;   13.000;-999;eor
       44;20150611;   3;   16.0;  10.9;  -999;    -999;   64.42;-999;   22.9;    7.2;    3.3;-999;   0.0;   0;   15.500;-999;eor
       44;20150612;   3;   18.8;  14.2;  -999;    -999;   68.96;-999;   26.3;    9.6;    5.6;-999;   0.0;   0;   14.333;-999;eor
       44;20150613;   3;   19.3;  16.1;  -999;    -999;   71.79;-999;   26.9;   13.6;   10.7;-999;   1.2;   4;    7.133;-999;eor
       44;20150614;   3;   14.3;  13.2;  -999;    -999;   80.75;-999;   18.2;   10.2;    9.1;-999;   0.2;   4;    0.150;-999;eor
       44;20150615;   3;   12.1;   9.0;  -999;    -999;   65.63;-999;   17.8;    5.2;    3.6;-999;   0.0;   0;    7.917;-999;eor
       44;20150616;   3;   10.5;   9.8;  -999;    -999;   78.04;-999;   15.9;    4.2;    1.4;-999;   0.0;   0;    2.267;-999;eor
       44;20150617;   3;   13.7;  11.5;  -999;    -999;   75.71;-999;   21.1;    3.0;    0.4;-999;   2.7;   4;    9.383;-999;eor
       44;20150618;   3;   13.3;  13.0;  -999;    -999;   85.13;-999;   17.6;    8.4;    6.8;-999;   0.9;   4;    3.250;-999;eor
       44;20150619;   3;   11.2;  11.7;  -999;    -999;   88.42;-999;   14.8;    8.5;    7.0;-999;   1.9;   4;    0.650;-999;eor
       44;20150620;   3;   11.9;  11.2;  -999;    -999;   81.08;-999;   16.5;    8.1;    6.1;-999;   0.0;   0;    1.733;-999;eor
       44;20150621;   3;   13.3;  12.9;  -999;    -999;   84.46;-999;   17.8;    7.0;    4.4;-999;   1.3;   4;    1.850;-999;eor
       44;20150622;   3;   11.3;  12.4;  -999;    -999;   93.04;-999;   17.6;    9.2;    7.9;-999;  10.6;   4;    2.300;-999;eor
       44;20150623;   3;   11.6;  12.5;  -999;    -999;   91.46;-999;   15.7;    8.1;    7.5;-999;   3.2;   4;    4.483;-999;eor
       44;20150624;   3;   13.8;  12.4;  -999;    -999;   79.17;-999;   17.9;    9.9;    9.6;-999;   0.0;   0;    1.483;-999;eor
       44;20150625;   3;   17.5;  14.7;  -999;    -999;   75.88;-999;   23.5;   11.0;    8.6;-999;   0.0;   0;    4.700;-999;eor
       44;20150626;   3;   18.0;  17.0;  -999;    -999;   83.08;-999;   22.1;   13.9;   13.4;-999;   0.4;   4;    1.417;-999;eor
       44;20150627;   3;   17.7;  16.0;  -999;    -999;   79.04;-999;   21.8;   10.3;    8.1;-999;   0.1;   4;    8.217;-999;eor
       44;20150628;   3;   15.6;  13.8;  -999;    -999;   79.96;-999;   22.6;    6.4;    4.5;-999;   0.9;   4;    8.517;-999;eor
       44;20150629;   3;   18.2;  15.1;  -999;    -999;   73.33;-999;   25.2;   10.9;    8.0;-999;   0.0;   0;    9.683;-999;eor
       44;20150630;   3;   18.0;  13.1;  -999;    -999;   66.92;-999;   25.7;    8.8;    5.9;-999;   0.0;   0;   15.700;-999;eor
       44;20150701;   3;   21.7;  15.3;  -999;    -999;   61.25;-999;   28.6;   13.3;    9.9;-999;   0.0;   0;   15.550;-999;eor
       44;20150702;   3;   25.3;  18.2;  -999;    -999;   56.54;-999;   32.8;   16.5;   14.2;-999;   8.7;   4;   15.067;-999;eor
       44;20150703;   3;   24.0;  -999;  -999;    -999;    -999;-999;   29.0;   18.7;   17.4;-999;   0.0;   0;   12.000;-999;eor
       44;20150704;   3;   26.2;  23.5;  -999;    -999;   71.25;-999;   35.8;   17.9;   15.2;-999;   0.2;   4;   13.883;-999;eor
       44;20150705;   3;   20.5;  22.3;  -999;    -999;   91.92;-999;   24.2;   16.3;   15.5;-999;   7.0;   4;    0.850;-999;eor
       44;20150706;   3;   18.1;  15.5;  -999;    -999;   76.63;-999;   23.7;   12.2;   10.5;-999;   0.0;   0;   11.183;-999;eor
       44;20150707;   3;   20.2;  16.4;  -999;    -999;   71.13;-999;   27.2;   11.6;    9.3;-999;   2.4;   4;    7.283;-999;eor
       44;20150708;   3;   15.4;  15.0;  -999;    -999;   85.75;-999;   18.2;   12.1;   11.9;-999;   6.9;   4;    3.450;-999;eor
       44;20150709;   3;   12.6;  11.2;  -999;    -999;   77.50;-999;   16.9;    8.7;    6.5;-999;   1.9;   4;    5.317;-999;eor
       44;20150710;   3;   14.0;  12.2;  -999;    -999;   77.04;-999;   20.5;    8.4;    7.0;-999;   0.0;   0;    5.550;-999;eor
       44;20150711;   3;   17.8;  14.1;  -999;    -999;   72.54;-999;   26.7;    8.9;    7.1;-999;   0.1;   4;    9.500;-999;eor
       44;20150712;   3;   16.4;  16.9;  -999;    -999;   90.92;-999;   20.1;   14.7;   14.1;-999;   8.8;   4;    0.683;-999;eor
       44;20150713;   3;   16.2;  17.7;  -999;    -999;   95.96;-999;   18.6;   14.9;   14.5;-999;   6.5;   4;    0.750;-999;eor
       44;20150714;   3;   17.5;  18.3;  -999;    -999;   91.58;-999;   21.2;   14.7;   14.7;-999;   3.8;   4;    1.850;-999;eor
       44;20150715;   3;   17.5;  17.1;  -999;    -999;   86.21;-999;   21.8;   12.6;   11.0;-999;   2.0;   4;    5.917;-999;eor
       44;20150716;   3;   18.1;  17.8;  -999;    -999;   86.79;-999;   23.1;   14.6;   12.2;-999;   0.0;   0;    4.850;-999;eor
       44;20150717;   3;   21.4;  19.2;  -999;    -999;   77.17;-999;   29.6;   14.2;   12.4;-999;   2.9;   4;   11.833;-999;eor
       44;20150718;   3;   18.6;  15.6;  -999;    -999;   73.92;-999;   23.7;   10.2;    8.2;-999;   1.6;   4;    9.033;-999;eor
       44;20150719;   3;   14.6;  15.6;  -999;    -999;   93.33;-999;   17.3;   11.2;    8.9;-999;   4.8;   4;    0.917;-999;eor
       44;20150720;   3;   17.5;  14.7;  -999;    -999;   74.88;-999;   24.2;    9.2;    6.8;-999;   0.0;   0;    9.983;-999;eor
       44;20150721;   3;   21.1;  17.3;  -999;    -999;   71.00;-999;   24.7;   13.5;   12.3;-999;   0.0;   0;   10.700;-999;eor
       44;20150722;   3;   18.9;  15.6;  -999;    -999;   73.33;-999;   26.2;   11.9;    9.7;-999;   0.0;   0;    8.750;-999;eor
       44;20150723;   3;   16.1;  14.1;  -999;    -999;   78.79;-999;   21.1;   10.3;    7.2;-999;   0.0;   0;    4.850;-999;eor
       44;20150724;   3;   18.1;  15.4;  -999;    -999;   75.96;-999;   24.0;   10.9;    8.4;-999;  20.1;   4;    3.633;-999;eor
       44;20150725;   3;   16.0;  17.0;  -999;    -999;   93.46;-999;   23.6;   11.7;   11.2;-999;  12.5;   4;    2.000;-999;eor
       44;20150726;   3;   14.8;  12.8;  -999;    -999;   77.96;-999;   21.8;    9.9;    8.7;-999;   2.9;   4;    6.800;-999;eor
       44;20150727;   3;   15.0;  16.1;  -999;    -999;   93.92;-999;   18.6;   12.1;   12.0;-999;   6.7;   4;    0.750;-999;eor
       44;20150728;   3;   15.2;  14.9;  -999;    -999;   86.29;-999;   18.5;   13.0;   11.7;-999;   3.5;   4;    2.317;-999;eor
       44;20150729;   3;   12.9;  13.2;  -999;    -999;   88.54;-999;   17.7;    9.5;    9.8;-999;   8.9;   4;    2.967;-999;eor
       44;20150730;   3;   13.9;  12.4;  -999;    -999;   79.00;-999;   18.5;   10.7;    9.1;-999;   0.4;   4;    6.717;-999;eor
       44;20150731;   3;   13.3;  10.9;  -999;    -999;   73.17;-999;   19.1;    7.8;    5.1;-999;   0.0;   0;    6.333;-999;eor
       44;20150801;   3;   15.5;  11.8;  -999;    -999;   70.67;-999;   23.9;    7.1;    4.2;-999;   0.0;   0;   12.817;-999;eor
       44;20150802;   3;   17.1;  12.6;  -999;    -999;   68.29;-999;   24.2;    7.8;    5.2;-999;   0.0;   0;   13.733;-999;eor
       44;20150803;   3;   21.8;  15.1;  -999;    -999;   61.96;-999;   32.1;   12.2;    9.3;-999;   0.0;   0;   13.333;-999;eor
       44;20150804;   3;   18.8;  17.9;  -999;    -999;   83.21;-999;   25.4;   12.5;    9.9;-999;   2.6;   4;    3.967;-999;eor
       44;20150805;   3;   17.8;  14.1;  -999;    -999;   72.58;-999;   25.2;   10.5;    8.3;-999;   0.0;   0;   12.650;-999;eor
       44;20150806;   3;   22.3;  16.6;  -999;    -999;   64.92;-999;   32.9;   11.6;    9.2;-999;   3.5;   4;   13.483;-999;eor
       44;20150807;   3;   19.4;  19.4;  -999;    -999;   85.92;-999;   25.9;   14.3;   12.5;-999;   2.3;   4;    6.233;-999;eor
       44;20150808;   3;   17.5;  16.7;  -999;    -999;   83.71;-999;   23.1;    9.5;    7.4;-999;   0.0;   0;    4.917;-999;eor
       44;20150809;   3;   17.3;  16.0;  -999;    -999;   81.79;-999;   24.6;    7.9;    5.6;-999;   0.0;   0;    9.033;-999;eor
       44;20150810;   3;   18.7;  17.7;  -999;    -999;   82.67;-999;   24.7;   15.6;   14.0;-999;  12.2;   4;    1.567;-999;eor
       44;20150811;   3;   19.3;  19.0;  -999;    -999;   85.21;-999;   25.0;   13.8;   13.1;-999;   0.0;   0;    8.633;-999;eor
       44;20150812;   3;   18.9;  17.8;  -999;    -999;   82.33;-999;   23.9;   15.7;   14.5;-999;   0.0;   0;    2.717;-999;eor
       44;20150813;   3;   20.6;  16.9;  -999;    -999;   71.25;-999;   26.5;   14.1;   12.5;-999;   3.3;   4;   11.367;-999;eor
       44;20150814;   3;   21.8;  21.7;  -999;    -999;   82.88;-999;   27.8;   17.0;   16.4;-999;   1.3;   4;    4.850;-999;eor
       44;20150815;   3;   21.3;  21.6;  -999;    -999;   86.21;-999;   27.2;   17.7;   17.7;-999;   1.6;   4;    4.583;-999;eor
       44;20150816;   3;   17.5;  19.9;  -999;    -999;   99.13;-999;   18.7;   16.7;   16.6;-999;   7.9;   4;    0.000;-999;eor
       44;20150817;   3;   18.0;  20.3;  -999;    -999;   98.13;-999;   20.0;   15.7;   15.6;-999;  11.8;   4;    0.000;-999;eor
       44;20150818;   3;   15.1;  16.7;  -999;    -999;   97.00;-999;   16.4;   13.9;   13.6;-999;   3.7;   4;    0.000;-999;eor
       44;20150819;   3;   16.0;  15.3;  -999;    -999;   85.04;-999;   21.3;   12.1;   10.7;-999;   0.0;   0;    7.033;-999;eor
       44;20150820;   3;   17.5;  15.7;  -999;    -999;   80.42;-999;   23.7;   11.4;   10.0;-999;   0.0;   0;    6.517;-999;eor
       44;20150821;   3;   18.7;  16.1;  -999;    -999;   77.42;-999;   25.8;   12.4;    9.9;-999;   0.0;   0;   10.617;-999;eor
       44;20150822;   3;   19.4;  12.4;  -999;    -999;   60.50;-999;   26.9;   11.2;    9.0;-999;   0.0;   0;     -999;-999;eor
       44;20150823;   3;   19.5;  12.1;  -999;    -999;   55.79;-999;   26.0;   13.4;   11.1;-999;   1.5;   4;   12.617;-999;eor
       44;20150824;   3;   19.0;  16.4;  -999;    -999;   75.25;-999;   24.5;   13.9;   13.4;-999;   0.4;   4;    3.233;-999;eor
       44;20150825;   3;   17.3;  14.8;  -999;    -999;   74.88;-999;   20.2;   14.1;   13.5;-999;   2.7;   4;    4.000;-999;eor
       44;20150826;   3;   20.5;  16.8;  -999;    -999;   71.17;-999;   26.4;   14.2;   13.3;-999;   0.6;   4;    7.817;-999;eor
       44;20150827;   3;   16.6;  16.3;  -999;    -999;   86.83;-999;   19.6;   13.2;   12.8;-999;   5.0;   4;    0.000;-999;eor
       44;20150828;   3;   15.5;  14.9;  -999;    -999;   85.50;-999;   21.0;   11.7;    8.8;-999;   0.0;   0;    3.233;-999;eor
       44;20150829;   3;   16.5;  14.0;  -999;    -999;   77.46;-999;   23.9;    9.2;    7.5;-999;   2.3;   4;   10.333;-999;eor
       44;20150830;   3;   18.6;  19.5;  -999;    -999;   90.25;-999;   24.6;   13.3;   11.3;-999;   1.4;   4;    4.150;-999;eor
       44;20150831;   3;   22.9;  22.8;  -999;    -999;   83.00;-999;   29.2;   18.4;   18.0;-999;   0.5;   4;    8.333;-999;eor
       44;20150901;   3;   16.5;  16.8;  -999;    -999;   88.25;-999;   20.7;   11.7;   10.1;-999;   2.3;   4;    0.033;-999;eor
       44;20150902;   3;   13.6;  12.3;  -999;    -999;   80.21;-999;   19.1;    9.6;    6.9;-999;   0.0;   0;    7.317;-999;eor
       44;20150903;   3;   13.0;  11.8;  -999;    -999;   81.25;-999;   19.2;    8.5;    5.8;-999;   0.1;   4;    6.133;-999;eor
       44;20150904;   3;   13.5;  12.9;  -999;    -999;   83.92;-999;   18.1;   10.1;    8.4;-999;   6.2;   4;    2.217;-999;eor
       44;20150905;   3;   12.4;  13.0;  -999;    -999;   90.13;-999;   16.4;    9.8;    8.9;-999;   4.9;   4;    3.250;-999;eor
       44;20150906;   3;   12.3;  12.6;  -999;    -999;   88.29;-999;   16.6;    9.7;    8.7;-999;   5.5;   4;    3.767;-999;eor
       44;20150907;   3;   13.9;  13.9;  -999;    -999;   88.13;-999;   19.3;   10.6;    8.7;-999;   0.0;   0;    5.700;-999;eor
       44;20150908;   3;   13.4;  13.7;  -999;    -999;   89.71;-999;   19.1;    9.8;    7.3;-999;   0.0;   0;    3.083;-999;eor
       44;20150909;   3;   12.8;  11.4;  -999;    -999;   79.75;-999;   19.3;    7.1;    4.2;-999;   0.0;   0;    9.600;-999;eor
       44;20150910;   3;   13.4;  11.6;  -999;    -999;   77.08;-999;   19.3;    7.4;    4.5;-999;   0.0;   0;    8.633;-999;eor
       44;20150911;   3;   13.2;  12.9;  -999;    -999;   85.46;-999;   19.2;    8.8;    6.1;-999;   0.8;   4;    6.000;-999;eor
       44;20150912;   3;   14.9;  14.6;  -999;    -999;   87.25;-999;   21.2;   10.1;    7.7;-999;   2.7;   4;    2.533;-999;eor
       44;20150913;   3;   16.9;  18.2;  -999;    -999;   94.46;-999;   21.5;   14.7;   14.0;-999;   1.3;   4;    0.550;-999;eor
       44;20150914;   3;   16.0;  17.0;  -999;    -999;   93.17;-999;   20.5;   11.8;    9.8;-999;   3.5;   4;    1.583;-999;eor
       44;20150915;   3;   12.5;  11.8;  -999;    -999;   81.04;-999;   16.4;    9.5;    7.1;-999;   3.8;   4;    2.833;-999;eor
       44;20150916;   3;   14.5;  15.2;  -999;    -999;   90.25;-999;   18.2;   10.7;    8.9;-999;   6.3;   4;    0.217;-999;eor
       44;20150917;   3;   15.6;  14.8;  -999;    -999;   84.21;-999;   18.0;   11.8;   10.7;-999;   1.5;   4;    0.067;-999;eor
       44;20150918;   3;   14.1;  13.7;  -999;    -999;   86.21;-999;   19.1;   10.4;    9.0;-999;   2.0;   4;    6.617;-999;eor
       44;20150919;   3;   13.2;  13.5;  -999;    -999;   89.67;-999;   18.3;   10.3;    8.0;-999;   3.5;   4;    2.500;-999;eor
       44;20150920;   3;   13.0;  13.1;  -999;    -999;   88.25;-999;   16.9;    9.4;    8.4;-999;   0.2;   4;    5.367;-999;eor
       44;20150921;   3;   13.4;  13.5;  -999;    -999;   88.17;-999;   17.1;   11.0;   10.2;-999;   0.3;   4;    0.500;-999;eor
       44;20150922;   3;   12.8;  13.6;  -999;    -999;   92.04;-999;   15.6;   10.6;    8.3;-999;   2.8;   4;    0.517;-999;eor
       44;20150923;   3;   12.3;  13.6;  -999;    -999;   95.29;-999;   16.0;    9.9;    7.4;-999;   0.7;   4;    0.850;-999;eor
       44;20150924;   3;   12.8;  13.8;  -999;    -999;   93.63;-999;   16.5;   10.0;    7.8;-999;   1.6;   4;    0.167;-999;eor
       44;20150925;   3;   12.0;  12.6;  -999;    -999;   90.92;-999;   16.9;    7.1;    4.8;-999;   0.2;   4;    3.000;-999;eor
       44;20150926;   3;   10.3;  11.2;  -999;    -999;   89.46;-999;   16.7;    5.3;    2.5;-999;   0.0;   0;    3.350;-999;eor
       44;20150927;   3;   10.8;  11.3;  -999;    -999;   87.79;-999;   17.4;    4.9;    2.3;-999;   0.0;   0;    4.133;-999;eor
       44;20150928;   3;   11.6;  11.6;  -999;    -999;   86.25;-999;   17.1;    6.8;    2.9;-999;   0.0;   0;    3.367;-999;eor
       44;20150929;   3;   10.5;  10.1;  -999;    -999;   82.08;-999;   17.4;    5.0;    1.8;-999;   0.0;   0;    9.250;-999;eor
       44;20150930;   3;   10.9;  10.7;  -999;    -999;   83.79;-999;   17.4;    5.5;    1.8;-999;   0.0;   0;   10.683;-999;eor
       44;20151001;   3;   10.2;  10.1;  -999;    -999;   83.63;-999;   17.2;    3.8;    0.7;-999;   0.0;   0;   10.517;   0;eor
       44;20151002;   3;    9.7;  10.2;  -999;    -999;   86.25;-999;   17.4;    3.0;    1.7;-999;   0.0;   0;    9.533;   0;eor
       44;20151003;   3;   10.9;  11.1;  -999;    -999;   86.08;-999;   18.6;    4.1;    0.5;-999;   0.0;   0;    7.367;   0;eor
       44;20151004;   3;   11.6;  12.5;  -999;    -999;   91.96;-999;   17.0;    7.8;    5.3;-999;   0.0;   0;    6.550;   0;eor
       44;20151005;   3;   12.6;  12.8;  -999;    -999;   87.50;-999;   17.9;    6.8;    3.8;-999;   1.6;   4;    5.683;   0;eor
       44;20151006;   3;   13.9;  15.1;  -999;    -999;   94.38;-999;   16.2;   11.5;   10.8;-999;   5.5;   4;    0.000;   0;eor
       44;20151007;   3;   15.4;  16.2;  -999;    -999;   92.63;-999;   18.7;   12.5;   10.2;-999;   0.2;   4;    2.233;   0;eor
       44;20151008;   3;   13.9;  15.5;  -999;    -999;   97.50;-999;   15.3;   12.9;   12.3;-999;   0.8;   4;    0.000;   0;eor
       44;20151009;   3;   12.9;  13.9;  -999;    -999;   93.71;-999;   15.4;    9.9;    8.0;-999;   0.7;   4;    0.000;   0;eor
       44;20151010;   3;    8.4;   8.6;  -999;    -999;   77.96;-999;   12.1;    3.5;    1.8;-999;   0.0;   0;    9.983;   0;eor
       44;20151011;   3;    5.2;   6.0;  -999;    -999;   69.63;-999;   10.7;    0.9;   -1.5;-999;   0.0;   0;   10.167;   0;eor
       44;20151012;   3;    4.1;   6.0;  -999;    -999;   74.04;-999;    8.0;    0.6;   -1.3;-999;   0.0;   0;    6.567;   0;eor
       44;20151013;   3;    3.8;   6.8;  -999;    -999;   84.88;-999;    7.2;    0.8;   -1.1;-999;   0.5;   4;    1.100;   0;eor
       44;20151014;   3;    4.9;   8.3;  -999;    -999;   95.75;-999;    5.4;    4.6;    4.2;-999;   1.8;   4;    0.000;   0;eor
       44;20151015;   3;    6.4;   9.5;  -999;    -999;   98.50;-999;    7.6;    5.4;    5.3;-999;   8.3;   4;    0.000;   0;eor
       44;20151016;   3;    6.9;   9.9;  -999;    -999;   99.79;-999;    7.5;    5.8;    5.7;-999;  19.1;   4;    0.000;   0;eor
       44;20151017;   3;    7.3;   9.9;  -999;    -999;   96.50;-999;    8.8;    5.4;    3.8;-999;   3.4;   4;    0.000;   0;eor
       44;20151018;   3;    7.1;  10.1;  -999;    -999;   99.88;-999;    7.7;    5.8;    4.3;-999;   2.3;   4;    0.000;   0;eor
       44;20151019;   3;    8.7;  10.9;  -999;    -999;   96.25;-999;   12.3;    3.4;    2.2;-999;   0.0;   0;    1.017;   0;eor
       44;20151020;   3;    7.2;  10.1;  -999;    -999;   98.92;-999;    9.5;    4.6;    4.2;-999;   0.1;   4;    0.000;   0;eor
       44;20151021;   3;    9.6;  11.1;  -999;    -999;   93.04;-999;   11.9;    7.6;    6.7;-999;   0.2;   4;    0.183;   0;eor
       44;20151022;   3;   11.0;  12.8;  -999;    -999;   97.46;-999;   13.0;    9.5;    9.4;-999;   0.8;   4;    0.000;   0;eor
       44;20151023;   3;   10.3;  11.0;  -999;    -999;   88.25;-999;   13.8;    6.8;    3.8;-999;   0.0;   0;    4.433;   0;eor
       44;20151024;   3;   10.1;  10.7;  -999;    -999;   87.08;-999;   12.1;    8.3;    6.8;-999;   0.2;   4;    0.000;   0;eor
       44;20151025;   3;    9.7;  10.7;  -999;    -999;   89.00;-999;   13.4;    3.7;    0.5;-999;   0.0;   0;    4.483;   0;eor
       44;20151026;   3;    8.1;   9.8;  -999;    -999;   90.54;-999;   13.4;    2.7;   -0.4;-999;   0.0;   0;    6.700;   0;eor
       44;20151027;   3;    7.2;  10.1;  -999;    -999;   99.29;-999;    9.0;    5.2;    2.5;-999;   0.0;   0;    0.000;   0;eor
       44;20151028;   3;    7.1;  10.1;  -999;    -999;   99.79;-999;    7.9;    6.3;    6.5;-999;   0.0;   0;    0.000;   0;eor
       44;20151029;   3;    9.4;  11.8;  -999;    -999;   98.88;-999;   12.8;    4.7;    2.8;-999;   0.0;   0;    0.100;   0;eor
       44;20151030;   3;    9.2;  11.3;  -999;    -999;   96.17;-999;   13.1;    3.8;    1.1;-999;   0.0;   0;    3.917;   0;eor
       44;20151031;   3;    7.9;  10.1;  -999;    -999;   95.29;-999;   11.3;    3.3;    1.1;-999;   0.0;   0;    3.467;   0;eor
       44;20151101;   3;    6.9;   9.7;  -999;    -999;   95.67;-999;   14.7;    1.9;   -0.3;-999;   0.0;   4;    7.667;   0;eor
       44;20151102;   3;    5.1;   8.8;  -999;    -999;  100.00;-999;    8.0;    2.8;    2.6;-999;   0.0;   0;    0.000;   0;eor
       44;20151103;   3;    4.9;   8.4;  -999;    -999;   95.54;-999;   13.6;    0.1;   -0.8;-999;   0.0;   0;    6.950;   0;eor
       44;20151104;   3;    8.9;  10.5;  -999;    -999;   91.33;-999;   15.9;    1.9;   -0.4;-999;   0.3;   4;    6.250;   0;eor
       44;20151105;   3;   12.7;  13.8;  -999;    -999;   93.58;-999;   15.6;   10.2;    8.3;-999;   3.8;   4;    0.967;   0;eor
       44;20151106;   3;   13.8;  15.5;  -999;    -999;   97.79;-999;   15.3;   12.6;   11.8;-999;   9.0;   4;    0.000;   0;eor
       44;20151107;   3;   16.0;  17.2;  -999;    -999;   94.21;-999;   17.7;   14.8;   13.9;-999;   1.9;   4;    0.200;   0;eor
       44;20151108;   3;   12.6;  12.7;  -999;    -999;   86.63;-999;   16.0;    9.5;    6.1;-999;   2.0;   4;    5.067;   0;eor
       44;20151109;   3;   13.0;  13.1;  -999;    -999;   87.29;-999;   16.1;   11.0;   10.0;-999;   0.7;   4;    0.917;   0;eor
       44;20151110;   3;   13.7;  15.1;  -999;    -999;   96.21;-999;   14.9;   11.8;   11.2;-999;   2.6;   4;    0.000;   0;eor
       44;20151111;   3;   12.3;  13.4;  -999;    -999;   93.46;-999;   14.5;   11.1;   10.7;-999;   0.4;   4;    0.000;   0;eor
       44;20151112;   3;   11.6;  12.1;  -999;    -999;   89.04;-999;   14.5;    8.2;    3.5;-999;   0.0;   0;    3.350;   0;eor
       44;20151113;   3;   10.5;  10.6;  -999;    -999;   82.75;-999;   13.5;    5.1;    3.5;-999;   5.6;   4;    3.700;   0;eor
       44;20151114;   3;    7.0;   8.8;  -999;    -999;   87.71;-999;    8.7;    4.7;    3.5;-999;  16.9;   4;    2.100;   0;eor
       44;20151115;   3;   12.1;  14.0;  -999;    -999;   98.75;-999;   13.2;    7.9;    7.6;-999;  26.8;   4;    0.000;   0;eor
       44;20151116;   3;   11.6;  12.4;  -999;    -999;   91.13;-999;   12.7;    9.9;    8.4;-999;   2.4;   4;    0.033;   0;eor
       44;20151117;   3;   11.8;  13.2;  -999;    -999;   95.13;-999;   14.6;    9.6;    9.4;-999;  13.2;   4;    0.000;   0;eor
       44;20151118;   3;   11.3;  11.4;  -999;    -999;   84.88;-999;   13.7;    9.2;    8.6;-999;   4.6;   4;    2.067;   0;eor
       44;20151119;   3;   10.1;  10.2;  -999;    -999;   82.67;-999;   11.7;    7.7;    6.4;-999;   2.8;   4;    1.100;   0;eor
       44;20151120;   3;    6.7;   8.8;  -999;    -999;   89.21;-999;    7.8;    3.8;    2.3;-999;   0.0;   0;    3.500;   0;eor
       44;20151121;   3;    3.3;   7.3;  -999;    -999;   93.75;-999;    4.8;   -0.5;   -3.3;-999;   1.7;   4;    0.183;   0;eor
       44;20151122;   3;    1.2;   6.5;  -999;    -999;   97.38;-999;    2.9;    0.0;   -1.4;-999;   4.3;   4;    2.367;   1;eor
       44;20151123;   3;    2.5;   6.2;  -999;    -999;   85.54;-999;    5.0;   -0.6;   -3.1;-999;   0.0;   0;    5.900;   0;eor
       44;20151124;   3;    2.6;   6.4;  -999;    -999;   87.88;-999;    3.8;    1.0;    0.6;-999;   4.5;   4;    0.000;   0;eor
       44;20151125;   3;    4.2;   8.1;  -999;    -999;   98.38;-999;    6.5;    2.3;   -0.3;-999;   0.0;   4;    0.533;   0;eor
       44;20151126;   3;    4.0;   7.7;  -999;    -999;   94.46;-999;    8.1;    1.0;   -1.7;-999;   0.0;   0;    6.867;   0;eor
       44;20151127;   3;    3.5;   7.2;  -999;    -999;   92.13;-999;    6.0;    0.6;   -2.0;-999;   2.4;   4;    0.817;   0;eor
       44;20151128;   3;    5.2;   7.6;  -999;    -999;   86.63;-999;    7.0;    3.1;    2.9;-999;   5.1;   4;    4.217;   0;eor
       44;20151129;   3;    8.2;   9.8;  -999;    -999;   89.75;-999;   10.8;    3.9;    3.2;-999;   9.6;   4;    0.000;   0;eor
       44;20151130;   3;    6.5;   8.4;  -999;    -999;   85.29;-999;   11.1;    3.8;    3.5;-999;  10.1;   4;    0.000;   0;eor
       44;20151201;   3;    6.9;   9.3;  -999;    -999;   92.83;-999;   11.0;    4.2;    2.6;-999;   1.0;   4;    2.150;   0;eor
       44;20151202;   3;   10.1;  10.4;  -999;    -999;   83.79;-999;   11.0;    7.6;    5.4;-999;   0.0;   0;    0.000;   0;eor
       44;20151203;   3;    8.3;   9.1;  -999;    -999;   83.17;-999;   10.5;    6.4;    3.8;-999;   1.1;   4;    2.817;   0;eor
       44;20151204;   3;    8.4;   9.4;  -999;    -999;   85.25;-999;    9.1;    6.0;    4.8;-999;   1.0;   4;    2.800;   0;eor
       44;20151205;   3;    7.8;   7.9;  -999;    -999;   74.29;-999;    8.4;    6.6;    4.9;-999;   0.0;   0;    0.017;   0;eor
       44;20151206;   3;    9.3;   9.7;  -999;    -999;   81.88;-999;   11.4;    6.5;    4.8;-999;   0.3;   4;    1.283;   0;eor
       44;20151207;   3;   10.2;  12.3;  -999;    -999;   98.54;-999;   11.0;    6.9;    2.0;-999;   0.0;   4;    0.000;   0;eor
       44;20151208;   3;    8.9;  10.3;  -999;    -999;   90.38;-999;   12.9;    5.7;    0.9;-999;   3.1;   4;    6.750;   0;eor
       44;20151209;   3;    7.2;   9.1;  -999;    -999;   89.13;-999;   10.2;    4.7;    1.3;-999;   0.0;   0;    6.267;   0;eor
       44;20151210;   3;    5.7;   7.6;  -999;    -999;   82.83;-999;    7.9;    4.2;    2.5;-999;   4.3;   4;    2.617;   0;eor
       44;20151211;   3;    6.0;   8.7;  -999;    -999;   93.13;-999;    7.6;    4.3;    3.7;-999;   0.8;   4;    0.000;   0;eor
       44;20151212;   3;    5.9;   8.4;  -999;    -999;   89.92;-999;    9.9;    4.5;    2.8;-999;  14.6;   4;    2.750;   0;eor
       44;20151213;   3;    5.1;   8.3;  -999;    -999;   93.13;-999;   10.4;   -0.5;   -3.2;-999;   0.0;   0;    5.433;   0;eor
       44;20151214;   3;    3.9;   7.9;  -999;    -999;   96.75;-999;    6.8;   -0.5;   -2.5;-999;   0.0;   0;    0.000;   0;eor
       44;20151215;   3;    5.3;   8.6;  -999;    -999;   96.08;-999;    9.0;    1.0;   -1.7;-999;   0.0;   0;    4.850;   0;eor
       44;20151216;   3;    7.9;  10.8;  -999;    -999;   99.21;-999;   11.5;    3.4;    1.8;-999;   1.8;   4;    0.000;   0;eor
       44;20151217;   3;   12.3;  13.4;  -999;    -999;   93.75;-999;   13.6;   11.4;   10.2;-999;   0.4;   4;    0.133;   0;eor
       44;20151218;   3;   11.7;  12.3;  -999;    -999;   89.21;-999;   12.9;   10.4;    9.4;-999;   0.0;   0;    0.050;   0;eor
       44;20151219;   3;   11.7;  12.4;  -999;    -999;   89.54;-999;   13.2;    9.6;    7.9;-999;   0.0;   0;    0.000;   0;eor
       44;20151220;   3;   11.4;  11.2;  -999;    -999;   83.33;-999;   12.9;    9.8;    7.7;-999;   0.9;   4;    0.000;   0;eor
       44;20151221;   3;   10.0;  10.9;  -999;    -999;   88.75;-999;   11.3;    9.0;    7.5;-999;   2.0;   4;    1.183;   0;eor
       44;20151222;   3;   11.4;  12.1;  -999;    -999;   89.50;-999;   13.4;    8.6;    6.5;-999;   2.2;   4;    0.000;   0;eor
       44;20151223;   3;   10.0;  10.1;  -999;    -999;   81.25;-999;   13.0;    5.5;    2.5;-999;   1.2;   4;    1.133;   0;eor
       44;20151224;   3;    8.6;   9.9;  -999;    -999;   88.08;-999;   12.7;    4.9;    2.4;-999;   1.5;   4;    1.467;   0;eor
       44;20151225;   3;    8.1;   9.5;  -999;    -999;   87.08;-999;   12.6;    6.0;    4.0;-999;   2.8;   4;    1.867;   0;eor
       44;20151226;   3;   12.9;  12.5;  -999;    -999;   83.79;-999;   13.8;   10.9;    9.3;-999;   0.0;   0;    1.067;   0;eor
       44;20151227;   3;   10.7;  11.2;  -999;    -999;   86.79;-999;   12.1;    9.0;    8.7;-999;   1.8;   4;    0.250;   0;eor
       44;20151228;   3;   10.2;  12.2;  -999;    -999;   97.71;-999;   11.9;    8.5;    8.3;-999;   0.0;   4;    2.900;   0;eor
       44;20151229;   3;    7.4;   9.6;  -999;    -999;   93.13;-999;    8.8;    5.4;    2.0;-999;   0.0;   0;    1.733;   0;eor
       44;20151230;   3;    5.9;   8.3;  -999;    -999;   89.83;-999;    8.4;    2.7;    0.6;-999;   0.0;   0;    5.767;   0;eor
       44;20151231;   3;    5.6;   8.1;  -999;    -999;   88.29;-999;    9.0;    2.4;    0.1;-999;   1.3;   4;    0.683;   0;eor
       44;20160101;   3;    3.5;   7.5;  -999;    -999;   95.50;-999;    8.1;    0.3;   -2.5;-999;   0.0;   0;    5.667;   0;eor
       44;20160102;   3;    2.2;   6.7;  -999;    -999;   92.96;-999;    4.0;   -2.5;   -2.5;-999;   0.4;   4;    0.000;   0;eor
       44;20160103;   3;   -3.3;   4.5;  -999;    -999;   94.33;-999;   -2.5;   -3.9;   -4.3;-999;   3.4;   4;    0.000;   1;eor
       44;20160104;   3;   -5.4;   3.8;  -999;    -999;   91.54;-999;   -4.0;   -6.0;   -5.8;-999;   0.5;   4;    0.000;   1;eor
       44;20160105;   3;   -5.1;   4.0;  -999;    -999;   95.46;-999;   -4.7;   -5.6;   -5.3;-999;   0.6;   4;    0.000;   1;eor
       44;20160106;   3;   -5.3;   3.8;  -999;    -999;   92.25;-999;   -4.2;   -6.4;   -6.2;-999;   0.1;   4;    0.000;   1;eor
       44;20160107;   3;   -3.1;   4.8;  -999;    -999;   96.33;-999;    3.3;   -5.3;   -5.3;-999;   4.5;   4;    0.000;   1;eor
       44;20160108;   3;    4.3;   7.1;  -999;    -999;   85.42;-999;    6.7;    0.9;   -3.2;-999;   0.0;   0;    3.500;   2;eor
       44;20160109;   3;    1.9;   6.4;  -999;    -999;   90.96;-999;    5.3;   -1.0;   -5.1;-999;   0.9;   4;    3.600;   0;eor
       44;20160110;   3;    4.6;   7.7;  -999;    -999;   90.33;-999;    8.1;    2.2;   -1.3;-999;   0.6;   4;    3.417;   0;eor
       44;20160111;   1;    4.1;   7.8;  -999;    -999;   94.92;-999;    4.8;    2.1;   -1.4;-999;   3.1;   4;    0.083;   0;eor
       44;20160112;   1;    5.2;   8.2;  -999;    -999;   93.13;-999;    5.9;    4.3;    3.6;-999;   3.2;   4;    0.300;   0;eor
       44;20160113;   1;    3.7;   7.5;  -999;    -999;   93.58;-999;    4.9;    1.6;   -0.9;-999;   1.1;   4;    0.617;   0;eor
       44;20160114;   1;    1.7;   6.7;  -999;    -999;   96.75;-999;    3.4;   -0.3;   -2.9;-999;   5.9;   4;    0.000;   0;eor
       44;20160115;   1;    1.2;   6.5;  -999;    -999;   98.04;-999;    1.9;    0.3;    0.0;-999;   0.0;   4;    0.000;   0;eor
       44;20160116;   1;   -0.1;   6.0;  -999;    -999;   99.33;-999;    0.8;   -1.8;   -1.8;-999;   9.2;   4;    0.000;   0;eor
       44;20160117;   1;   -3.1;   4.8;  -999;    -999;   96.63;-999;   -0.3;   -9.0;  -13.8;-999;   0.0;   0;    2.000;   8;eor
       44;20160118;   1;   -5.7;   3.8;  -999;    -999;   96.13;-999;   -1.5;   -9.6;  -15.6;-999;   0.0;   0;    6.800;   7;eor
       44;20160119;   1;   -5.8;   3.9;  -999;    -999;   94.46;-999;   -1.3;  -11.9;  -16.7;-999;   0.8;   4;    3.717;   5;eor
       44;20160120;   1;   -0.7;   5.8;  -999;    -999;   99.54;-999;    1.4;   -6.8;  -11.4;-999;   0.0;   4;    0.017;   6;eor
       44;20160121;   1;   -7.1;   3.6;  -999;    -999;   98.50;-999;   -4.7;   -9.4;  -12.3;-999;   0.0;   0;    0.000;   3;eor
       44;20160122;   1;   -5.3;   4.0;  -999;    -999;   95.38;-999;    0.1;  -10.3;  -11.9;-999;   3.5;   4;    6.400;   3;eor
       44;20160123;   1;    4.0;   8.1;  -999;    -999;   99.38;-999;    6.1;    0.1;    0.0;-999;   0.7;   4;    2.783;   2;eor
       44;20160124;   1;    5.8;   9.0;  -999;    -999;   97.67;-999;    8.9;    4.4;    3.6;-999;   0.8;   4;    0.000;   0;eor
       44;20160125;   1;   10.0;  11.7;  -999;    -999;   94.67;-999;   12.7;    8.4;    6.3;-999;   0.0;   0;    3.183;   0;eor
       44;20160126;   1;    9.4;  10.0;  -999;    -999;   84.88;-999;   11.3;    7.1;    5.2;-999;   2.1;   4;    1.850;   0;eor
       44;20160127;   1;   10.1;  11.4;  -999;    -999;   91.83;-999;   11.4;    8.5;    7.7;-999;   4.8;   4;    0.000;   0;eor
       44;20160128;   1;    6.2;   7.8;  -999;    -999;   81.25;-999;   10.2;    3.6;    0.3;-999;   0.0;   0;    6.900;   0;eor
       44;20160129;   1;    7.0;   8.8;  -999;    -999;   87.13;-999;    9.0;    3.3;    1.6;-999;   1.7;   4;    0.000;   0;eor
       44;20160130;   1;    6.3;   9.0;  -999;    -999;   92.83;-999;    9.3;    2.6;    1.1;-999;  13.9;   4;    0.000;   0;eor
       44;20160131;   1;    4.1;   7.2;  -999;    -999;   87.88;-999;    5.9;    1.6;    0.4;-999;   2.7;   4;    0.333;   0;eor
       44;20160201;   1;    9.3;  10.8;  -999;    -999;   92.13;-999;   11.6;    5.5;    5.2;-999;   1.5;   4;    0.000;   0;eor
       44;20160202;   1;    8.5;   7.6;  -999;    -999;   68.25;-999;   10.6;    6.4;    5.4;-999;   0.3;   4;    0.550;   0;eor
       44;20160203;   1;    4.4;   6.9;  -999;    -999;   82.92;-999;    6.9;    2.0;    0.7;-999;   1.2;   4;    5.633;   0;eor
       44;20160204;   1;    3.0;   7.3;  -999;    -999;   96.00;-999;    3.9;    2.1;    0.4;-999;   2.0;   4;    0.000;   0;eor
       44;20160205;   1;    5.9;   9.2;  -999;    -999;   98.25;-999;    9.0;    2.5;    1.3;-999;   3.4;   4;    0.000;   0;eor
       44;20160206;   1;    8.6;   9.5;  -999;    -999;   85.25;-999;    9.7;    6.0;    2.3;-999;   0.0;   0;    0.133;   0;eor
       44;20160207;   1;    8.4;   8.1;  -999;    -999;   73.13;-999;   11.1;    5.8;    3.7;-999;   0.4;   4;    1.517;   0;eor
       44;20160208;   1;    7.6;   8.2;  -999;    -999;   78.38;-999;   10.3;    3.6;    3.4;-999;  21.8;   4;    1.717;   0;eor
       44;20160209;   1;    5.0;   7.7;  -999;    -999;   88.50;-999;    7.2;    0.0;    0.0;-999;  18.4;   4;    1.117;   0;eor
