STATIONS_ID; MESS_DATUM; QUALITAETS_NIVEAU; LUFTTEMPERATUR;DAMPFDRUCK;BEDECKUNGSGRAD;LUFTDRUCK_STATIONSHOEHE;REL_FEUCHTE; WINDGESCHWINDIGKEIT; LUFTTEMPERATUR_MAXIMUM;LUFTTEMPERATUR_MINIMUM;LUFTTEMP_AM_ERDB_MINIMUM; WINDSPITZE_MAXIMUM; NIEDERSCHLAGSHOEHE;NIEDERSCHLAGSHOEHE_IND;SONNENSCHEINDAUER; SCHNEEHOEHE;eor
      131;20140808;   3;   20.0;  15.0;  -999;    -999;   67.13;-999;   26.3;   13.5;   11.5;-999;   0.0;   0;   12.567;   0;eor
      131;20140809;   3;   21.4;  15.2;  -999;    -999;   60.88;-999;   27.0;   14.6;   12.2;-999;   0.0;   0;    9.117;   0;eor
      131;20140810;   3;   21.7;  16.0;  -999;    -999;   63.79;-999;   28.6;   14.5;   12.0;-999;   3.3;   4;    6.650;   0;eor
      131;20140811;   3;   18.2;  14.6;  -999;    -999;   70.54;-999;   22.2;   12.7;   10.0;-999;   0.0;   0;    5.967;   0;eor
      131;20140812;   3;   16.9;  11.9;  -999;    -999;   62.83;-999;   22.2;   12.4;    9.4;-999;   0.0;   0;    8.100;   0;eor
      131;20140813;   3;   16.1;  13.4;  -999;    -999;   74.63;-999;   20.7;   11.9;    9.1;-999;   5.3;   4;    1.783;   0;eor
      131;20140814;   3;   15.7;  13.3;  -999;    -999;   75.88;-999;   20.6;   11.9;   10.2;-999;   0.0;   0;    6.350;   0;eor
      131;20140815;   3;   14.1;  13.1;  -999;    -999;   81.63;-999;   18.5;   11.5;   10.0;-999;  16.2;   4;    3.550;   0;eor
      131;20140816;   3;   14.1;  13.1;  -999;    -999;   82.83;-999;   19.3;   11.9;   10.8;-999;   0.8;   4;    4.633;   0;eor
      131;20140817;   3;   15.8;  12.4;  -999;    -999;   69.71;-999;   19.7;   12.0;   10.6;-999;   0.0;   0;    6.333;   0;eor
      131;20140818;   3;   14.5;  12.2;  -999;    -999;   73.71;-999;   17.3;   11.0;    9.5;-999;   2.3;   4;    3.633;   0;eor
      131;20140819;   3;   14.1;  10.9;  -999;    -999;   70.29;-999;   20.2;    9.2;    6.9;-999;   0.3;   4;    8.667;   0;eor
      131;20140820;   3;   12.7;   9.5;  -999;    -999;   66.38;-999;   18.3;    7.9;    5.9;-999;   0.0;   0;    8.483;   0;eor
      131;20140821;   3;   13.2;  10.1;  -999;    -999;   68.38;-999;   18.7;    7.2;    5.1;-999;   0.0;   0;    9.117;   0;eor
      131;20140822;   3;   14.2;   9.1;  -999;    -999;   59.25;-999;   19.7;    7.8;    4.8;-999;   0.0;   0;    6.650;   0;eor
      131;20140823;   3;   13.4;  11.4;  -999;    -999;   74.67;-999;   18.5;   11.1;    8.3;-999;  11.5;   4;    1.900;   0;eor
      131;20140824;   3;   12.2;  10.3;  -999;    -999;   73.88;-999;   17.3;    8.3;    5.6;-999;   0.0;   0;    6.833;   0;eor
      131;20140825;   3;   12.2;  10.8;  -999;    -999;   76.71;-999;   18.1;    6.3;    4.3;-999;   4.1;   4;    5.100;   0;eor
      131;20140826;   3;   12.3;  13.0;  -999;    -999;   90.79;-999;   14.6;   10.9;   10.7;-999;   3.8;   4;    0.000;   0;eor
      131;20140827;   3;   13.4;  11.5;  -999;    -999;   77.08;-999;   19.7;    8.7;    6.0;-999;   0.0;   0;    8.150;   0;eor
      131;20140828;   3;   15.0;  10.2;  -999;    -999;   63.75;-999;   22.0;    7.4;    4.8;-999;   0.0;   0;   11.933;   0;eor
      131;20140829;   3;   17.0;  15.4;  -999;    -999;   79.92;-999;   21.5;   13.8;   11.5;-999;   8.0;   4;    2.117;   0;eor
      131;20140830;   3;   17.1;  14.9;  -999;    -999;   77.58;-999;   22.1;   13.7;   11.6;-999;   6.5;   4;    4.050;   0;eor
      131;20140831;   3;   14.0;  14.7;  -999;    -999;   91.63;-999;   16.3;   11.5;   11.4;-999;  11.5;   4;    0.050;   0;eor
      131;20140901;   3;   13.5;  13.6;  -999;    -999;   88.71;-999;   18.1;   11.5;   10.2;-999;   0.0;   0;    2.283;   0;eor
      131;20140902;   3;   13.4;  14.2;  -999;    -999;   91.67;-999;   15.8;   11.7;   10.8;-999;   0.4;   4;    0.000;   0;eor
      131;20140903;   3;   14.0;  13.8;  -999;    -999;   86.63;-999;   17.3;   11.3;   11.2;-999;   0.0;   0;    0.067;   0;eor
      131;20140904;   3;   15.4;  15.5;  -999;    -999;   89.00;-999;   21.0;   11.7;   10.8;-999;   0.0;   0;    4.583;   0;eor
      131;20140905;   3;   19.7;  17.4;  -999;    -999;   76.96;-999;   26.7;   13.2;   11.3;-999;   0.0;   0;   10.917;   0;eor
      131;20140906;   3;   19.4;  17.2;  -999;    -999;   77.54;-999;   26.6;   15.0;   12.3;-999;   0.0;   4;    7.500;   0;eor
      131;20140907;   3;   18.4;  16.8;  -999;    -999;   80.67;-999;   26.5;   14.0;   11.7;-999;  14.5;   4;    8.200;   0;eor
      131;20140908;   3;   17.4;  17.9;  -999;    -999;   90.50;-999;   22.0;   14.1;   12.2;-999;   0.0;   0;    1.200;   0;eor
      131;20140909;   3;   14.7;  12.9;  -999;    -999;   78.04;-999;   19.5;   11.9;   10.2;-999;   0.0;   0;    5.700;   0;eor
      131;20140910;   3;   13.2;  12.3;  -999;    -999;   81.50;-999;   16.3;   10.9;    9.5;-999;   0.2;   4;    0.183;   0;eor
      131;20140911;   3;   13.2;  13.2;  -999;    -999;   87.67;-999;   17.0;   10.8;   10.0;-999;  12.6;   4;    1.950;   0;eor
      131;20140912;   3;   14.4;  16.1;  -999;    -999;   97.79;-999;   16.1;   12.6;   12.6;-999;  28.3;   4;    0.000;   0;eor
      131;20140913;   3;   15.9;  17.8;  -999;    -999;   98.29;-999;   16.4;   15.2;   15.2;-999;   2.3;   4;    0.000;   0;eor
      131;20140914;   3;   15.1;  16.9;  -999;    -999;   98.54;-999;   16.1;   14.1;   14.3;-999;   3.2;   4;    0.000;   0;eor
      131;20140915;   3;   17.7;  17.4;  -999;    -999;   86.67;-999;   22.4;   14.5;   13.3;-999;   0.0;   0;    4.333;   0;eor
      131;20140916;   3;   18.6;  15.6;  -999;    -999;   74.67;-999;   24.0;   14.8;   12.6;-999;   0.0;   0;    6.750;   0;eor
      131;20140917;   3;   17.3;  13.8;  -999;    -999;   71.50;-999;   23.1;   12.6;   10.8;-999;   0.0;   0;   10.967;   0;eor
      131;20140918;   3;   16.6;  14.2;  -999;    -999;   75.88;-999;   21.8;   11.9;    9.9;-999;   0.0;   0;    8.017;   0;eor
      131;20140919;   3;   17.4;  16.1;  -999;    -999;   81.08;-999;   23.0;   14.2;   11.4;-999;   3.7;   4;    1.883;   0;eor
      131;20140920;   3;   17.7;  17.7;  -999;    -999;   87.83;-999;   22.7;   14.7;   12.8;-999;   0.0;   0;    2.983;   0;eor
      131;20140921;   3;   14.4;  15.2;  -999;    -999;   92.33;-999;   16.4;   10.3;    9.2;-999;   9.9;   4;    0.000;   0;eor
      131;20140922;   3;    9.9;  10.6;  -999;    -999;   87.29;-999;   13.3;    7.9;    7.7;-999;   9.6;   4;    1.483;   0;eor
      131;20140923;   3;    9.1;   9.6;  -999;    -999;   83.96;-999;   13.7;    5.4;    2.8;-999;   0.0;   0;    3.067;   0;eor
      131;20140924;   3;    9.7;   9.2;  -999;    -999;   77.46;-999;   14.6;    3.9;    1.7;-999;   0.0;   0;    4.633;   0;eor
      131;20140925;   3;   11.8;  11.0;  -999;    -999;   79.42;-999;   15.6;    8.4;    5.4;-999;   1.0;   4;    0.617;   0;eor
      131;20140926;   3;   12.2;  13.3;  -999;    -999;   92.96;-999;   14.3;   10.6;   10.4;-999;   3.5;   4;    0.000;   0;eor
      131;20140927;   3;   13.6;  13.2;  -999;    -999;   85.46;-999;   18.3;    9.2;    5.6;-999;   0.0;   0;    5.950;   0;eor
      131;20140928;   3;   13.8;  12.3;  -999;    -999;   79.38;-999;   21.2;    7.5;    4.0;-999;   0.0;   0;    9.817;   0;eor
      131;20140929;   3;   17.1;  13.8;  -999;    -999;   72.33;-999;   24.0;   11.4;    7.4;-999;   0.0;   0;    9.850;   0;eor
      131;20140930;   3;   16.2;  15.3;  -999;    -999;   83.58;-999;   20.5;   13.9;   10.8;-999;   2.7;   4;    1.950;   0;eor
      131;20141001;   3;   15.5;  14.8;  -999;    -999;   84.92;-999;   20.2;   11.4;    9.0;-999;   0.0;   0;    6.317;   0;eor
      131;20141002;   3;   14.2;  13.9;  -999;    -999;   86.46;-999;   19.7;   10.6;    7.9;-999;   0.0;   0;    3.983;   0;eor
      131;20141003;   3;   13.1;  12.9;  -999;    -999;   86.08;-999;   18.1;    8.7;    6.4;-999;   0.0;   0;   10.133;   0;eor
      131;20141004;   3;   11.7;  10.9;  -999;    -999;   80.25;-999;   17.1;    8.3;    4.4;-999;   0.0;   0;   10.083;   0;eor
      131;20141005;   3;   12.1;  11.1;  -999;    -999;   79.17;-999;   16.3;    7.6;    4.0;-999;   0.0;   0;    4.800;   0;eor
      131;20141006;   3;   12.3;  11.3;  -999;    -999;   79.38;-999;   16.8;    9.6;    7.7;-999;   0.0;   0;    7.650;   0;eor
      131;20141007;   3;   13.7;  11.7;  -999;    -999;   74.63;-999;   16.6;   10.2;    6.4;-999;   0.2;   4;    0.667;   0;eor
      131;20141008;   3;   14.6;  13.7;  -999;    -999;   82.42;-999;   17.3;   11.3;   10.5;-999;   2.0;   4;    0.750;   0;eor
      131;20141009;   3;   17.7;  14.2;  -999;    -999;   70.75;-999;   24.1;   14.1;   11.7;-999;   0.0;   0;    3.833;   0;eor
      131;20141010;   3;   15.0;  14.2;  -999;    -999;   83.54;-999;   17.8;   12.2;    9.5;-999;   0.0;   0;    0.867;   0;eor
      131;20141011;   3;   14.2;  14.6;  -999;    -999;   89.83;-999;   16.7;   12.4;   10.5;-999;   0.0;   0;    0.300;   0;eor
      131;20141012;   3;   13.6;  13.4;  -999;    -999;   86.42;-999;   18.0;    9.9;    6.9;-999;   0.0;   0;    5.117;   0;eor
      131;20141013;   3;   15.7;  14.6;  -999;    -999;   82.21;-999;   19.5;   11.2;    9.9;-999;   2.4;   4;    5.083;   0;eor
      131;20141014;   3;   14.0;  14.2;  -999;    -999;   89.25;-999;   18.7;   11.3;    8.5;-999;   2.4;   4;    2.417;   0;eor
      131;20141015;   3;   12.9;  13.0;  -999;    -999;   87.58;-999;   16.9;    9.8;    7.9;-999;   4.0;   4;    2.933;   0;eor
      131;20141016;   3;   12.8;  13.1;  -999;    -999;   88.58;-999;   17.1;    9.7;    7.4;-999;   1.8;   4;    1.683;   0;eor
      131;20141017;   3;   12.5;  12.8;  -999;    -999;   88.42;-999;   16.0;   10.2;    6.7;-999;   0.0;   0;    0.850;   0;eor
      131;20141018;   3;   12.8;  12.6;  -999;    -999;   86.08;-999;   18.3;    8.9;    5.2;-999;   0.0;   0;    7.500;   0;eor
      131;20141019;   3;   15.9;  13.7;  -999;    -999;   75.79;-999;   21.4;    9.8;    5.8;-999;   1.8;   4;    9.650;   0;eor
      131;20141020;   3;   13.5;  11.8;  -999;    -999;   75.79;-999;   17.1;    9.0;    6.1;-999;   0.2;   4;    4.833;   0;eor
      131;20141021;   3;   10.8;  10.4;  -999;    -999;   80.46;-999;   14.1;    7.3;    5.8;-999;   8.6;   4;    2.517;   0;eor
      131;20141022;   3;    6.9;   9.2;  -999;    -999;   91.63;-999;   10.0;    4.2;    4.3;-999;  11.4;   4;    0.000;   0;eor
      131;20141023;   3;    9.1;  11.4;  -999;    -999;   98.13;-999;   10.1;    8.5;    8.2;-999;   1.9;   4;    0.000;   0;eor
      131;20141024;   3;    8.7;   9.8;  -999;    -999;   87.50;-999;   13.7;    4.7;    1.5;-999;   0.0;   0;    7.567;   0;eor
      131;20141025;   3;    7.6;   8.9;  -999;    -999;   84.79;-999;   11.6;    2.7;   -0.2;-999;   0.8;   4;    3.900;   0;eor
      131;20141026;   3;   10.0;  10.8;  -999;    -999;   88.13;-999;   11.9;    7.6;    4.7;-999;   0.0;   0;    0.267;   0;eor
      131;20141027;   3;    8.0;   9.1;  -999;    -999;   84.33;-999;   14.0;    2.8;   -0.1;-999;   0.0;   0;    8.050;   0;eor
      131;20141028;   3;    6.5;   7.1;  -999;    -999;   75.29;-999;   14.5;    1.5;   -1.7;-999;   0.0;   0;    9.400;   0;eor
      131;20141029;   3;    5.0;   7.5;  -999;    -999;   85.63;-999;   10.5;    0.9;   -2.2;-999;   0.0;   0;    6.033;   0;eor
      131;20141030;   3;    7.6;   9.4;  -999;    -999;   89.21;-999;    9.7;    5.1;    4.5;-999;   0.1;   4;    0.000;   0;eor
      131;20141031;   3;   11.7;  12.0;  -999;    -999;   87.25;-999;   15.5;    8.4;    5.0;-999;   0.0;   0;    3.100;   0;eor
      131;20141101;   3;   12.9;  11.3;  -999;    -999;   76.00;-999;   18.3;   10.1;    5.7;-999;   0.0;   0;    8.467;   0;eor
      131;20141102;   3;   12.3;  10.5;  -999;    -999;   73.83;-999;   18.5;    8.3;    4.6;-999;   0.0;   0;    8.367;   0;eor
      131;20141103;   3;   11.5;  10.2;  -999;    -999;   75.25;-999;   17.4;    7.2;    5.2;-999;   0.0;   0;    7.083;   0;eor
      131;20141104;   3;    9.5;   8.8;  -999;    -999;   74.54;-999;   13.5;    6.7;    3.7;-999;   0.0;   0;    1.983;   0;eor
      131;20141105;   3;    9.4;  10.1;  -999;    -999;   85.71;-999;   11.3;    7.5;    5.6;-999;   1.2;   4;    0.117;   0;eor
      131;20141106;   3;    8.0;   9.9;  -999;    -999;   92.46;-999;    9.6;    6.8;    6.2;-999;   0.3;   4;    0.000;   0;eor
      131;20141107;   3;    6.2;   8.4;  -999;    -999;   88.63;-999;   10.6;    2.6;   -0.7;-999;   0.0;   0;    4.400;   0;eor
      131;20141108;   3;    7.9;   8.6;  -999;    -999;   81.00;-999;   12.5;    4.3;    0.0;-999;   0.0;   0;    7.250;   0;eor
      131;20141109;   3;    6.3;   8.3;  -999;    -999;   86.92;-999;   12.9;    3.1;   -0.2;-999;   0.0;   0;    6.300;   0;eor
      131;20141110;   3;    6.4;   8.6;  -999;    -999;   89.13;-999;    9.7;    2.6;   -0.5;-999;   0.1;   4;    2.000;   0;eor
      131;20141111;   3;    8.2;   9.9;  -999;    -999;   90.63;-999;   12.1;    4.2;    1.2;-999;   0.0;   0;    0.967;   0;eor
      131;20141112;   3;    8.2;  10.1;  -999;    -999;   92.96;-999;   13.3;    3.7;    2.7;-999;   0.0;   0;    0.150;   0;eor
      131;20141113;   3;    7.4;  10.2;  -999;    -999;   98.79;-999;    8.7;    5.5;    5.7;-999;   0.0;   0;    0.000;   0;eor
      131;20141114;   3;   10.8;  10.5;  -999;    -999;   81.33;-999;   14.1;    8.5;    7.2;-999;   0.0;   0;    6.350;   0;eor
      131;20141115;   3;    9.8;  10.2;  -999;    -999;   84.54;-999;   13.9;    5.8;    3.7;-999;   0.0;   0;    3.133;   0;eor
      131;20141116;   3;    8.1;   9.5;  -999;    -999;   87.96;-999;   11.1;    5.1;    0.2;-999;   0.2;   4;    1.050;   0;eor
      131;20141117;   3;    7.2;   8.8;  -999;    -999;   85.75;-999;   10.2;    3.5;   -0.2;-999;   0.0;   0;    3.967;   0;eor
      131;20141118;   3;    6.3;   9.3;  -999;    -999;   96.75;-999;    7.5;    4.3;    4.4;-999;   4.7;   4;    0.000;   0;eor
      131;20141119;   3;    3.3;   7.6;  -999;    -999;   97.83;-999;    4.3;    2.9;    3.1;-999;   1.5;   4;    0.000;   0;eor
      131;20141120;   3;    3.7;   7.8;  -999;    -999;   97.25;-999;    4.6;    3.1;    3.2;-999;   0.3;   4;    0.000;   0;eor
      131;20141121;   3;    3.8;   6.9;  -999;    -999;   86.21;-999;    5.0;    2.9;   -0.3;-999;   0.0;   0;    0.183;   0;eor
      131;20141122;   3;    3.4;   6.5;  -999;    -999;   83.46;-999;    7.9;   -0.3;   -3.0;-999;   0.0;   0;    7.267;   0;eor
      131;20141123;   3;    6.0;   7.1;  -999;    -999;   76.79;-999;   12.8;    1.7;   -1.1;-999;   0.0;   0;    7.783;   0;eor
      131;20141124;   3;    5.3;   7.7;  -999;    -999;   86.75;-999;    7.7;    0.8;   -2.6;-999;   0.3;   4;    0.017;   0;eor
      131;20141125;   3;    3.0;   7.1;  -999;    -999;   93.58;-999;    7.4;    0.0;   -1.9;-999;   0.0;   0;    4.550;   0;eor
      131;20141126;   3;    1.3;   5.7;  -999;    -999;   85.04;-999;    5.9;   -1.0;   -2.8;-999;   0.0;   0;    6.700;   0;eor
      131;20141127;   3;    1.1;   5.5;  -999;    -999;   82.75;-999;    4.3;   -1.1;   -3.9;-999;   0.0;   0;    4.883;   0;eor
      131;20141128;   3;    1.4;   5.7;  -999;    -999;   84.46;-999;    2.1;    0.8;    0.0;-999;   0.0;   0;    0.000;   0;eor
      131;20141129;   3;    0.8;   5.7;  -999;    -999;   88.38;-999;    2.9;   -1.2;   -0.9;-999;   0.0;   0;    0.000;   0;eor
      131;20141130;   3;   -0.4;   5.4;  -999;    -999;   90.88;-999;    1.2;   -1.6;   -1.4;-999;   0.0;   0;    0.000;   0;eor
      131;20141201;   3;   -2.4;   4.4;  -999;    -999;   85.75;-999;   -1.5;   -3.0;   -2.9;-999;   0.0;   0;    0.000;   0;eor
      131;20141202;   3;   -2.7;   4.3;  -999;    -999;   84.83;-999;   -2.1;   -3.1;   -2.9;-999;   0.1;   4;    0.000;   0;eor
      131;20141203;   3;   -2.0;   4.9;  -999;    -999;   91.88;-999;   -0.8;   -2.9;   -2.8;-999;   1.2;   4;    0.000;   0;eor
      131;20141204;   3;    1.4;   6.5;  -999;    -999;   95.92;-999;    4.9;   -0.8;   -0.8;-999;   2.4;   4;    0.000;   0;eor
      131;20141205;   3;    2.4;   7.0;  -999;    -999;   96.79;-999;    3.2;    1.7;    1.9;-999;   0.0;   0;    0.000;   0;eor
      131;20141206;   3;    2.3;   6.8;  -999;    -999;   94.83;-999;    3.8;    0.6;   -2.4;-999;   0.0;   0;    0.350;   0;eor
      131;20141207;   3;    2.2;   6.7;  -999;    -999;   93.96;-999;    3.1;    0.9;   -1.6;-999;   1.8;   4;    0.000;   0;eor
      131;20141208;   3;    1.2;   5.8;  -999;    -999;   86.38;-999;    4.5;   -2.4;   -6.7;-999;   0.0;   0;    5.100;   0;eor
      131;20141209;   3;   -1.6;   4.9;  -999;    -999;   91.21;-999;    1.8;   -3.7;   -7.5;-999;   0.0;   0;    7.450;   0;eor
      131;20141210;   3;    0.7;   5.2;  -999;    -999;   81.71;-999;    2.1;   -2.0;   -3.0;-999;   0.2;   4;    0.000;   0;eor
      131;20141211;   3;    2.5;   6.3;  -999;    -999;   86.13;-999;    5.0;    0.6;   -1.6;-999;   2.2;   4;    0.000;   0;eor
      131;20141212;   3;    6.2;   7.1;  -999;    -999;   75.29;-999;    9.6;    1.6;   -0.1;-999;   2.3;   4;    0.000;   0;eor
      131;20141213;   3;    4.6;   7.8;  -999;    -999;   92.08;-999;    9.5;    2.5;    2.4;-999;   8.4;   4;    0.000;   0;eor
      131;20141214;   3;    2.3;   7.1;  -999;    -999;   97.58;-999;    3.1;    0.5;   -1.8;-999;   2.1;   4;    0.000;   0;eor
      131;20141215;   3;    5.2;   7.5;  -999;    -999;   85.67;-999;    9.0;   -0.5;   -2.2;-999;   0.3;   4;    4.050;   0;eor
      131;20141216;   3;    4.6;   7.6;  -999;    -999;   88.67;-999;    6.7;    2.0;   -0.3;-999;   1.2;   4;    1.883;   0;eor
      131;20141217;   3;    2.3;   6.4;  -999;    -999;   88.58;-999;    4.8;    0.0;   -2.2;-999;   2.8;   4;    0.350;   0;eor
      131;20141218;   3;    8.0;   9.5;  -999;    -999;   88.17;-999;   11.0;    4.8;    4.1;-999;   2.7;   4;    0.017;   0;eor
      131;20141219;   3;    9.2;   9.6;  -999;    -999;   81.71;-999;   11.7;    4.5;    2.7;-999;   4.4;   4;    0.000;   0;eor
      131;20141220;   3;    3.9;   6.3;  -999;    -999;   77.83;-999;    5.1;    1.9;    0.3;-999;   3.9;   4;    0.067;   0;eor
      131;20141221;   3;    4.1;   6.6;  -999;    -999;   79.79;-999;    5.7;    1.9;    0.2;-999;   0.3;   4;    1.067;   0;eor
      131;20141222;   3;    7.3;   7.9;  -999;    -999;   77.42;-999;    9.0;    5.6;    5.1;-999;   0.3;   4;    0.000;   0;eor
      131;20141223;   3;    9.1;   8.8;  -999;    -999;   75.58;-999;   10.0;    8.2;    6.8;-999;   0.0;   0;    0.000;   0;eor
      131;20141224;   3;    6.4;   7.7;  -999;    -999;   79.67;-999;    8.4;    3.6;    3.4;-999;   7.2;   4;    0.000;   0;eor
      131;20141225;   3;    3.0;   6.2;  -999;    -999;   81.38;-999;    5.5;   -0.4;   -0.3;-999;   4.6;   4;    1.983;   0;eor
      131;20141226;   3;   -2.2;   5.0;  -999;    -999;   95.67;-999;   -0.4;   -5.1;   -6.8;-999;   0.0;   4;    1.183;   1;eor
      131;20141227;   3;   -4.6;   3.7;  -999;    -999;   84.42;-999;   -2.5;   -7.1;   -8.3;-999;   0.0;   0;    0.250;   1;eor
      131;20141228;   3;   -7.3;   3.1;  -999;    -999;   88.25;-999;   -3.8;   -9.5;   -8.9;-999;   2.7;   4;    2.583;   1;eor
      131;20141229;   3;   -4.1;   4.3;  -999;    -999;   94.08;-999;   -2.2;   -6.3;   -4.4;-999;   2.4;   4;    0.000;   3;eor
      131;20141230;   3;   -2.9;   4.8;  -999;    -999;   95.54;-999;    0.5;   -5.5;   -2.4;-999;   2.9;   4;    0.000;  14;eor
      131;20141231;   3;    0.9;   6.4;  -999;    -999;   97.75;-999;    1.5;    0.0;   -0.4;-999;   2.7;   4;    0.000;  10;eor
      131;20150101;   3;    2.0;   6.6;  -999;    -999;   93.46;-999;    4.6;    1.1;   -0.2;-999;   0.0;   0;    5.267;   4;eor
      131;20150102;   3;    2.6;   6.1;  -999;    -999;   82.63;-999;    3.4;    1.6;    0.0;-999;   2.4;   4;    0.000;   2;eor
      131;20150103;   3;    1.5;   5.7;  -999;    -999;   83.88;-999;    3.5;    0.0;   -0.2;-999;   3.2;   4;    0.000;   0;eor
      131;20150104;   3;    1.4;   6.2;  -999;    -999;   91.83;-999;    2.6;    0.6;   -0.3;-999;   3.2;   4;    0.050;   0;eor
      131;20150105;   3;    1.1;   5.9;  -999;    -999;   88.96;-999;    1.6;    0.6;    0.1;-999;   0.0;   0;    0.000;   0;eor
      131;20150106;   3;    1.3;   5.6;  -999;    -999;   83.13;-999;    4.5;   -0.2;   -2.1;-999;   0.0;   4;    5.767;   0;eor
      131;20150107;   3;    0.9;   5.8;  -999;    -999;   89.04;-999;    2.2;    0.0;   -2.1;-999;   1.5;   4;    0.000;   0;eor
      131;20150108;   3;    3.4;   6.9;  -999;    -999;   87.54;-999;    6.3;    0.2;   -1.4;-999;   9.2;   4;    0.000;   0;eor
      131;20150109;   3;    6.0;   7.2;  -999;    -999;   77.13;-999;    8.9;    3.1;    1.5;-999;   9.9;   4;    0.000;   0;eor
      131;20150110;   3;    9.7;   9.7;  -999;    -999;   79.04;-999;   14.1;    2.9;    1.1;-999;   5.3;   4;    0.200;   0;eor
      131;20150111;   3;    2.3;   5.3;  -999;    -999;   73.50;-999;    3.3;    0.6;    0.0;-999;   1.3;   4;    0.150;   0;eor
      131;20150112;   3;    4.5;   6.5;  -999;    -999;   77.21;-999;    6.1;    3.0;    2.2;-999;   0.1;   4;    0.000;   0;eor
      131;20150113;   3;    8.8;   6.4;  -999;    -999;   57.29;-999;   11.8;    5.7;    3.9;-999;   1.2;   4;    7.600;   0;eor
      131;20150114;   3;    5.2;   6.8;  -999;    -999;   76.71;-999;    9.8;    0.3;   -1.5;-999;   1.0;   4;    2.367;   0;eor
      131;20150115;   3;    4.6;   5.9;  -999;    -999;   70.63;-999;    9.1;   -0.3;   -2.5;-999;   0.0;   0;    0.017;   0;eor
      131;20150116;   3;    6.7;   6.8;  -999;    -999;   70.21;-999;    9.3;    3.3;    2.6;-999;   3.9;   4;    0.000;   0;eor
      131;20150117;   3;    2.2;   6.7;  -999;    -999;   93.71;-999;    4.0;   -0.7;   -3.5;-999;   0.4;   4;    0.000;   0;eor
      131;20150118;   3;    0.0;   5.4;  -999;    -999;   88.67;-999;    2.9;   -1.7;   -5.1;-999;   0.0;   0;    7.717;   0;eor
      131;20150119;   3;    0.2;   5.4;  -999;    -999;   87.00;-999;    1.7;   -2.4;   -5.7;-999;   0.1;   4;    0.000;   0;eor
      131;20150120;   3;    0.1;   5.7;  -999;    -999;   92.67;-999;    1.0;   -1.2;   -2.3;-999;   1.5;   4;    0.000;   0;eor
      131;20150121;   3;   -1.3;   4.9;  -999;    -999;   89.21;-999;    0.3;   -2.4;   -4.0;-999;   0.0;   0;    3.283;   0;eor
      131;20150122;   3;   -1.0;   5.6;  -999;    -999;   98.29;-999;   -0.5;   -1.9;   -2.2;-999;   1.4;   4;    0.000;   0;eor
      131;20150123;   3;   -1.4;   5.4;  -999;    -999;   98.21;-999;   -0.8;   -1.9;   -1.8;-999;   0.7;   4;    0.000;   0;eor
      131;20150124;   3;   -1.4;   5.1;  -999;    -999;   91.54;-999;   -0.1;   -2.1;   -3.7;-999;   1.2;   4;    0.867;   1;eor
      131;20150125;   3;    0.0;   5.9;  -999;    -999;   97.08;-999;    0.9;   -1.1;   -1.1;-999;   0.5;   4;    0.000;   2;eor
      131;20150126;   3;    0.8;   6.0;  -999;    -999;   93.25;-999;    2.9;   -0.3;   -0.3;-999;   4.5;   4;    1.333;   0;eor
      131;20150127;   3;    1.1;   6.2;  -999;    -999;   94.00;-999;    1.8;    0.2;    0.0;-999;   3.0;   4;    0.000;   1;eor
      131;20150128;   3;    2.1;   5.9;  -999;    -999;   84.04;-999;    3.4;    0.3;   -0.3;-999;   0.2;   4;    1.000;   0;eor
      131;20150129;   3;    1.1;   5.2;  -999;    -999;   77.88;-999;    2.3;   -0.4;   -2.0;-999;   0.4;   4;    4.150;   0;eor
      131;20150130;   3;    0.4;   5.4;  -999;    -999;   86.33;-999;    2.2;   -1.6;   -3.6;-999;   3.1;   4;    0.267;   1;eor
      131;20150131;   3;   -0.8;   5.0;  -999;    -999;   86.79;-999;    1.3;   -3.0;   -6.6;-999;   0.1;   4;    0.000;   2;eor
      131;20150201;   3;   -0.9;   5.0;  -999;    -999;   87.08;-999;    1.6;   -3.4;   -8.7;-999;   0.0;   4;    2.100;   2;eor
      131;20150202;   3;   -0.1;   5.1;  -999;    -999;   84.79;-999;    2.5;   -1.7;   -4.4;-999;   0.7;   4;    5.783;   2;eor
      131;20150203;   3;   -0.6;   5.1;  -999;    -999;   87.67;-999;    1.5;   -2.4;   -5.2;-999;   1.1;   4;    1.800;   1;eor
      131;20150204;   3;   -3.8;   4.3;  -999;    -999;   93.13;-999;   -2.0;   -6.1;  -11.7;-999;   0.3;   4;    0.000;   2;eor
      131;20150205;   3;   -3.4;   4.3;  -999;    -999;   91.04;-999;   -0.3;   -5.2;   -5.5;-999;   0.0;   0;    1.883;   2;eor
      131;20150206;   3;   -3.6;   4.1;  -999;    -999;   88.38;-999;   -1.8;   -5.1;   -5.6;-999;   0.0;   0;    0.450;   2;eor
      131;20150207;   3;   -3.1;   4.1;  -999;    -999;   84.46;-999;    1.1;   -7.2;   -9.8;-999;   0.3;   4;    3.967;   2;eor
      131;20150208;   3;   -0.4;   4.2;  -999;    -999;   70.46;-999;    1.6;   -3.4;   -6.1;-999;   0.7;   4;    4.517;   1;eor
      131;20150209;   3;    1.2;   6.4;  -999;    -999;   95.50;-999;    3.1;   -1.7;   -1.7;-999;   4.8;   4;    0.000;   1;eor
      131;20150210;   3;    3.0;   7.1;  -999;    -999;   94.17;-999;    3.6;    2.4;    2.2;-999;   0.4;   4;    0.000;   0;eor
      131;20150211;   3;    2.1;   6.4;  -999;    -999;   89.08;-999;    3.5;   -1.3;   -0.9;-999;   0.0;   0;    0.000;   0;eor
      131;20150212;   3;    0.2;   5.4;  -999;    -999;   87.50;-999;    8.8;   -3.5;   -5.9;-999;   0.0;   0;    7.217;   0;eor
      131;20150213;   3;    0.2;   4.7;  -999;    -999;   77.21;-999;    7.6;   -4.0;   -6.3;-999;   0.0;   0;    9.367;   0;eor
      131;20150214;   3;    0.8;   4.8;  -999;    -999;   75.29;-999;    7.4;   -2.7;   -5.5;-999;   0.0;   0;    9.367;   0;eor
      131;20150215;   3;    0.9;   5.3;  -999;    -999;   81.04;-999;    5.7;   -3.4;   -5.9;-999;   0.0;   0;    2.133;   0;eor
      131;20150216;   3;    1.2;   5.5;  -999;    -999;   82.46;-999;    6.9;   -1.6;   -3.3;-999;   0.0;   0;    8.917;   0;eor
      131;20150217;   3;    0.8;   5.6;  -999;    -999;   85.92;-999;    4.8;   -1.5;   -4.4;-999;   0.0;   0;    5.650;   0;eor
      131;20150218;   3;    1.0;   5.9;  -999;    -999;   89.50;-999;    3.1;   -1.6;   -3.6;-999;   0.0;   0;    0.000;   0;eor
      131;20150219;   3;    0.4;   4.9;  -999;    -999;   79.75;-999;    6.7;   -2.7;   -4.2;-999;   0.0;   0;    9.483;   0;eor
      131;20150220;   3;    3.2;   5.4;  -999;    -999;   71.38;-999;    9.4;   -2.7;   -4.3;-999;   0.0;   0;    7.133;   0;eor
      131;20150221;   3;    4.7;   5.5;  -999;    -999;   65.25;-999;    9.4;    1.3;   -2.6;-999;   0.0;   0;    4.183;   0;eor
      131;20150222;   3;    1.1;   5.5;  -999;    -999;   84.42;-999;    4.7;   -1.9;   -5.1;-999;   0.0;   0;    0.867;   0;eor
      131;20150223;   3;    1.5;   5.6;  -999;    -999;   82.38;-999;    5.5;   -1.5;   -4.5;-999;   1.9;   4;    1.650;   0;eor
      131;20150224;   3;    3.5;   5.9;  -999;    -999;   75.67;-999;    6.9;    1.0;   -2.1;-999;   0.0;   0;    2.950;   0;eor
      131;20150225;   3;    2.2;   5.7;  -999;    -999;   79.50;-999;    6.7;   -0.8;   -4.5;-999;   0.0;   0;    4.617;   0;eor
      131;20150226;   3;    2.4;   4.9;  -999;    -999;   69.75;-999;    8.6;   -2.6;   -6.0;-999;   0.0;   0;    9.933;   0;eor
      131;20150227;   3;    3.2;   5.0;  -999;    -999;   66.88;-999;    9.5;   -1.8;   -4.4;-999;   0.9;   4;    9.650;   0;eor
      131;20150228;   3;    2.1;   5.6;  -999;    -999;   79.29;-999;    5.6;   -0.4;   -3.5;-999;   0.0;   4;    4.650;   0;eor
      131;20150301;   3;    3.5;   6.3;  -999;    -999;   79.33;-999;    7.2;   -0.1;   -2.8;-999;   6.0;   4;    1.350;   0;eor
      131;20150302;   3;    4.8;   6.1;  -999;    -999;   71.38;-999;    7.4;    0.3;    0.0;-999;   1.7;   4;    6.150;   0;eor
      131;20150303;   3;    3.4;   5.2;  -999;    -999;   67.58;-999;    7.0;    0.1;   -1.6;-999;   1.1;   4;    6.117;   0;eor
      131;20150304;   3;    2.6;   5.5;  -999;    -999;   75.67;-999;    5.7;    0.0;   -1.4;-999;   1.6;   4;    3.517;   0;eor
      131;20150305;   3;    2.2;   6.2;  -999;    -999;   87.33;-999;    5.5;    0.3;    0.0;-999;   1.3;   4;    2.267;   0;eor
      131;20150306;   3;    3.0;   6.4;  -999;    -999;   84.42;-999;    5.5;   -0.3;   -2.7;-999;   0.2;   4;    0.000;   0;eor
      131;20150307;   3;    5.7;   6.1;  -999;    -999;   67.54;-999;   10.6;    1.1;   -2.1;-999;   0.0;   0;    8.750;   0;eor
      131;20150308;   3;    8.4;   6.4;  -999;    -999;   58.17;-999;   13.7;    4.0;    0.4;-999;   0.0;   0;    6.067;   0;eor
      131;20150309;   3;    6.4;   7.2;  -999;    -999;   74.08;-999;   10.4;    3.1;   -0.6;-999;   0.0;   0;    5.283;   0;eor
      131;20150310;   3;    6.5;   7.4;  -999;    -999;   75.33;-999;   12.8;    0.9;   -2.7;-999;   2.1;   4;    6.100;   0;eor
      131;20150311;   3;    2.8;   6.6;  -999;    -999;   88.08;-999;    4.9;    0.9;   -0.5;-999;   0.9;   4;    0.250;   0;eor
      131;20150312;   3;    1.5;   6.5;  -999;    -999;   95.96;-999;    3.3;    0.4;   -1.0;-999;   0.8;   4;    0.000;   0;eor
      131;20150313;   3;    1.1;   6.0;  -999;    -999;   91.29;-999;    3.8;   -0.8;   -0.4;-999;   0.5;   4;    0.400;   0;eor
      131;20150314;   3;    2.1;   6.7;  -999;    -999;   94.38;-999;    3.4;    1.1;    1.1;-999;   4.1;   4;    0.017;   0;eor
      131;20150315;   3;    3.9;   7.0;  -999;    -999;   87.04;-999;    5.9;    2.1;    2.0;-999;   0.0;   0;    0.433;   0;eor
      131;20150316;   3;    7.5;   7.2;  -999;    -999;   70.46;-999;   11.8;    3.1;    2.6;-999;   0.0;   0;    3.967;   0;eor
      131;20150317;   3;    9.2;   7.1;  -999;    -999;   61.83;-999;   15.0;    3.9;    1.3;-999;   0.0;   0;    8.000;   0;eor
      131;20150318;   3;    7.9;   6.7;  -999;    -999;   63.29;-999;   14.6;    2.1;   -1.2;-999;   0.0;   0;   11.083;   0;eor
      131;20150319;   3;    6.0;   5.2;  -999;    -999;   57.33;-999;   12.5;    0.6;   -2.5;-999;   0.0;   0;   11.133;   0;eor
      131;20150320;   3;    4.6;   4.6;  -999;    -999;   57.04;-999;   11.7;   -1.8;   -5.1;-999;   0.0;   0;   10.900;   0;eor
      131;20150321;   3;    3.3;   5.9;  -999;    -999;   75.50;-999;    7.8;   -0.7;   -4.4;-999;   0.4;   4;    6.217;   0;eor
      131;20150322;   3;   -0.3;   5.3;  -999;    -999;   87.92;-999;    2.3;   -2.9;   -5.7;-999;   0.0;   0;    2.083;   0;eor
      131;20150323;   3;    3.6;   5.9;  -999;    -999;   74.33;-999;   10.8;   -3.9;   -6.5;-999;   0.0;   0;    9.817;   0;eor
      131;20150324;   3;    5.1;   6.7;  -999;    -999;   75.58;-999;    9.9;    1.5;   -2.3;-999;   0.0;   0;    7.533;   0;eor
      131;20150325;   3;   10.0;   7.3;  -999;    -999;   62.00;-999;   18.1;    1.3;   -1.9;-999;   1.0;   4;   10.117;   0;eor
      131;20150326;   3;    6.8;   8.8;  -999;    -999;   89.29;-999;   11.1;    4.9;    4.8;-999;   1.2;   4;    0.000;   0;eor
      131;20150327;   3;    6.0;   7.3;  -999;    -999;   78.38;-999;   10.2;    4.0;    3.6;-999;   0.4;   4;    2.067;   0;eor
      131;20150328;   3;    6.0;   6.5;  -999;    -999;   70.25;-999;    9.5;    3.8;    1.5;-999;   0.2;   4;    3.967;   0;eor
      131;20150329;   3;    8.8;   9.7;  -999;    -999;   85.71;-999;   11.4;    6.4;    5.3;-999;   8.4;   4;    0.000;   0;eor
      131;20150330;   3;    5.1;   6.3;  -999;    -999;   71.96;-999;    8.3;    2.1;    0.4;-999;   5.1;   4;    3.300;   0;eor
      131;20150331;   3;    5.5;   7.0;  -999;    -999;   77.38;-999;   12.6;    0.1;    0.0;-999;  11.6;   4;    3.283;   0;eor
      131;20150401;   3;    2.1;   5.9;  -999;    -999;   82.92;-999;    7.1;    0.2;   -0.6;-999;   6.1;   4;    1.450;   0;eor
      131;20150402;   3;    0.9;   6.0;  -999;    -999;   91.50;-999;    3.2;   -0.3;   -1.1;-999;   8.1;   4;    1.583;   2;eor
      131;20150403;   3;    2.6;   5.7;  -999;    -999;   77.96;-999;    7.0;   -0.5;   -3.4;-999;   0.1;   4;    1.383;   0;eor
      131;20150404;   3;    1.8;   5.4;  -999;    -999;   78.46;-999;    7.7;   -2.6;   -4.8;-999;   0.2;   4;    8.333;   0;eor
      131;20150405;   3;    2.0;   5.2;  -999;    -999;   76.54;-999;    8.2;   -3.3;   -5.0;-999;   0.0;   0;    4.800;   0;eor
      131;20150406;   3;    2.5;   5.2;  -999;    -999;   72.42;-999;    8.3;   -1.6;   -3.5;-999;   0.1;   4;    5.183;   0;eor
      131;20150407;   3;    4.8;   5.8;  -999;    -999;   69.13;-999;   11.1;   -2.4;   -4.6;-999;   0.0;   0;   11.800;   0;eor
      131;20150408;   3;    6.4;   7.8;  -999;    -999;   81.58;-999;    7.5;    5.5;    5.3;-999;   0.0;   0;    0.000;   0;eor
      131;20150409;   3;    9.1;   8.5;  -999;    -999;   74.33;-999;   15.5;    5.8;    2.3;-999;   0.0;   0;    8.000;   0;eor
      131;20150410;   3;   11.7;   9.2;  -999;    -999;   69.00;-999;   19.4;    4.5;    1.1;-999;   0.0;   0;   12.117;   0;eor
      131;20150411;   3;   13.5;   8.9;  -999;    -999;   59.29;-999;   19.7;    7.9;    3.9;-999;   0.4;   4;    8.933;   0;eor
      131;20150412;   3;    9.2;   7.0;  -999;    -999;   60.79;-999;   14.4;    2.8;    0.8;-999;   0.0;   0;   11.000;   0;eor
      131;20150413;   3;    8.1;   6.7;  -999;    -999;   61.79;-999;   11.1;    2.8;   -0.8;-999;   0.1;   4;    5.350;   0;eor
      131;20150414;   3;    8.7;   7.2;  -999;    -999;   64.04;-999;   15.2;    0.5;   -2.6;-999;   0.0;   0;    9.483;   0;eor
      131;20150415;   3;   15.1;   8.9;  -999;    -999;   55.04;-999;   21.8;    7.2;    4.1;-999;   0.0;   0;   10.783;   0;eor
      131;20150416;   3;    9.9;   8.9;  -999;    -999;   72.75;-999;   13.2;    6.0;    4.1;-999;   0.3;   4;    3.450;   0;eor
      131;20150417;   3;    5.9;   6.5;  -999;    -999;   70.33;-999;    9.6;    1.2;   -1.6;-999;   0.0;   0;    3.567;   0;eor
      131;20150418;   3;    4.9;   5.8;  -999;    -999;   68.92;-999;    9.8;    1.3;   -2.1;-999;   0.0;   0;    5.650;   0;eor
      131;20150419;   3;    7.1;   5.8;  -999;    -999;   59.25;-999;   14.1;    0.5;   -2.7;-999;   0.0;   0;   12.650;   0;eor
      131;20150420;   3;    9.2;   7.1;  -999;    -999;   62.88;-999;   17.0;    1.2;   -1.6;-999;   0.0;   0;   12.650;   0;eor
      131;20150421;   3;   11.1;   6.7;  -999;    -999;   54.17;-999;   19.5;    1.6;   -1.3;-999;   0.0;   0;   13.350;   0;eor
      131;20150422;   3;    5.5;   7.1;  -999;    -999;   78.58;-999;    9.2;    1.3;   -1.3;-999;   0.0;   0;    1.533;   0;eor
      131;20150423;   3;    8.6;   7.9;  -999;    -999;   72.63;-999;   16.1;    0.0;   -2.4;-999;   0.0;   0;   13.217;   0;eor
      131;20150424;   3;   12.1;   8.0;  -999;    -999;   59.33;-999;   18.8;    4.7;    1.1;-999;   0.0;   0;   12.767;   0;eor
      131;20150425;   3;   13.8;   9.1;  -999;    -999;   58.79;-999;   20.4;    7.2;    2.0;-999;   0.0;   0;    7.017;   0;eor
      131;20150426;   3;   13.8;  12.0;  -999;    -999;   76.58;-999;   19.2;   10.0;    7.2;-999;   0.4;   4;    6.100;   0;eor
      131;20150427;   3;   12.4;  11.9;  -999;    -999;   83.42;-999;   20.3;    5.9;    6.1;-999;  15.1;   4;    5.217;   0;eor
      131;20150428;   3;    5.0;   7.7;  -999;    -999;   88.42;-999;    9.3;    1.6;   -1.0;-999;  12.2;   4;    1.283;   0;eor
      131;20150429;   3;    7.2;   6.3;  -999;    -999;   65.38;-999;   13.4;   -0.2;   -2.4;-999;   0.0;   0;   10.883;   0;eor
      131;20150430;   3;   10.0;   7.7;  -999;    -999;   64.33;-999;   15.6;    4.9;    2.0;-999;   8.3;   4;    8.117;   0;eor
      131;20150501;   3;    8.4;   7.9;  -999;    -999;   73.08;-999;   13.0;    3.7;    1.5;-999;   0.0;   0;    9.033;-999;eor
      131;20150502;   3;    8.0;   6.9;  -999;    -999;   66.79;-999;   14.2;    1.8;   -0.4;-999;   0.0;   0;   10.450;-999;eor
      131;20150503;   3;   12.2;  10.3;  -999;    -999;   70.83;-999;   18.5;    5.9;    3.3;-999;   2.8;   4;    5.317;-999;eor
      131;20150504;   3;   16.6;  13.4;  -999;    -999;   72.67;-999;   21.6;   13.1;    9.3;-999;   0.0;   4;    7.950;-999;eor
      131;20150505;   3;   18.1;  14.4;  -999;    -999;   69.33;-999;   22.0;   13.5;   11.9;-999;   0.0;   4;    1.183;-999;eor
      131;20150506;   3;   14.7;  10.5;  -999;    -999;   64.13;-999;   19.3;    9.0;    4.5;-999;   0.0;   0;    6.867;-999;eor
      131;20150507;   3;   11.2;   8.6;  -999;    -999;   66.00;-999;   16.9;    6.7;    3.3;-999;   0.0;   0;    9.183;-999;eor
      131;20150508;   3;   13.9;   9.0;  -999;    -999;   58.63;-999;   20.8;    7.4;    3.8;-999;   0.8;   4;    9.950;-999;eor
      131;20150509;   3;   14.5;  12.2;  -999;    -999;   75.08;-999;   19.1;    9.8;    8.6;-999;   8.3;   4;    6.500;-999;eor
      131;20150510;   3;   11.6;   9.7;  -999;    -999;   72.50;-999;   16.5;    5.3;    2.7;-999;   0.0;   0;   10.567;-999;eor
      131;20150511;   3;   13.8;   9.3;  -999;    -999;   61.79;-999;   22.1;    4.6;    2.3;-999;   0.0;   0;   12.683;-999;eor
      131;20150512;   3;   17.8;  12.3;  -999;    -999;   62.67;-999;   25.9;    9.9;    6.4;-999;   5.7;   4;    9.250;-999;eor
      131;20150513;   3;   12.3;   9.7;  -999;    -999;   70.75;-999;   18.4;    6.3;    4.2;-999;   0.1;   4;   12.850;-999;eor
      131;20150514;   3;    9.2;   8.7;  -999;    -999;   75.33;-999;   14.0;    4.5;    1.8;-999;   0.0;   0;    6.700;-999;eor
      131;20150515;   3;   10.9;   8.5;  -999;    -999;   67.33;-999;   18.3;    2.7;    0.8;-999;   0.0;   0;   14.050;-999;eor
      131;20150516;   3;   11.2;   9.3;  -999;    -999;   71.71;-999;   18.1;    4.7;    1.9;-999;   0.5;   4;    9.017;-999;eor
      131;20150517;   3;   10.2;   8.2;  -999;    -999;   66.63;-999;   14.5;    6.2;    2.9;-999;   0.0;   0;    7.617;-999;eor
      131;20150518;   3;   14.1;   9.4;  -999;    -999;   60.08;-999;   20.7;    5.0;    1.9;-999;   0.0;   0;   12.267;-999;eor
      131;20150519;   3;   14.2;   9.5;  -999;    -999;   59.38;-999;   19.5;    9.8;    6.1;-999;   0.0;   0;    5.633;-999;eor
      131;20150520;   3;   11.3;   9.2;  -999;    -999;   69.08;-999;   14.4;    8.7;    7.4;-999;   0.0;   4;    0.000;-999;eor
      131;20150521;   3;   10.1;   8.7;  -999;    -999;   71.88;-999;   16.1;    4.7;    2.2;-999;   0.0;   0;    6.367;-999;eor
      131;20150522;   3;   11.3;   8.2;  -999;    -999;   64.00;-999;   18.1;    3.5;    0.4;-999;   0.0;   0;   11.933;-999;eor
      131;20150523;   3;   13.0;  10.5;  -999;    -999;   70.63;-999;   19.3;    6.4;    3.5;-999;   0.0;   0;    1.817;-999;eor
      131;20150524;   3;   13.5;  11.5;  -999;    -999;   75.17;-999;   19.3;   10.2;    7.0;-999;   0.0;   0;    5.833;-999;eor
      131;20150525;   3;   13.4;  12.6;  -999;    -999;   81.88;-999;   17.1;    9.9;    6.8;-999;   0.4;   4;    1.033;-999;eor
      131;20150526;   3;   10.9;   9.4;  -999;    -999;   72.42;-999;   14.6;    8.2;    7.7;-999;   0.0;   0;    3.667;-999;eor
      131;20150527;   3;    9.0;   8.9;  -999;    -999;   77.33;-999;   12.1;    6.4;    3.7;-999;   0.0;   0;    0.217;-999;eor
      131;20150528;   3;   12.5;   9.2;  -999;    -999;   65.63;-999;   19.3;    4.6;    1.3;-999;   0.6;   4;   10.017;-999;eor
      131;20150529;   3;   14.2;  11.0;  -999;    -999;   69.88;-999;   20.1;    8.6;    6.9;-999;   2.5;   4;    8.867;-999;eor
      131;20150530;   3;   11.1;   9.3;  -999;    -999;   71.21;-999;   16.7;    4.8;    1.7;-999;   0.0;   0;    5.083;-999;eor
      131;20150531;   3;   13.4;   9.1;  -999;    -999;   61.83;-999;   20.1;    3.7;    0.9;-999;   0.0;   0;   13.000;-999;eor
      131;20150601;   3;   13.3;  12.6;  -999;    -999;   83.63;-999;   19.0;    8.6;    6.6;-999;   1.9;   4;    0.350;-999;eor
      131;20150602;   3;   17.0;  11.7;  -999;    -999;   64.00;-999;   24.0;    9.6;    7.2;-999;   0.0;   0;   12.883;-999;eor
      131;20150603;   3;   19.3;  12.5;  -999;    -999;   56.04;-999;   26.6;   10.0;    7.7;-999;   0.0;   0;   13.017;-999;eor
      131;20150604;   3;   15.4;  10.3;  -999;    -999;   61.92;-999;   22.5;    7.8;    5.7;-999;   0.0;   0;   14.550;-999;eor
      131;20150605;   3;   20.6;  12.8;  -999;    -999;   53.71;-999;   29.3;   11.2;    8.5;-999;   0.0;   0;   15.017;-999;eor
      131;20150606;   3;   23.3;  15.9;  -999;    -999;   56.42;-999;   31.1;   16.2;   12.2;-999;   2.2;   4;   13.850;-999;eor
      131;20150607;   3;   16.3;  14.4;  -999;    -999;   78.13;-999;   20.2;   10.7;    8.8;-999;   0.0;   0;    3.483;-999;eor
      131;20150608;   3;   13.1;  12.7;  -999;    -999;   84.75;-999;   19.3;    9.3;    7.3;-999;  13.5;   4;    5.867;-999;eor
      131;20150609;   3;   10.6;  11.7;  -999;    -999;   91.33;-999;   13.3;    8.3;    8.5;-999;   0.0;   0;    0.000;-999;eor
      131;20150610;   3;   14.3;  11.9;  -999;    -999;   74.75;-999;   20.3;   10.3;    8.1;-999;   0.0;   0;    9.300;-999;eor
      131;20150611;   3;   16.0;  12.9;  -999;    -999;   71.92;-999;   20.9;   11.5;    9.8;-999;   7.0;   4;    4.517;-999;eor
      131;20150612;   3;   19.3;  17.1;  -999;    -999;   77.21;-999;   26.7;   11.9;   11.8;-999;   0.0;   0;   11.500;-999;eor
      131;20150613;   3;   20.1;  19.5;  -999;    -999;   83.38;-999;   28.6;   14.8;   12.6;-999;   5.4;   4;    5.350;-999;eor
      131;20150614;   3;   18.6;  15.4;  -999;    -999;   74.50;-999;   24.6;   13.3;   11.3;-999;   0.0;   0;   13.900;-999;eor
      131;20150615;   3;   13.9;  11.9;  -999;    -999;   76.54;-999;   20.1;    7.9;    5.5;-999;   0.2;   4;    6.133;-999;eor
      131;20150616;   3;   12.0;   9.2;  -999;    -999;   67.17;-999;   17.6;    6.2;    4.7;-999;   0.0;   0;    7.017;-999;eor
      131;20150617;   3;   12.7;   9.6;  -999;    -999;   67.42;-999;   18.5;    6.0;    4.3;-999;   1.4;   4;   11.000;-999;eor
      131;20150618;   3;   13.3;  13.8;  -999;    -999;   90.29;-999;   17.9;   10.6;   10.4;-999;   9.3;   4;    0.317;-999;eor
      131;20150619;   3;   11.0;  10.8;  -999;    -999;   82.83;-999;   14.9;    8.7;    8.8;-999;   2.9;   4;    2.017;-999;eor
      131;20150620;   3;   10.7;  11.6;  -999;    -999;   90.38;-999;   15.5;    8.9;    9.1;-999;   6.0;   4;    2.183;-999;eor
      131;20150621;   3;   12.8;  11.6;  -999;    -999;   79.38;-999;   17.0;    9.7;    9.4;-999;   0.9;   4;    2.417;-999;eor
      131;20150622;   3;   12.8;  13.0;  -999;    -999;   87.83;-999;   17.4;   10.0;    9.6;-999;  14.0;   4;    2.117;-999;eor
      131;20150623;   3;   10.8;  11.1;  -999;    -999;   85.92;-999;   14.9;    8.0;    6.7;-999;   0.5;   4;    3.900;-999;eor
      131;20150624;   3;   11.3;  11.2;  -999;    -999;   84.21;-999;   15.5;    8.4;    6.2;-999;   0.0;   0;    2.817;-999;eor
      131;20150625;   3;   15.3;  11.9;  -999;    -999;   71.25;-999;   22.5;    8.0;    5.3;-999;   0.0;   0;   12.117;-999;eor
      131;20150626;   3;   17.6;  14.3;  -999;    -999;   72.17;-999;   23.6;   10.9;    8.2;-999;   0.0;   4;    2.267;-999;eor
      131;20150627;   3;   17.1;  16.2;  -999;    -999;   82.83;-999;   20.4;   14.1;   13.1;-999;   0.3;   4;    1.317;-999;eor
      131;20150628;   3;   15.8;  12.4;  -999;    -999;   70.63;-999;   21.8;   10.2;    8.5;-999;   0.2;   4;   11.267;-999;eor
      131;20150629;   3;   18.2;  14.6;  -999;    -999;   71.17;-999;   25.9;   12.7;   12.5;-999;   0.0;   0;    6.600;-999;eor
      131;20150630;   3;   19.2;  15.0;  -999;    -999;   69.04;-999;   25.6;   13.7;   10.7;-999;   0.0;   0;   10.167;-999;eor
      131;20150701;   3;   20.6;  14.1;  -999;    -999;   60.00;-999;   27.6;   12.6;    9.7;-999;   0.0;   0;   14.967;-999;eor
      131;20150702;   3;   23.1;  16.5;  -999;    -999;   59.25;-999;   30.0;   15.9;   13.0;-999;   0.0;   0;   15.067;-999;eor
      131;20150703;   3;   25.6;  18.2;  -999;    -999;   56.17;-999;   33.3;   17.8;   13.7;-999;   0.0;   0;   13.817;-999;eor
      131;20150704;   3;   28.0;  18.8;  -999;    -999;   51.25;-999;   35.0;   20.6;   16.5;-999;   0.0;   4;   14.267;-999;eor
      131;20150705;   3;   27.2;  20.5;  -999;    -999;   58.13;-999;   34.8;   19.5;   18.8;-999;   8.1;   4;   12.800;-999;eor
      131;20150706;   3;   20.0;  17.5;  -999;    -999;   76.71;-999;   25.3;   14.4;   12.3;-999;   0.1;   4;    8.483;-999;eor
      131;20150707;   3;   23.0;  17.2;  -999;    -999;   65.25;-999;   32.1;   13.8;   11.6;-999;   4.6;   4;   13.533;-999;eor
      131;20150708;   3;   18.3;  14.1;  -999;    -999;   67.46;-999;   21.2;   15.4;   13.7;-999;   0.3;   4;    7.550;-999;eor
      131;20150709;   3;   14.1;  11.4;  -999;    -999;   71.46;-999;   18.0;   10.0;    7.8;-999;   4.8;   4;    4.767;-999;eor
      131;20150710;   3;   12.6;   9.7;  -999;    -999;   68.25;-999;   18.2;    7.7;    6.1;-999;   0.0;   0;   10.250;-999;eor
      131;20150711;   3;   16.1;  11.2;  -999;    -999;   64.13;-999;   24.3;    7.2;    5.3;-999;   0.0;   0;   11.400;-999;eor
      131;20150712;   3;   17.7;  15.0;  -999;    -999;   75.71;-999;   25.7;   11.8;    9.6;-999;   2.7;   4;    6.183;-999;eor
      131;20150713;   3;   15.9;  15.9;  -999;    -999;   88.50;-999;   19.1;   13.4;   13.3;-999;   4.2;   4;    0.517;-999;eor
      131;20150714;   3;   17.6;  17.9;  -999;    -999;   89.33;-999;   21.8;   15.1;   14.9;-999;  11.6;   4;    2.283;-999;eor
      131;20150715;   3;   18.4;  16.0;  -999;    -999;   77.58;-999;   23.9;   15.0;   13.7;-999;   1.3;   4;    7.883;-999;eor
      131;20150716;   3;   20.8;  17.4;  -999;    -999;   72.88;-999;   27.8;   15.3;   13.8;-999;   0.0;   0;   11.517;-999;eor
      131;20150717;   3;   24.6;  18.8;  -999;    -999;   63.13;-999;   31.7;   16.3;   13.7;-999;   1.8;   4;    8.417;-999;eor
      131;20150718;   3;   23.0;  19.3;  -999;    -999;   70.29;-999;   29.3;   17.3;   16.4;-999;   3.7;   4;    7.400;-999;eor
      131;20150719;   3;   20.5;  20.0;  -999;    -999;   84.88;-999;   28.5;   15.5;   14.0;-999;  12.9;   4;    4.833;-999;eor
      131;20150720;   3;   19.4;  17.0;  -999;    -999;   76.50;-999;   24.5;   12.8;   11.3;-999;   0.6;   4;    6.917;-999;eor
      131;20150721;   3;   23.1;  20.0;  -999;    -999;   72.67;-999;   29.3;   18.2;   16.2;-999;   0.0;   0;    8.450;-999;eor
      131;20150722;   3;   24.2;  19.9;  -999;    -999;   68.83;-999;   32.9;   16.9;   14.8;-999;   7.3;   4;   10.883;-999;eor
      131;20150723;   3;   19.4;  17.1;  -999;    -999;   77.29;-999;   24.0;   14.7;   13.0;-999;   0.0;   0;    4.367;-999;eor
      131;20150724;   3;   20.9;  16.6;  -999;    -999;   69.00;-999;   27.0;   14.2;   12.7;-999;   3.6;   4;   10.200;-999;eor
      131;20150725;   3;   20.1;  14.9;  -999;    -999;   63.92;-999;   25.6;   13.9;   12.8;-999;   0.0;   0;    5.600;-999;eor
      131;20150726;   3;   15.5;   9.7;  -999;    -999;   56.38;-999;   20.8;   12.3;    9.6;-999;   0.1;   4;    9.900;-999;eor
      131;20150727;   3;   15.9;  14.2;  -999;    -999;   77.83;-999;   20.2;   13.0;   11.8;-999;   4.9;   4;    1.183;-999;eor
      131;20150728;   3;   16.6;  11.4;  -999;    -999;   62.42;-999;   21.0;   12.9;   11.9;-999;   0.0;   0;    6.583;-999;eor
      131;20150729;   3;   14.5;  11.1;  -999;    -999;   68.38;-999;   19.9;   10.6;    8.6;-999;   0.5;   4;    4.100;-999;eor
      131;20150730;   3;   14.5;   9.9;  -999;    -999;   61.46;-999;   20.3;    9.3;    6.6;-999;   0.0;   0;    7.450;-999;eor
      131;20150731;   3;   13.4;  10.1;  -999;    -999;   68.58;-999;   19.8;    7.3;    5.1;-999;   0.0;   0;   10.283;-999;eor
      131;20150801;   3;   17.5;  11.2;  -999;    -999;   59.46;-999;   26.4;    8.9;    6.6;-999;   0.0;   0;    6.850;-999;eor
      131;20150802;   3;   20.7;  12.9;  -999;    -999;   55.25;-999;   28.7;   14.6;   11.3;-999;   0.0;   0;    8.250;-999;eor
      131;20150803;   3;   23.1;  15.3;  -999;    -999;   57.42;-999;   30.5;   15.0;   11.4;-999;   0.0;   0;   12.533;-999;eor
      131;20150804;   3;   24.8;  16.4;  -999;    -999;   56.42;-999;   32.8;   16.8;   14.0;-999;   1.7;   4;   11.700;-999;eor
      131;20150805;   3;   19.0;  15.6;  -999;    -999;   73.58;-999;   25.4;   15.1;   13.3;-999;   0.0;   0;    8.617;-999;eor
      131;20150806;   3;   25.7;  15.2;  -999;    -999;   50.17;-999;   34.1;   16.7;   13.4;-999;   0.0;   0;   13.183;-999;eor
      131;20150807;   3;   29.1;  14.4;  -999;    -999;   38.13;-999;   37.1;   20.7;   16.4;-999;   0.0;   0;    9.417;-999;eor
      131;20150808;   3;   25.8;  18.1;  -999;    -999;   55.50;-999;   31.8;   19.5;   17.9;-999;   0.0;   0;   11.050;-999;eor
      131;20150809;   3;   22.2;  18.8;  -999;    -999;   72.00;-999;   29.0;   16.1;   14.3;-999;   0.0;   0;    9.250;-999;eor
      131;20150810;   3;   25.7;  18.8;  -999;    -999;   60.63;-999;   35.3;   17.6;   17.1;-999;   0.0;   0;   12.117;-999;eor
      131;20150811;   3;   24.7;  18.7;  -999;    -999;   61.25;-999;   31.0;   18.9;   15.6;-999;   0.0;   0;   13.067;-999;eor
      131;20150812;   3;   22.9;  19.0;  -999;    -999;   70.54;-999;   30.1;   16.2;   14.6;-999;   0.0;   0;    9.283;-999;eor
      131;20150813;   3;   23.8;  19.9;  -999;    -999;   69.88;-999;   31.8;   17.3;   16.6;-999;   0.0;   0;    9.417;-999;eor
      131;20150814;   3;   25.4;  17.6;  -999;    -999;   58.88;-999;   35.7;   19.1;   18.0;-999;   9.0;   4;    9.783;-999;eor
      131;20150815;   3;   21.1;  20.3;  -999;    -999;   82.25;-999;   27.1;   16.6;   14.7;-999;   0.0;   0;    8.183;-999;eor
      131;20150816;   3;   19.1;  20.8;  -999;    -999;   94.17;-999;   22.7;   15.4;   13.9;-999;   3.1;   4;    1.033;-999;eor
      131;20150817;   3;   17.0;  19.0;  -999;    -999;   97.71;-999;   18.8;   14.1;   14.1;-999;  38.0;   4;    0.400;-999;eor
      131;20150818;   3;   14.2;  16.0;  -999;    -999;   98.71;-999;   15.0;   13.5;   13.6;-999;  20.9;   4;    0.000;-999;eor
      131;20150819;   3;   14.2;  15.9;  -999;    -999;   97.58;-999;   15.4;   13.4;   13.5;-999;   2.8;   4;    0.000;-999;eor
      131;20150820;   3;   17.0;  14.9;  -999;    -999;   79.21;-999;   22.6;   12.5;   10.5;-999;   0.0;   0;    8.650;-999;eor
      131;20150821;   3;   17.0;  13.0;  -999;    -999;   71.25;-999;   24.6;   11.4;   10.0;-999;   0.0;   0;   10.217;-999;eor
      131;20150822;   3;   17.5;  11.3;  -999;    -999;   60.00;-999;   24.9;    9.9;    7.9;-999;   0.0;   0;     -999;-999;eor
      131;20150823;   3;   17.8;  12.3;  -999;    -999;   61.88;-999;   24.1;   10.1;    8.0;-999;   4.2;   4;   11.433;-999;eor
      131;20150824;   3;   20.2;  17.9;  -999;    -999;   76.96;-999;   26.0;   15.3;   14.9;-999;   8.5;   4;    7.717;-999;eor
      131;20150825;   3;   15.6;  13.7;  -999;    -999;   77.21;-999;   18.8;   11.1;    8.4;-999;   0.0;   0;    2.750;-999;eor
      131;20150826;   3;   18.4;  12.3;  -999;    -999;   61.13;-999;   25.9;   10.5;    8.0;-999;   0.0;   0;   10.500;-999;eor
      131;20150827;   3;   22.2;  13.9;  -999;    -999;   52.71;-999;   29.0;   14.6;   10.3;-999;   1.0;   4;    8.633;-999;eor
      131;20150828;   3;   16.2;  17.6;  -999;    -999;   95.75;-999;   17.8;   13.8;   12.4;-999;   1.3;   4;    0.000;-999;eor
      131;20150829;   3;   18.5;  17.3;  -999;    -999;   82.83;-999;   25.1;   11.9;   10.7;-999;   0.0;   0;    8.083;-999;eor
      131;20150830;   3;   25.1;  21.0;  -999;    -999;   67.67;-999;   33.2;   17.3;   15.0;-999;   0.0;   0;    9.450;-999;eor
      131;20150831;   3;   26.4;  21.2;  -999;    -999;   63.83;-999;   34.2;   19.7;   16.6;-999;   0.1;   4;   10.450;-999;eor
      131;20150901;   3;   21.0;  18.5;  -999;    -999;   75.92;-999;   30.1;   13.4;   13.1;-999;   3.2;   4;    8.217;-999;eor
      131;20150902;   3;   14.9;  12.9;  -999;    -999;   77.83;-999;   19.9;   11.7;    9.9;-999;   0.0;   0;    7.033;-999;eor
      131;20150903;   3;   13.4;  14.1;  -999;    -999;   91.08;-999;   15.3;   10.5;    8.7;-999;   5.4;   4;    0.250;-999;eor
      131;20150904;   3;   13.0;  12.2;  -999;    -999;   82.79;-999;   19.0;    9.0;    6.1;-999;   0.1;   4;    5.083;-999;eor
      131;20150905;   3;   12.3;  11.2;  -999;    -999;   78.13;-999;   17.5;    8.2;    5.8;-999;   3.1;   4;    3.600;-999;eor
      131;20150906;   3;   10.8;  11.0;  -999;    -999;   85.13;-999;   13.7;    8.7;    7.5;-999;   2.8;   4;    0.050;-999;eor
      131;20150907;   3;   11.0;  10.9;  -999;    -999;   84.63;-999;   17.0;    6.3;    4.2;-999;   2.9;   4;    4.150;-999;eor
      131;20150908;   3;   11.6;  11.1;  -999;    -999;   81.96;-999;   17.7;    5.4;    3.5;-999;   0.0;   0;    5.667;-999;eor
      131;20150909;   3;   12.1;  11.2;  -999;    -999;   81.00;-999;   17.8;    8.0;    5.5;-999;   0.0;   0;    8.733;-999;eor
      131;20150910;   3;   10.9;  11.7;  -999;    -999;   90.58;-999;   17.3;    8.1;    5.4;-999;   0.9;   4;    4.483;-999;eor
      131;20150911;   3;   12.3;  12.5;  -999;    -999;   87.46;-999;   18.7;    7.0;    6.6;-999;   0.0;   0;    9.183;-999;eor
      131;20150912;   3;   16.7;  13.7;  -999;    -999;   73.67;-999;   23.6;   10.1;    7.2;-999;   0.0;   0;   10.017;-999;eor
      131;20150913;   3;   19.2;  15.0;  -999;    -999;   67.67;-999;   24.7;   15.1;   12.9;-999;   0.0;   0;    7.217;-999;eor
      131;20150914;   3;   16.4;  15.1;  -999;    -999;   81.00;-999;   19.0;   13.3;   11.3;-999;   2.9;   4;    1.750;-999;eor
      131;20150915;   3;   15.0;  11.9;  -999;    -999;   70.13;-999;   19.4;   10.1;    6.9;-999;   0.0;   0;    2.417;-999;eor
      131;20150916;   3;   17.4;  14.0;  -999;    -999;   70.00;-999;   21.8;   11.2;    6.9;-999;   0.1;   4;    0.967;-999;eor
      131;20150917;   3;   18.1;  15.0;  -999;    -999;   73.96;-999;   25.8;   12.7;   10.8;-999;   2.8;   4;    6.317;-999;eor
      131;20150918;   3;   14.3;  12.7;  -999;    -999;   79.04;-999;   19.4;   11.4;    8.9;-999;   0.0;   0;    4.933;-999;eor
      131;20150919;   3;   13.8;  13.1;  -999;    -999;   84.79;-999;   20.5;    9.4;    5.5;-999;   2.4;   4;    6.633;-999;eor
      131;20150920;   3;   11.6;  12.3;  -999;    -999;   90.58;-999;   15.2;    9.9;    8.3;-999;   5.5;   4;    3.417;-999;eor
      131;20150921;   3;   11.9;  12.5;  -999;    -999;   90.13;-999;   16.7;    9.7;    7.7;-999;   0.0;   0;    1.800;-999;eor
      131;20150922;   3;   13.5;  11.8;  -999;    -999;   76.83;-999;   18.3;   10.2;    7.8;-999;   0.8;   4;    4.067;-999;eor
      131;20150923;   3;   11.7;  11.5;  -999;    -999;   84.04;-999;   15.2;    8.3;    3.9;-999;   0.0;   0;    0.533;-999;eor
      131;20150924;   3;   12.0;  11.2;  -999;    -999;   81.17;-999;   17.7;    7.3;    3.1;-999;   0.0;   0;    8.450;-999;eor
      131;20150925;   3;   12.2;  12.2;  -999;    -999;   85.63;-999;   16.6;    7.6;    3.2;-999;   0.0;   0;    4.933;-999;eor
      131;20150926;   3;   10.9;  11.5;  -999;    -999;   87.88;-999;   15.5;    6.9;    3.1;-999;   0.0;   4;    0.817;-999;eor
      131;20150927;   3;    9.5;   9.9;  -999;    -999;   84.08;-999;   15.4;    4.4;    0.7;-999;   0.0;   0;    5.233;-999;eor
      131;20150928;   3;    9.8;   9.5;  -999;    -999;   80.21;-999;   16.4;    4.4;    0.3;-999;   0.0;   0;    8.483;-999;eor
      131;20150929;   3;    8.6;   9.6;  -999;    -999;   87.00;-999;   15.6;    5.0;    0.8;-999;   0.0;   0;    4.333;-999;eor
      131;20150930;   3;    8.3;   8.5;  -999;    -999;   80.38;-999;   15.3;    3.2;   -1.1;-999;   0.0;   0;    6.517;-999;eor
      131;20151001;   3;    7.9;   7.5;  -999;    -999;   72.75;-999;   15.2;    2.4;   -1.5;-999;   0.0;   0;   10.067;   0;eor
      131;20151002;   3;   10.9;   8.5;  -999;    -999;   67.04;-999;   19.1;    3.8;   -1.2;-999;   0.0;   0;   10.083;   0;eor
      131;20151003;   3;   13.5;  11.2;  -999;    -999;   72.67;-999;   21.6;    7.3;    2.9;-999;   0.0;   0;    7.983;   0;eor
      131;20151004;   3;   13.6;  12.3;  -999;    -999;   79.42;-999;   18.6;    9.1;    4.3;-999;   0.0;   0;    5.600;   0;eor
      131;20151005;   3;   13.5;  12.3;  -999;    -999;   80.88;-999;   20.4;    7.4;    3.4;-999;   0.0;   0;    8.483;   0;eor
      131;20151006;   3;   14.0;  13.6;  -999;    -999;   85.08;-999;   18.7;   11.3;    6.2;-999;   3.1;   4;    0.550;   0;eor
      131;20151007;   3;   14.3;  15.9;  -999;    -999;   96.96;-999;   16.5;   13.1;   12.3;-999;   8.9;   4;    0.000;   0;eor
      131;20151008;   3;   12.1;  14.0;  -999;    -999;   99.00;-999;   13.5;    9.4;    9.9;-999;   1.6;   4;    0.000;   0;eor
      131;20151009;   3;    8.8;  10.7;  -999;    -999;   93.75;-999;   12.7;    3.9;    2.6;-999;   0.1;   4;    0.500;   0;eor
      131;20151010;   3;    5.1;   6.6;  -999;    -999;   76.08;-999;   10.4;    1.6;   -0.3;-999;   0.0;   0;    6.717;   0;eor
      131;20151011;   3;    3.1;   5.1;  -999;    -999;   68.67;-999;    8.6;   -1.2;   -3.5;-999;   0.0;   0;    9.783;   0;eor
      131;20151012;   3;    1.9;   5.5;  -999;    -999;   78.79;-999;    8.5;   -3.1;   -5.5;-999;   0.0;   0;    9.433;   0;eor
      131;20151013;   3;    1.9;   6.2;  -999;    -999;   88.92;-999;    5.6;   -0.9;   -2.8;-999;   5.5;   4;    1.150;   0;eor
      131;20151014;   3;    1.2;   6.5;  -999;    -999;   96.83;-999;    2.5;    0.1;    0.0;-999;   7.9;   4;    0.000;   4;eor
      131;20151015;   3;    4.5;   8.5;  -999;    -999;  100.00;-999;    6.7;    1.7;    2.0;-999;  10.4;   4;    0.000;   0;eor
      131;20151016;   3;    6.0;   9.3;  -999;    -999;   99.71;-999;    6.6;    5.2;    5.4;-999;   5.2;   4;    0.000;   0;eor
      131;20151017;   3;    6.3;   9.4;  -999;    -999;   98.58;-999;    7.2;    5.5;    4.9;-999;   0.0;   4;    0.000;   0;eor
      131;20151018;   3;    6.4;   9.2;  -999;    -999;   95.67;-999;    8.7;    5.2;    4.6;-999;   0.0;   0;    0.000;   0;eor
      131;20151019;   3;    5.5;   8.8;  -999;    -999;   96.67;-999;    7.6;    2.8;   -0.2;-999;   0.1;   4;    0.000;   0;eor
      131;20151020;   3;    6.5;   9.6;  -999;    -999;   99.17;-999;    8.0;    4.6;    4.7;-999;   4.4;   4;    0.000;   0;eor
      131;20151021;   3;    7.3;   9.7;  -999;    -999;   94.88;-999;    8.6;    6.5;    3.8;-999;   0.0;   0;    0.000;   0;eor
      131;20151022;   3;    8.0;   9.7;  -999;    -999;   90.54;-999;   10.8;    4.5;    0.5;-999;   0.4;   4;    0.750;   0;eor
      131;20151023;   3;    8.8;  10.0;  -999;    -999;   88.42;-999;   12.6;    3.7;    0.2;-999;   0.0;   0;    3.817;   0;eor
      131;20151024;   3;    8.1;   9.3;  -999;    -999;   86.42;-999;   16.2;    2.3;   -0.8;-999;   0.0;   0;    9.183;   0;eor
      131;20151025;   3;    9.4;  11.0;  -999;    -999;   92.67;-999;   12.1;    7.2;    5.3;-999;   0.4;   4;    1.017;   0;eor
      131;20151026;   3;    8.4;  10.3;  -999;    -999;   93.71;-999;   13.6;    5.4;    3.0;-999;   0.0;   0;    5.183;   0;eor
      131;20151027;   3;    8.4;   9.4;  -999;    -999;   85.67;-999;   13.8;    4.2;    0.7;-999;   0.0;   0;    8.583;   0;eor
      131;20151028;   3;    6.9;   8.8;  -999;    -999;   88.33;-999;   12.3;    3.4;   -0.3;-999;   0.0;   0;    8.750;   0;eor
      131;20151029;   3;    6.6;   9.4;  -999;    -999;   96.08;-999;    8.7;    3.4;    0.3;-999;   0.0;   0;    0.000;   0;eor
      131;20151030;   3;    7.7;  10.2;  -999;    -999;   96.67;-999;    9.6;    5.4;    2.4;-999;   0.0;   0;    0.000;   0;eor
      131;20151031;   3;    9.1;   8.4;  -999;    -999;   74.88;-999;   17.1;    3.6;    0.1;-999;   0.0;   0;    8.867;   0;eor
      131;20151101;   3;    9.5;   8.2;  -999;    -999;   69.42;-999;   16.5;    5.7;    1.6;-999;   0.0;   0;    9.233;   0;eor
      131;20151102;   3;    7.5;   6.8;  -999;    -999;   66.46;-999;   16.7;    1.6;   -2.5;-999;   0.0;   0;    9.067;   0;eor
      131;20151103;   3;    6.6;   6.7;  -999;    -999;   70.38;-999;   15.8;    1.1;   -3.9;-999;   0.0;   0;    8.700;   0;eor
      131;20151104;   3;    8.6;   8.7;  -999;    -999;   76.58;-999;   13.6;    2.7;   -1.2;-999;   0.0;   0;    1.967;   0;eor
      131;20151105;   3;   11.5;  11.2;  -999;    -999;   83.17;-999;   16.6;    8.3;    4.1;-999;   0.0;   0;    3.050;   0;eor
      131;20151106;   3;   12.2;  11.8;  -999;    -999;   83.00;-999;   15.9;    8.5;    5.1;-999;   4.6;   4;    0.050;   0;eor
      131;20151107;   3;   14.6;  15.2;  -999;    -999;   91.21;-999;   17.9;   11.7;   10.1;-999;   0.0;   0;    0.950;   0;eor
      131;20151108;   3;   12.7;  12.0;  -999;    -999;   81.08;-999;   16.3;    8.0;    4.5;-999;   0.4;   4;    6.067;   0;eor
      131;20151109;   3;   13.9;  12.6;  -999;    -999;   79.17;-999;   17.5;    9.5;    7.1;-999;   0.3;   4;    2.117;   0;eor
      131;20151110;   3;   13.8;  12.4;  -999;    -999;   78.17;-999;   15.3;   12.7;   11.7;-999;   2.8;   4;    0.000;   0;eor
      131;20151111;   3;   12.3;  13.0;  -999;    -999;   90.50;-999;   15.1;    9.3;    7.9;-999;   0.9;   4;    1.300;   0;eor
      131;20151112;   3;   10.4;  10.4;  -999;    -999;   82.21;-999;   12.9;    8.1;    5.9;-999;   0.0;   0;    0.283;   0;eor
      131;20151113;   3;   10.1;  10.0;  -999;    -999;   80.67;-999;   13.4;    6.8;    4.3;-999;   1.6;   4;    2.583;   0;eor
      131;20151114;   3;    5.8;   7.6;  -999;    -999;   81.79;-999;    7.4;    4.3;    2.2;-999;  12.1;   4;    2.100;   0;eor
      131;20151115;   3;    8.9;  11.1;  -999;    -999;   96.17;-999;   11.3;    5.6;    5.3;-999;  24.2;   4;    0.000;   0;eor
      131;20151116;   3;   10.0;  10.9;  -999;    -999;   88.17;-999;   12.2;    7.9;    6.6;-999;   7.9;   4;    2.017;   0;eor
      131;20151117;   3;   10.9;  11.6;  -999;    -999;   88.33;-999;   13.3;    8.3;    7.8;-999;   1.2;   4;    0.667;   0;eor
      131;20151118;   3;   12.0;   9.9;  -999;    -999;   70.50;-999;   14.7;    9.4;    7.2;-999;   1.6;   4;    0.667;   0;eor
      131;20151119;   3;   10.1;  10.1;  -999;    -999;   82.13;-999;   13.5;    6.8;    6.6;-999;  12.2;   4;    1.283;   0;eor
      131;20151120;   3;    5.9;   8.5;  -999;    -999;   91.54;-999;    7.6;    3.3;    1.7;-999;   3.0;   4;    0.000;   0;eor
      131;20151121;   3;    2.8;   6.5;  -999;    -999;   86.75;-999;    4.6;   -0.4;   -2.7;-999;   0.3;   4;    1.233;   0;eor
      131;20151122;   3;    0.3;   5.7;  -999;    -999;   91.33;-999;    3.2;   -1.8;   -3.6;-999;   3.9;   4;    2.617;   0;eor
      131;20151123;   3;   -0.9;   5.6;  -999;    -999;   98.29;-999;    0.1;   -2.6;   -4.5;-999;   0.8;   4;    0.000;   2;eor
      131;20151124;   3;   -0.7;   5.0;  -999;    -999;   85.63;-999;    2.2;   -3.6;   -5.3;-999;   0.0;   0;    7.100;   1;eor
      131;20151125;   3;    1.8;   5.8;  -999;    -999;   83.96;-999;    2.8;    0.3;   -1.1;-999;   0.0;   4;    0.383;   0;eor
      131;20151126;   3;    2.3;   6.8;  -999;    -999;   94.08;-999;    4.1;    0.8;   -0.6;-999;   0.0;   4;    0.000;   0;eor
      131;20151127;   3;    0.9;   6.0;  -999;    -999;   91.13;-999;    4.6;   -2.3;   -4.7;-999;   0.0;   0;    5.133;   0;eor
      131;20151128;   3;    0.0;   5.6;  -999;    -999;   91.75;-999;    1.9;   -2.2;   -4.4;-999;   3.4;   4;    0.667;   0;eor
      131;20151129;   3;    4.5;   7.3;  -999;    -999;   85.79;-999;    9.3;    1.5;   -0.1;-999;   7.9;   4;    0.000;   0;eor
      131;20151130;   3;    6.3;   8.2;  -999;    -999;   85.38;-999;    9.3;    3.9;    3.4;-999;  12.9;   4;    0.233;   0;eor
      131;20151201;   3;    6.1;   8.1;  -999;    -999;   85.29;-999;   10.0;    4.6;    3.4;-999;   0.5;   4;    0.317;   0;eor
      131;20151202;   3;    8.1;   9.4;  -999;    -999;   87.08;-999;    9.2;    5.3;    3.2;-999;   0.0;   0;    0.000;   0;eor
      131;20151203;   3;    5.3;   7.5;  -999;    -999;   83.58;-999;    8.5;    1.6;   -0.7;-999;   0.0;   0;    5.850;   0;eor
      131;20151204;   3;    5.3;   7.3;  -999;    -999;   82.50;-999;    7.8;    1.4;   -1.4;-999;   0.6;   4;    0.233;   0;eor
      131;20151205;   3;    5.8;   7.7;  -999;    -999;   83.08;-999;    8.0;    3.5;    1.0;-999;   0.0;   0;    4.567;   0;eor
      131;20151206;   3;    8.0;   8.2;  -999;    -999;   77.04;-999;    9.5;    6.3;    3.5;-999;   0.0;   0;    5.783;   0;eor
      131;20151207;   3;    9.1;   9.9;  -999;    -999;   85.88;-999;   11.0;    6.3;    2.7;-999;   0.1;   4;    0.200;   0;eor
      131;20151208;   3;    6.7;   8.2;  -999;    -999;   84.13;-999;   14.3;    1.2;   -0.7;-999;   0.0;   0;    7.583;   0;eor
      131;20151209;   3;    4.2;   7.8;  -999;    -999;   93.96;-999;    6.5;    0.9;   -1.8;-999;   3.1;   4;    0.017;   0;eor
      131;20151210;   3;    1.9;   6.1;  -999;    -999;   86.88;-999;    5.8;   -0.8;   -3.7;-999;   0.0;   0;    7.350;   0;eor
      131;20151211;   3;    3.1;   6.1;  -999;    -999;   79.21;-999;    5.2;   -0.4;   -3.1;-999;   1.5;   4;    0.250;   0;eor
      131;20151212;   3;    4.4;   7.2;  -999;    -999;   85.54;-999;    7.1;    2.2;   -0.8;-999;   0.5;   4;    3.650;   0;eor
      131;20151213;   3;    4.8;   7.5;  -999;    -999;   86.00;-999;    9.0;   -1.0;   -3.7;-999;   0.6;   4;    0.950;   0;eor
      131;20151214;   3;    2.2;   6.5;  -999;    -999;   90.38;-999;    5.0;   -1.6;   -3.8;-999;   0.0;   0;    1.567;   0;eor
      131;20151215;   3;    5.1;   7.9;  -999;    -999;   89.75;-999;    6.8;    1.8;   -0.2;-999;   0.0;   0;    0.017;   0;eor
      131;20151216;   3;    6.6;   8.6;  -999;    -999;   88.50;-999;   10.3;    3.3;    1.3;-999;   2.0;   4;    4.583;   0;eor
      131;20151217;   3;   10.1;  11.4;  -999;    -999;   92.13;-999;   12.0;    8.2;    7.5;-999;   0.3;   4;    0.183;   0;eor
      131;20151218;   3;    9.7;  11.4;  -999;    -999;   93.75;-999;   11.2;    6.1;    2.5;-999;   5.6;   4;    0.000;   0;eor
      131;20151219;   3;    8.6;  10.2;  -999;    -999;   91.04;-999;   11.7;    5.8;    3.1;-999;   0.0;   0;    1.583;   0;eor
      131;20151220;   3;    8.7;   9.2;  -999;    -999;   82.13;-999;   14.7;    5.3;    2.1;-999;   0.0;   0;    7.133;   0;eor
      131;20151221;   3;    8.7;   9.4;  -999;    -999;   83.29;-999;   10.4;    7.1;    5.4;-999;   3.0;   4;    0.950;   0;eor
      131;20151222;   3;    9.8;   9.6;  -999;    -999;   79.29;-999;   11.2;    8.2;    6.4;-999;   0.1;   4;    0.317;   0;eor
      131;20151223;   3;    8.6;   8.7;  -999;    -999;   77.83;-999;   10.3;    5.0;    1.9;-999;   0.0;   0;    2.050;   0;eor
      131;20151224;   3;    7.4;   8.6;  -999;    -999;   83.67;-999;   12.1;    2.1;   -1.0;-999;   0.1;   4;    5.700;   0;eor
      131;20151225;   3;    9.5;   9.9;  -999;    -999;   84.04;-999;   11.1;    7.8;    6.4;-999;   1.3;   4;    0.000;   0;eor
      131;20151226;   3;   11.2;  10.3;  -999;    -999;   77.29;-999;   13.8;    8.7;    6.6;-999;   0.0;   0;    6.450;   0;eor
      131;20151227;   3;    9.1;   9.0;  -999;    -999;   77.92;-999;   11.2;    7.5;    5.1;-999;   0.2;   4;    2.950;   0;eor
      131;20151228;   3;    8.4;   9.5;  -999;    -999;   86.29;-999;    9.3;    5.7;    4.8;-999;   0.0;   0;    0.000;   0;eor
      131;20151229;   3;    5.5;   8.0;  -999;    -999;   88.79;-999;    9.0;    2.8;   -0.1;-999;   0.0;   0;    5.333;   0;eor
      131;20151230;   3;    2.0;   5.6;  -999;    -999;   79.17;-999;    4.7;   -0.4;   -2.8;-999;   0.0;   0;    4.683;   0;eor
      131;20151231;   3;    0.4;   4.2;  -999;    -999;   66.54;-999;    3.2;   -3.2;   -5.9;-999;   2.5;   4;    5.350;   0;eor
      131;20160101;   3;    0.6;   6.2;  -999;    -999;   96.08;-999;    4.0;   -2.9;   -4.2;-999;   0.0;   0;    2.933;   0;eor
      131;20160102;   3;   -2.3;   5.0;  -999;    -999;   97.46;-999;    0.0;   -4.9;   -4.6;-999;   0.0;   0;    0.217;   0;eor
      131;20160103;   3;   -4.1;   3.9;  -999;    -999;   86.13;-999;   -2.1;   -5.2;   -6.2;-999;   0.0;   0;    0.100;   0;eor
      131;20160104;   3;   -4.1;   3.9;  -999;    -999;   86.75;-999;   -2.7;   -5.0;   -5.3;-999;   3.5;   4;    0.000;   0;eor
      131;20160105;   3;   -4.4;   4.3;  -999;    -999;   96.75;-999;   -3.2;   -5.1;   -4.9;-999;   0.2;   4;    0.000;   3;eor
      131;20160106;   3;   -5.4;   3.9;  -999;    -999;   96.17;-999;   -4.3;   -6.2;   -5.8;-999;   0.3;   4;    0.000;   3;eor
      131;20160107;   3;   -2.3;   4.8;  -999;    -999;   92.63;-999;    2.7;   -6.1;   -5.8;-999;   0.1;   4;    4.450;   3;eor
      131;20160108;   3;    3.0;   5.7;  -999;    -999;   75.29;-999;    5.5;   -1.0;   -4.6;-999;   0.0;   0;    7.467;   2;eor
      131;20160109;   3;    0.7;   5.2;  -999;    -999;   80.88;-999;    4.9;   -2.1;   -5.6;-999;   0.0;   0;    1.100;   0;eor
      131;20160110;   1;    3.3;   6.8;  -999;    -999;   88.00;-999;    6.5;   -1.3;   -3.6;-999;   7.3;   4;    0.483;   0;eor
      131;20160111;   1;    3.7;   7.4;  -999;    -999;   93.50;-999;    4.8;    2.4;    1.1;-999;   7.2;   4;    0.000;   0;eor
      131;20160112;   1;    3.8;   7.0;  -999;    -999;   87.63;-999;    5.4;    1.7;   -0.3;-999;   0.7;   4;    0.767;   0;eor
      131;20160113;   1;    1.9;   6.3;  -999;    -999;   90.67;-999;    3.4;   -1.3;   -3.4;-999;   5.1;   4;    0.000;   0;eor
      131;20160114;   1;    0.7;   5.5;  -999;    -999;   85.63;-999;    3.5;   -0.6;   -3.4;-999;   2.0;   4;    6.133;   1;eor
      131;20160115;   1;   -0.2;   5.7;  -999;    -999;   94.46;-999;    1.2;   -1.9;   -5.3;-999;   0.1;   4;    0.600;   2;eor
      131;20160116;   1;   -1.7;   5.0;  -999;    -999;   91.79;-999;   -0.5;   -2.9;   -2.9;-999;   2.7;   4;    0.150;   2;eor
      131;20160117;   1;   -2.9;   4.8;  -999;    -999;   96.33;-999;   -1.5;   -6.1;   -5.4;-999;   2.4;   4;    0.000;   4;eor
      131;20160118;   1;   -5.6;   3.8;  -999;    -999;   92.54;-999;   -1.5;   -9.8;  -14.3;-999;   0.0;   0;    3.917;  10;eor
      131;20160119;   1;   -8.2;   2.7;  -999;    -999;   82.29;-999;   -3.7;  -11.4;  -14.4;-999;   0.0;   0;    7.900;   9;eor
      131;20160120;   1;   -3.8;   4.3;  -999;    -999;   92.67;-999;   -2.0;   -6.6;   -6.2;-999;   2.4;   4;    0.000;   5;eor
      131;20160121;   1;   -6.2;   3.5;  -999;    -999;   91.08;-999;   -3.0;  -12.0;   -9.4;-999;   0.0;   0;    0.000;  10;eor
      131;20160122;   1;   -8.0;   2.5;  -999;    -999;   74.58;-999;   -2.0;  -13.0;   -9.9;-999;   1.3;   4;    8.117;   8;eor
      131;20160123;   1;    0.1;   5.8;  -999;    -999;   91.58;-999;    2.8;   -5.6;   -3.5;-999;   3.9;   4;    0.000;  15;eor
      131;20160124;   1;    2.8;   6.7;  -999;    -999;   89.29;-999;    4.2;    1.8;    0.8;-999;   2.3;   4;    0.083;   4;eor
      131;20160125;   1;    5.9;   9.1;  -999;    -999;   97.58;-999;    8.6;    2.8;    2.2;-999;   3.7;   4;    0.000;   0;eor
      131;20160126;   1;    7.9;   9.0;  -999;    -999;   83.50;-999;    9.9;    5.4;    3.0;-999;   0.5;   4;    0.300;   0;eor
      131;20160127;   1;    9.7;   8.4;  -999;    -999;   69.54;-999;   11.7;    7.8;    6.1;-999;   0.0;   0;    0.150;   0;eor
      131;20160128;   1;    7.0;   7.5;  -999;    -999;   74.50;-999;   11.9;    1.1;   -1.6;-999;   0.8;   4;    3.050;   0;eor
      131;20160129;   1;    4.7;   6.1;  -999;    -999;   72.50;-999;    8.5;    0.8;   -1.6;-999;   0.0;   0;    5.750;   0;eor
      131;20160130;   1;    6.3;   7.4;  -999;    -999;   78.00;-999;    7.6;    2.5;    2.1;-999;   2.8;   4;    1.583;   0;eor
      131;20160131;   1;    2.8;   6.1;  -999;    -999;   82.42;-999;    4.5;    0.3;   -1.3;-999;   3.5;   4;    2.367;   0;eor
      131;20160201;   1;    8.2;   9.7;  -999;    -999;   89.71;-999;   11.5;    3.9;    3.6;-999;   4.3;   4;    0.000;   0;eor
      131;20160202;   1;    8.9;   9.5;  -999;    -999;   82.83;-999;   11.3;    5.4;    4.3;-999;   8.6;   4;    0.483;   0;eor
      131;20160203;   1;    3.5;   6.2;  -999;    -999;   78.96;-999;    5.7;    1.1;   -0.7;-999;   0.0;   4;    0.733;   0;eor
      131;20160204;   1;    2.0;   6.1;  -999;    -999;   86.75;-999;    3.8;    1.0;    0.3;-999;   1.9;   4;    0.000;   0;eor
      131;20160205;   1;    2.9;   6.9;  -999;    -999;   91.71;-999;    6.0;    0.8;   -0.1;-999;   2.1;   4;    0.933;   0;eor
      131;20160206;   1;    7.1;   7.7;  -999;    -999;   77.75;-999;   12.0;    2.0;   -0.4;-999;   0.0;   0;    4.933;   0;eor
      131;20160207;   1;    6.2;   6.8;  -999;    -999;   71.96;-999;    8.4;    3.5;    0.8;-999;   0.0;   0;    1.283;   0;eor
      131;20160208;   1;    7.0;   7.1;  -999;    -999;   71.04;-999;   10.9;    4.8;    3.3;-999;   0.6;   4;    0.950;   0;eor
